  -2.3810549274E+001   4.5418761312E-001
  -2.3655935318E+001   4.6597928630E-001
  -2.3501321362E+001   5.0236276763E-001
  -2.3346707405E+001   5.6649098856E-001
  -2.3192093449E+001   6.6377480371E-001
  -2.3037479493E+001   8.0203902713E-001
  -2.2882865536E+001   9.9207633251E-001
  -2.2728251580E+001   1.2474758684E+000
  -2.2573637624E+001   1.5813900054E+000
  -2.2419023667E+001   1.9982352040E+000
  -2.2264409711E+001   2.4798565513E+000
  -2.2109795755E+001   2.9732808828E+000
  -2.1955181798E+001   3.3989855240E+000
  -2.1800567842E+001   3.6902876067E+000
  -2.1645953886E+001   3.8363401808E+000
  -2.1491339929E+001   3.8827713636E+000
  -2.1336725973E+001   3.8883413325E+000
  -2.1182112017E+001   3.8873079759E+000
  -2.1027498060E+001   3.8883949779E+000
  -2.0872884104E+001   3.8858443894E+000
  -2.0718270148E+001   3.8527726205E+000
  -2.0563656191E+001   3.7344198723E+000
  -2.0409042235E+001   3.4769757576E+000
  -2.0254428279E+001   3.0764802063E+000
  -2.0099814323E+001   2.5909089411E+000
  -1.9945200366E+001   2.1011824211E+000
  -1.9790586410E+001   1.6671404428E+000
  -1.9635972454E+001   1.3142672535E+000
  -1.9481358497E+001   1.0426137937E+000
  -1.9326744541E+001   8.3956504920E-001
  -1.9172130585E+001   6.9060454918E-001
  -1.9017516628E+001   5.8485481443E-001
  -1.8862902672E+001   5.1419464469E-001
  -1.8708288716E+001   4.7197748390E-001
  -1.8553674759E+001   4.5454964568E-001
  -1.8399060803E+001   4.6121418444E-001
  -1.8244446847E+001   4.9226299711E-001
  -1.8089832890E+001   5.4964076565E-001
  -1.7935218934E+001   6.3872961883E-001
  -1.7780604978E+001   7.6732041821E-001
  -1.7625991021E+001   9.4485786290E-001
  -1.7471377065E+001   1.1841761912E+000
  -1.7316763109E+001   1.4998135636E+000
  -1.7162149152E+001   1.8991249259E+000
  -1.7007535196E+001   2.3694634734E+000
  -1.6852921240E+001   2.8662460335E+000
  -1.6698307283E+001   3.3142527367E+000
  -1.6543693327E+001   3.6390478993E+000
  -1.6389079371E+001   3.8146380735E+000
  -1.6234465414E+001   3.8776003374E+000
  -1.6079851458E+001   3.8885371833E+000
  -1.5925237502E+001   3.8875955773E+000
  -1.5770623545E+001   3.8878046629E+000
  -1.5616009589E+001   3.8874514804E+000
  -1.5461395633E+001   3.8655076768E+000
  -1.5306781676E+001   3.7714641561E+000
  -1.5152167720E+001   3.5472518239E+000
  -1.4997553764E+001   3.1755621221E+000
  -1.4842939807E+001   2.7021291151E+000
  -1.4688325851E+001   2.2066802676E+000
  -1.4533711895E+001   1.7567889816E+000
  -1.4379097938E+001   1.3855486816E+000
  -1.4224483982E+001   1.0967003007E+000
  -1.4069870026E+001   8.7934529938E-001
  -1.3915256069E+001   7.1951154841E-001
  -1.3760642113E+001   6.0524575696E-001
  -1.3606028157E+001   5.2728547559E-001
  -1.3451414200E+001   4.7897957796E-001
  -1.3296800244E+001   4.5641722543E-001
  -1.3142186288E+001   4.5781384252E-001
  -1.2987572331E+001   4.8304056268E-001
  -1.2832958375E+001   5.3423305077E-001
  -1.2678344419E+001   6.1602101695E-001
  -1.2523730462E+001   7.3501194832E-001
  -1.2369116506E+001   9.0038540388E-001
  -1.2214502550E+001   1.1248600296E+000
  -1.2059888594E+001   1.4226772092E+000
  -1.1905274637E+001   1.8032834172E+000
  -1.1750660681E+001   2.2603281907E+000
  -1.1596046725E+001   2.7572976160E+000
  -1.1441432768E+001   3.2233784364E+000
  -1.1286818812E+001   3.5796809948E+000
  -1.1132204856E+001   3.7872207628E+000
  -1.0977590899E+001   3.8703455256E+000
  -1.0822976943E+001   3.8880825401E+000
  -1.0668362987E+001   3.8875904498E+000
  -1.0513749030E+001   3.8875499311E+000
  -1.0359135074E+001   3.8884261535E+000
  -1.0204521118E+001   3.8742610393E+000
  -1.0049907161E+001   3.8015813975E+000
  -9.8952932049E+000   3.6103898807E+000
  -9.7406792486E+000   3.2696774341E+000
  -9.5860652923E+000   2.8119873154E+000
  -9.4314513359E+000   2.3146255420E+000
  -9.2768373796E+000   1.8508048424E+000
  -9.1222234233E+000   1.4607828639E+000
  -8.9676094670E+000   1.1540464670E+000
  -8.8129955106E+000   9.2231929327E-001
  -8.6583815543E+000   7.5098598657E-001
  -8.5037675980E+000   6.2712501683E-001
  -8.3491536417E+000   5.4168972511E-001
  -8.1945396853E+000   4.8756315857E-001
  -8.0399257290E+000   4.5946143727E-001
  -7.8853117727E+000   4.5533375005E-001
  -7.7306978164E+000   4.7533788826E-001
  -7.5760838600E+000   5.2063006952E-001
  -7.4214699037E+000   5.9481619886E-001
  -7.2668559474E+000   7.0473431433E-001
  -7.1122419910E+000   8.5919040385E-001
  -6.9576280347E+000   1.0693313736E+000
  -6.8030140784E+000   1.3493612499E+000
  -6.6484001221E+000   1.7113955426E+000
  -6.4937861657E+000   2.1536337120E+000
  -6.3391722094E+000   2.6465794644E+000
  -6.1845582531E+000   3.1265100742E+000
  -6.0299442968E+000   3.5130131208E+000
  -5.8753303404E+000   3.7537970980E+000
  -5.7207163841E+000   3.8594522763E+000
  -5.5661024278E+000   3.8865505657E+000
  -5.4114884714E+000   3.8880156404E+000
  -5.2568745151E+000   3.8873942461E+000
  -5.1022605588E+000   3.8883048304E+000
  -4.9476466025E+000   3.8802765011E+000
  -4.7930326461E+000   3.8260823081E+000
  -4.6384186898E+000   3.6655018388E+000
  -4.4838047335E+000   3.3572802154E+000
  -4.3291907772E+000   2.9201092133E+000
  -4.1745768208E+000   2.4246246107E+000
  -4.0199628645E+000   1.9482351139E+000
  -3.8653489082E+000   1.5400035148E+000
  -3.7107349518E+000   1.2153762737E+000
  -3.5561209955E+000   9.6813223904E-001
  -3.4015070392E+000   7.8434886639E-001
  -3.2468930829E+000   6.5102531505E-001
  -3.0922791265E+000   5.5795546296E-001
  -2.9376651702E+000   4.9713177609E-001
  -2.7830512139E+000   4.6334562802E-001
  -2.6284372576E+000   4.5422616298E-001
  -2.4738233012E+000   4.6889178412E-001
  -2.3192093449E+000   5.0807593543E-001
  -2.1645953886E+000   5.7541366902E-001
  -2.0099814323E+000   6.7694896422E-001
  -1.8553674759E+000   8.2043486508E-001
  -1.7007535196E+000   1.0168155996E+000
  -1.5461395633E+000   1.2803707757E+000
  -1.3915256069E+000   1.6238304031E+000
  -1.2369116506E+000   2.0492832595E+000
  -1.0822976943E+000   2.5352467334E+000
  -9.2768373796E-001   3.0253736193E+000
  -7.7306978164E-001   3.4388917523E+000
  -6.1845582531E-001   3.7131675526E+000
  -4.6384186898E-001   3.8450682633E+000
  -3.0922791265E-001   3.8845411893E+000
  -1.5461395633E-001   3.8883049442E+000
   0.0000000000E+000   3.8870868573E+000
   1.5461395633E-001   3.8883049442E+000
   3.0922791265E-001   3.8845411892E+000
   4.6384186898E-001   3.8450682632E+000
   6.1845582531E-001   3.7131675525E+000
   7.7306978164E-001   3.4388917522E+000
   9.2768373796E-001   3.0253736191E+000
   1.0822976943E+000   2.5352467333E+000
   1.2369116506E+000   2.0492832593E+000
   1.3915256069E+000   1.6238304029E+000
   1.5461395633E+000   1.2803707755E+000
   1.7007535196E+000   1.0168155993E+000
   1.8553674759E+000   8.2043486483E-001
   2.0099814323E+000   6.7694896396E-001
   2.1645953886E+000   5.7541366875E-001
   2.3192093449E+000   5.0807593515E-001
   2.4738233012E+000   4.6889178384E-001
   2.6284372576E+000   4.5422616269E-001
   2.7830512139E+000   4.6334562772E-001
   2.9376651702E+000   4.9713177580E-001
   3.0922791265E+000   5.5795546268E-001
   3.2468930829E+000   6.5102531479E-001
   3.4015070392E+000   7.8434886616E-001
   3.5561209955E+000   9.6813223887E-001
   3.7107349518E+000   1.2153762736E+000
   3.8653489082E+000   1.5400035148E+000
   4.0199628645E+000   1.9482351142E+000
   4.1745768208E+000   2.4246246111E+000
   4.3291907772E+000   2.9201092140E+000
   4.4838047335E+000   3.3572802162E+000
   4.6384186898E+000   3.6655018397E+000
   4.7930326461E+000   3.8260823090E+000
   4.9476466025E+000   3.8802765021E+000
   5.1022605588E+000   3.8883048315E+000
   5.2568745151E+000   3.8873942471E+000
   5.4114884714E+000   3.8880156415E+000
   5.5661024278E+000   3.8865505666E+000
   5.7207163841E+000   3.8594522772E+000
   5.8753303404E+000   3.7537970988E+000
   6.0299442968E+000   3.5130131215E+000
   6.1845582531E+000   3.1265100748E+000
   6.3391722094E+000   2.6465794648E+000
   6.4937861657E+000   2.1536337122E+000
   6.6484001221E+000   1.7113955426E+000
   6.8030140784E+000   1.3493612497E+000
   6.9576280347E+000   1.0693313733E+000
   7.1122419910E+000   8.5919040348E-001
   7.2668559474E+000   7.0473431392E-001
   7.4214699037E+000   5.9481619843E-001
   7.5760838600E+000   5.2063006909E-001
   7.7306978164E+000   4.7533788784E-001
   7.8853117727E+000   4.5533374965E-001
   8.0399257290E+000   4.5946143688E-001
   8.1945396853E+000   4.8756315821E-001
   8.3491536417E+000   5.4168972478E-001
   8.5037675980E+000   6.2712501652E-001
   8.6583815543E+000   7.5098598629E-001
   8.8129955106E+000   9.2231929302E-001
   8.9676094670E+000   1.1540464668E+000
   9.1222234233E+000   1.4607828637E+000
   9.2768373796E+000   1.8508048422E+000
   9.4314513359E+000   2.3146255418E+000
   9.5860652923E+000   2.8119873152E+000
   9.7406792486E+000   3.2696774339E+000
   9.8952932049E+000   3.6103898805E+000
   1.0049907161E+001   3.8015813972E+000
   1.0204521118E+001   3.8742610390E+000
   1.0359135074E+001   3.8884261533E+000
   1.0513749030E+001   3.8875499309E+000
   1.0668362987E+001   3.8875904497E+000
   1.0822976943E+001   3.8880825400E+000
   1.0977590899E+001   3.8703455256E+000
   1.1132204856E+001   3.7872207628E+000
   1.1286818812E+001   3.5796809948E+000
   1.1441432768E+001   3.2233784365E+000
   1.1596046725E+001   2.7572976162E+000
   1.1750660681E+001   2.2603281909E+000
   1.1905274637E+001   1.8032834173E+000
   1.2059888594E+001   1.4226772094E+000
   1.2214502550E+001   1.1248600298E+000
   1.2369116506E+001   9.0038540408E-001
   1.2523730462E+001   7.3501194853E-001
   1.2678344419E+001   6.1602101718E-001
   1.2832958375E+001   5.3423305101E-001
   1.2987572331E+001   4.8304056292E-001
   1.3142186288E+001   4.5781384278E-001
   1.3296800244E+001   4.5641722569E-001
   1.3451414200E+001   4.7897957824E-001
   1.3606028157E+001   5.2728547587E-001
   1.3760642113E+001   6.0524575725E-001
   1.3915256069E+001   7.1951154870E-001
   1.4069870026E+001   8.7934529969E-001
   1.4224483982E+001   1.0967003010E+000
   1.4379097938E+001   1.3855486819E+000
   1.4533711895E+001   1.7567889819E+000
   1.4688325851E+001   2.2066802679E+000
   1.4842939807E+001   2.7021291154E+000
   1.4997553764E+001   3.1755621224E+000
   1.5152167720E+001   3.5472518243E+000
   1.5306781676E+001   3.7714641565E+000
   1.5461395633E+001   3.8655076771E+000
   1.5616009589E+001   3.8874514807E+000
   1.5770623545E+001   3.8878046632E+000
   1.5925237502E+001   3.8875955776E+000
   1.6079851458E+001   3.8885371837E+000
   1.6234465414E+001   3.8776003378E+000
   1.6389079371E+001   3.8146380739E+000
   1.6543693327E+001   3.6390478997E+000
   1.6698307283E+001   3.3142527371E+000
   1.6852921240E+001   2.8662460339E+000
   1.7007535196E+001   2.3694634738E+000
   1.7162149152E+001   1.8991249263E+000
   1.7316763109E+001   1.4998135640E+000
   1.7471377065E+001   1.1841761916E+000
   1.7625991021E+001   9.4485786326E-001
   1.7780604978E+001   7.6732041856E-001
   1.7935218934E+001   6.3872961918E-001
   1.8089832890E+001   5.4964076600E-001
   1.8244446847E+001   4.9226299746E-001
   1.8399060803E+001   4.6121418478E-001
   1.8553674759E+001   4.5454964602E-001
   1.8708288716E+001   4.7197748423E-001
   1.8862902672E+001   5.1419464502E-001
   1.9017516628E+001   5.8485481475E-001
   1.9172130585E+001   6.9060454949E-001
   1.9326744541E+001   8.3956504950E-001
   1.9481358497E+001   1.0426137940E+000
   1.9635972454E+001   1.3142672538E+000
   1.9790586410E+001   1.6671404430E+000
   1.9945200366E+001   2.1011824214E+000
   2.0099814323E+001   2.5909089414E+000
   2.0254428279E+001   3.0764802066E+000
   2.0409042235E+001   3.4769757578E+000
   2.0563656191E+001   3.7344198726E+000
   2.0718270148E+001   3.8527726207E+000
   2.0872884104E+001   3.8858443897E+000
   2.1027498060E+001   3.8883949782E+000
   2.1182112017E+001   3.8873079762E+000
   2.1336725973E+001   3.8883413327E+000
   2.1491339929E+001   3.8827713638E+000
   2.1645953886E+001   3.8363401810E+000
   2.1800567842E+001   3.6902876069E+000
   2.1955181798E+001   3.3989855241E+000
   2.2109795755E+001   2.9732808830E+000
   2.2264409711E+001   2.4798565514E+000
   2.2419023667E+001   1.9982352041E+000
   2.2573637624E+001   1.5813900055E+000
   2.2728251580E+001   1.2474758685E+000
   2.2882865536E+001   9.9207633258E-001
   2.3037479493E+001   8.0203902719E-001
   2.3192093449E+001   6.6377480375E-001
   2.3346707405E+001   5.6649098859E-001
   2.3501321362E+001   5.0236276765E-001
   2.3655935318E+001   4.6597928631E-001
