  -2.3810549274E+001   4.5427272572E-001
  -2.3655935318E+001   4.6606443737E-001
  -2.3501321362E+001   5.0244803729E-001
  -2.3346707405E+001   5.6657641210E-001
  -2.3192093449E+001   6.6386033443E-001
  -2.3037479493E+001   8.0212456942E-001
  -2.2882865536E+001   9.9216167383E-001
  -2.2728251580E+001   1.2475605752E+000
  -2.2573637624E+001   1.5814734916E+000
  -2.2419023667E+001   1.9983167657E+000
  -2.2264409711E+001   2.4799352746E+000
  -2.2109795755E+001   2.9733558317E+000
  -2.1955181798E+001   3.3990561694E+000
  -2.1800567842E+001   3.6903539530E+000
  -2.1645953886E+001   3.8364026434E+000
  -2.1491339929E+001   3.8828306302E+000
  -2.1336725973E+001   3.8883978643E+000
  -2.1182112017E+001   3.8873614096E+000
  -2.1027498060E+001   3.8884444557E+000
  -2.0872884104E+001   3.8858895140E+000
  -2.0718270148E+001   3.8528136869E+000
  -2.0563656191E+001   3.7344574438E+000
  -2.0409042235E+001   3.4770104277E+000
  -2.0254428279E+001   3.0765122702E+000
  -2.0099814323E+001   2.5909379116E+000
  -1.9945200366E+001   2.1012073065E+000
  -1.9790586410E+001   1.6671604524E+000
  -1.9635972454E+001   1.3142817176E+000
  -1.9481358497E+001   1.0426218848E+000
  -1.9326744541E+001   8.3956624653E-001
  -1.9172130585E+001   6.9059881517E-001
  -1.9017516628E+001   5.8484199402E-001
  -1.8862902672E+001   5.1417448667E-001
  -1.8708288716E+001   4.7195022128E-001
  -1.8553674759E+001   4.5451566365E-001
  -1.8399060803E+001   4.6117350360E-001
  -1.8244446847E+001   4.9221583294E-001
  -1.8089832890E+001   5.4958780938E-001
  -1.7935218934E+001   6.3867127178E-001
  -1.7780604978E+001   7.6725676686E-001
  -1.7625991021E+001   9.4478942284E-001
  -1.7471377065E+001   1.1841034933E+000
  -1.7316763109E+001   1.4997364223E+000
  -1.7162149152E+001   1.8990431221E+000
  -1.7007535196E+001   2.3693772485E+000
  -1.6852921240E+001   2.8661552966E+000
  -1.6698307283E+001   3.3141571414E+000
  -1.6543693327E+001   3.6389478470E+000
  -1.6389079371E+001   3.8145341431E+000
  -1.6234465414E+001   3.8774922140E+000
  -1.6079851458E+001   3.8884245359E+000
  -1.5925237502E+001   3.8874788801E+000
  -1.5770623545E+001   3.8876841545E+000
  -1.5616009589E+001   3.8873269379E+000
  -1.5461395633E+001   3.8653796570E+000
  -1.5306781676E+001   3.7713337168E+000
  -1.5152167720E+001   3.5471194501E+000
  -1.4997553764E+001   3.1754285840E+000
  -1.4842939807E+001   2.7019961173E+000
  -1.4688325851E+001   2.2065489897E+000
  -1.4533711895E+001   1.7566598898E+000
  -1.4379097938E+001   1.3854233131E+000
  -1.4224483982E+001   1.0965810243E+000
  -1.4069870026E+001   8.7923385784E-001
  -1.3915256069E+001   7.1941019116E-001
  -1.3760642113E+001   6.0515847149E-001
  -1.3606028157E+001   5.2721642544E-001
  -1.3451414200E+001   4.7893271305E-001
  -1.3296800244E+001   4.5639840791E-001
  -1.3142186288E+001   4.5783063505E-001
  -1.2987572331E+001   4.8310032225E-001
  -1.2832958375E+001   5.3434414466E-001
  -1.2678344419E+001   6.1619421979E-001
  -1.2523730462E+001   7.3525796214E-001
  -1.2369116506E+001   9.0071318659E-001
  -1.2214502550E+001   1.1252779023E+000
  -1.2059888594E+001   1.4231903222E+000
  -1.1905274637E+001   1.8038873428E+000
  -1.1750660681E+001   2.2610044177E+000
  -1.1596046725E+001   2.7580081537E+000
  -1.1441432768E+001   3.2240568848E+000
  -1.1286818812E+001   3.5802317781E+000
  -1.1132204856E+001   3.7875369833E+000
  -1.0977590899E+001   3.8703409460E+000
  -1.0822976943E+001   3.8877309031E+000
  -1.0668362987E+001   3.8869634419E+000
  -1.0513749030E+001   3.8868305805E+000
  -1.0359135074E+001   3.8878795300E+000
  -1.0204521118E+001   3.8741752742E+000
  -1.0049907161E+001   3.8022051048E+000
  -9.8952932049E+000   3.6118824634E+000
  -9.7406792486E+000   3.2720890253E+000
  -9.5860652923E+000   2.8152791172E+000
  -9.4314513359E+000   2.3187099371E+000
  -9.2768373796E+000   1.8555740344E+000
  -9.1222234233E+000   1.4661230808E+000
  -8.9676094670E+000   1.1598459988E+000
  -8.8129955106E+000   9.2846482567E-001
  -8.6583815543E+000   7.5735168643E-001
  -8.5037675980E+000   6.3357294012E-001
  -8.3491536417E+000   5.4807722771E-001
  -8.1945396853E+000   4.9374042433E-001
  -8.0399257290E+000   4.6526896054E-001
  -7.8853117727E+000   4.6061135355E-001
  -7.7306978164E+000   4.7992875458E-001
  -7.5760838600E+000   5.2437626064E-001
  -7.4214699037E+000   5.9756861688E-001
  -7.2668559474E+000   7.0637421927E-001
  -7.1122419910E+000   8.5964080818E-001
  -6.9576280347E+000   1.0685666864E+000
  -6.8030140784E+000   1.3474144149E+000
  -6.6484001221E+000   1.7083125111E+000
  -6.4937861657E+000   2.1493584173E+000
  -6.3391722094E+000   2.6408766868E+000
  -6.1845582531E+000   3.1191578425E+000
  -6.0299442968E+000   3.5044728740E+000
  -5.8753303404E+000   3.7460824025E+000
  -5.7207163841E+000   3.8561150936E+000
  -5.5661024278E+000   3.8908648331E+000
  -5.4114884714E+000   3.9003040591E+000
  -5.2568745151E+000   3.9040846487E+000
  -5.1022605588E+000   3.9041059437E+000
  -4.9476466025E+000   3.8916420837E+000
  -4.7930326461E+000   3.8327331342E+000
  -4.6384186898E+000   3.6690447022E+000
  -4.4838047335E+000   3.3590035900E+000
  -4.3291907772E+000   2.9201491210E+000
  -4.1745768208E+000   2.4225223137E+000
  -4.0199628645E+000   1.9436892044E+000
  -3.8653489082E+000   1.5331524928E+000
  -3.7107349518E+000   1.2066908018E+000
  -3.5561209955E+000   9.5818734802E-001
  -3.4015070392E+000   7.7367893921E-001
  -3.2468930829E+000   6.4009845347E-001
  -3.0922791265E+000   5.4716403499E-001
  -2.9376651702E+000   4.8676984696E-001
  -2.7830512139E+000   4.5363791404E-001
  -2.6284372576E+000   4.4537645734E-001
  -2.4738233012E+000   4.6107685682E-001
  -2.3192093449E+000   5.0143671537E-001
  -2.1645953886E+000   5.7008789806E-001
  -2.0099814323E+000   6.7305979035E-001
  -1.8553674759E+000   8.1801806793E-001
  -1.7007535196E+000   1.0157834007E+000
  -1.5461395633E+000   1.2804753462E+000
  -1.3915256069E+000   1.6244952832E+000
  -1.2369116506E+000   2.0493713094E+000
  -1.0822976943E+000   2.5330221178E+000
  -9.2768373796E-001   3.0190295100E+000
  -7.7306978164E-001   3.4280910619E+000
  -6.1845582531E-001   3.7011563509E+000
  -4.6384186898E-001   3.8389668536E+000
  -3.0922791265E-001   3.8914588618E+000
  -1.5461395633E-001   3.9091441714E+000
   0.0000000000E+000   3.9139548258E+000
   1.5461395633E-001   3.9091441709E+000
   3.0922791265E-001   3.8914588610E+000
   4.6384186898E-001   3.8389668526E+000
   6.1845582531E-001   3.7011563498E+000
   7.7306978164E-001   3.4280910609E+000
   9.2768373796E-001   3.0190295090E+000
   1.0822976943E+000   2.5330221170E+000
   1.2369116506E+000   2.0493713088E+000
   1.3915256069E+000   1.6244952829E+000
   1.5461395633E+000   1.2804753462E+000
   1.7007535196E+000   1.0157834009E+000
   1.8553674759E+000   8.1801806839E-001
   2.0099814323E+000   6.7305979105E-001
   2.1645953886E+000   5.7008789895E-001
   2.3192093449E+000   5.0143671643E-001
   2.4738233012E+000   4.6107685801E-001
   2.6284372576E+000   4.4537645864E-001
   2.7830512139E+000   4.5363791542E-001
   2.9376651702E+000   4.8676984841E-001
   3.0922791265E+000   5.4716403648E-001
   3.2468930829E+000   6.4009845499E-001
   3.4015070392E+000   7.7367894073E-001
   3.5561209955E+000   9.5818734950E-001
   3.7107349518E+000   1.2066908032E+000
   3.8653489082E+000   1.5331524941E+000
   4.0199628645E+000   1.9436892055E+000
   4.1745768208E+000   2.4225223146E+000
   4.3291907772E+000   2.9201491216E+000
   4.4838047335E+000   3.3590035902E+000
   4.6384186898E+000   3.6690447020E+000
   4.7930326461E+000   3.8327331333E+000
   4.9476466025E+000   3.8916420823E+000
   5.1022605588E+000   3.9041059417E+000
   5.2568745151E+000   3.9040846464E+000
   5.4114884714E+000   3.9003040567E+000
   5.5661024278E+000   3.8908648310E+000
   5.7207163841E+000   3.8561150918E+000
   5.8753303404E+000   3.7460824010E+000
   6.0299442968E+000   3.5044728729E+000
   6.1845582531E+000   3.1191578415E+000
   6.3391722094E+000   2.6408766857E+000
   6.4937861657E+000   2.1493584161E+000
   6.6484001221E+000   1.7083125097E+000
   6.8030140784E+000   1.3474144133E+000
   6.9576280347E+000   1.0685666846E+000
   7.1122419910E+000   8.5964080624E-001
   7.2668559474E+000   7.0637421723E-001
   7.4214699037E+000   5.9756861479E-001
   7.5760838600E+000   5.2437625854E-001
   7.7306978164E+000   4.7992875250E-001
   7.8853117727E+000   4.6061135151E-001
   8.0399257290E+000   4.6526895856E-001
   8.1945396853E+000   4.9374042244E-001
   8.3491536417E+000   5.4807722592E-001
   8.5037675980E+000   6.3357293846E-001
   8.6583815543E+000   7.5735168493E-001
   8.8129955106E+000   9.2846482435E-001
   8.9676094670E+000   1.1598459977E+000
   9.1222234233E+000   1.4661230799E+000
   9.2768373796E+000   1.8555740338E+000
   9.4314513359E+000   2.3187099366E+000
   9.5860652923E+000   2.8152791169E+000
   9.7406792486E+000   3.2720890252E+000
   9.8952932049E+000   3.6118824633E+000
   1.0049907161E+001   3.8022051049E+000
   1.0204521118E+001   3.8741752744E+000
   1.0359135074E+001   3.8878795305E+000
   1.0513749030E+001   3.8868305814E+000
   1.0668362987E+001   3.8869634433E+000
   1.0822976943E+001   3.8877309051E+000
   1.0977590899E+001   3.8703409485E+000
   1.1132204856E+001   3.7875369863E+000
   1.1286818812E+001   3.5802317817E+000
   1.1441432768E+001   3.2240568887E+000
   1.1596046725E+001   2.7580081579E+000
   1.1750660681E+001   2.2610044220E+000
   1.1905274637E+001   1.8038873474E+000
   1.2059888594E+001   1.4231903269E+000
   1.2214502550E+001   1.1252779071E+000
   1.2369116506E+001   9.0071319154E-001
   1.2523730462E+001   7.3525796720E-001
   1.2678344419E+001   6.1619422494E-001
   1.2832958375E+001   5.3434414989E-001
   1.2987572331E+001   4.8310032755E-001
   1.3142186288E+001   4.5783064041E-001
   1.3296800244E+001   4.5639841331E-001
   1.3451414200E+001   4.7893271849E-001
   1.3606028157E+001   5.2721643090E-001
   1.3760642113E+001   6.0515847697E-001
   1.3915256069E+001   7.1941019664E-001
   1.4069870026E+001   8.7923386332E-001
   1.4224483982E+001   1.0965810297E+000
   1.4379097938E+001   1.3854233185E+000
   1.4533711895E+001   1.7566598952E+000
   1.4688325851E+001   2.2065489951E+000
   1.4842939807E+001   2.7019961226E+000
   1.4997553764E+001   3.1754285893E+000
   1.5152167720E+001   3.5471194553E+000
   1.5306781676E+001   3.7713337220E+000
   1.5461395633E+001   3.8653796622E+000
   1.5616009589E+001   3.8873269430E+000
   1.5770623545E+001   3.8876841595E+000
   1.5925237502E+001   3.8874788851E+000
   1.6079851458E+001   3.8884245408E+000
   1.6234465414E+001   3.8774922189E+000
   1.6389079371E+001   3.8145341479E+000
   1.6543693327E+001   3.6389478517E+000
   1.6698307283E+001   3.3141571460E+000
   1.6852921240E+001   2.8661553012E+000
   1.7007535196E+001   2.3693772530E+000
   1.7162149152E+001   1.8990431265E+000
   1.7316763109E+001   1.4997364266E+000
   1.7471377065E+001   1.1841034975E+000
   1.7625991021E+001   9.4478942696E-001
   1.7780604978E+001   7.6725677090E-001
   1.7935218934E+001   6.3867127572E-001
   1.8089832890E+001   5.4958781322E-001
   1.8244446847E+001   4.9221583668E-001
   1.8399060803E+001   4.6117350724E-001
   1.8553674759E+001   4.5451566720E-001
   1.8708288716E+001   4.7195022473E-001
   1.8862902672E+001   5.1417449002E-001
   1.9017516628E+001   5.8484199726E-001
   1.9172130585E+001   6.9059881831E-001
   1.9326744541E+001   8.3956624956E-001
   1.9481358497E+001   1.0426218877E+000
   1.9635972454E+001   1.3142817204E+000
   1.9790586410E+001   1.6671604551E+000
   1.9945200366E+001   2.1012073091E+000
   2.0099814323E+001   2.5909379141E+000
   2.0254428279E+001   3.0765122726E+000
   2.0409042235E+001   3.4770104300E+000
   2.0563656191E+001   3.7344574460E+000
   2.0718270148E+001   3.8528136890E+000
   2.0872884104E+001   3.8858895160E+000
   2.1027498060E+001   3.8884444575E+000
   2.1182112017E+001   3.8873614114E+000
   2.1336725973E+001   3.8883978659E+000
   2.1491339929E+001   3.8828306317E+000
   2.1645953886E+001   3.8364026448E+000
   2.1800567842E+001   3.6903539544E+000
   2.1955181798E+001   3.3990561706E+000
   2.2109795755E+001   2.9733558329E+000
   2.2264409711E+001   2.4799352757E+000
   2.2419023667E+001   1.9983167666E+000
   2.2573637624E+001   1.5814734924E+000
   2.2728251580E+001   1.2475605760E+000
   2.2882865536E+001   9.9216167443E-001
   2.3037479493E+001   8.0212456992E-001
   2.3192093449E+001   6.6386033483E-001
   2.3346707405E+001   5.6657641240E-001
   2.3501321362E+001   5.0244803749E-001
   2.3655935318E+001   4.6606443747E-001
