  -2.3810549274E+001   4.5427651251E-001
  -2.3655935318E+001   4.6606837168E-001
  -2.3501321362E+001   5.0245244821E-001
  -2.3346707405E+001   5.6658172919E-001
  -2.3192093449E+001   6.6386714996E-001
  -2.3037479493E+001   8.0213369409E-001
  -2.2882865536E+001   9.9217417990E-001
  -2.2728251580E+001   1.2475778106E+000
  -2.2573637624E+001   1.5814970221E+000
  -2.2419023667E+001   1.9983481498E+000
  -2.2264409711E+001   2.4799755244E+000
  -2.2109795755E+001   2.9734044601E+000
  -2.1955181798E+001   3.3991100399E+000
  -2.1800567842E+001   3.6904067749E+000
  -2.1645953886E+001   3.8364463937E+000
  -2.1491339929E+001   3.8828593845E+000
  -2.1336725973E+001   3.8884122384E+000
  -2.1182112017E+001   3.8873700336E+000
  -2.1027498060E+001   3.8884602776E+000
  -2.0872884104E+001   3.8859229592E+000
  -2.0718270148E+001   3.8528676559E+000
  -2.0563656191E+001   3.7345274380E+000
  -2.0409042235E+001   3.4770885782E+000
  -2.0254428279E+001   3.0765915469E+000
  -2.0099814323E+001   2.5910140871E+000
  -1.9945200366E+001   2.1012787919E+000
  -1.9790586410E+001   1.6672272657E+000
  -1.9635972454E+001   1.3143445312E+000
  -1.9481358497E+001   1.0426814478E+000
  -1.9326744541E+001   8.3962311501E-001
  -1.9172130585E+001   6.9065325643E-001
  -1.9017516628E+001   5.8489397930E-001
  -1.8862902672E+001   5.1422372249E-001
  -1.8708288716E+001   4.7199619297E-001
  -1.8553674759E+001   4.5455769509E-001
  -1.8399060803E+001   4.6121083327E-001
  -1.8244446847E+001   4.9224769157E-001
  -1.8089832890E+001   5.4961350944E-001
  -1.7935218934E+001   6.3869032111E-001
  -1.7780604978E+001   7.6726897861E-001
  -1.7625991021E+001   9.4479500381E-001
  -1.7471377065E+001   1.1841031109E+000
  -1.7316763109E+001   1.4997311657E+000
  -1.7162149152E+001   1.8990341911E+000
  -1.7007535196E+001   2.3693652824E+000
  -1.6852921240E+001   2.8661395033E+000
  -1.6698307283E+001   3.3141348242E+000
  -1.6543693327E+001   3.6389151707E+000
  -1.6389079371E+001   3.8144881503E+000
  -1.6234465414E+001   3.8774325591E+000
  -1.6079851458E+001   3.8883533750E+000
  -1.5925237502E+001   3.8873994259E+000
  -1.5770623545E+001   3.8875996970E+000
  -1.5616009589E+001   3.8872407884E+000
  -1.5461395633E+001   3.8652947775E+000
  -1.5306781676E+001   3.7712514150E+000
  -1.5152167720E+001   3.5470384102E+000
  -1.4997553764E+001   3.1753456473E+000
  -1.4842939807E+001   2.7019082888E+000
  -1.4688325851E+001   2.2064549236E+000
  -1.4533711895E+001   1.7565600103E+000
  -1.4379097938E+001   1.3853190708E+000
  -1.4224483982E+001   1.0964740768E+000
  -1.4069870026E+001   8.7912557716E-001
  -1.3915256069E+001   7.1930153190E-001
  -1.3760642113E+001   6.0505001790E-001
  -1.3606028157E+001   5.2710846072E-001
  -1.3451414200E+001   4.7882531650E-001
  -1.3296800244E+001   4.5629158735E-001
  -1.3142186288E+001   4.5772442224E-001
  -1.2987572331E+001   4.8299483715E-001
  -1.2832958375E+001   5.3423969815E-001
  -1.2678344419E+001   6.1609140926E-001
  -1.2523730462E+001   7.3515768845E-001
  -1.2369116506E+001   9.0061665074E-001
  -1.2214502550E+001   1.1251865900E+000
  -1.2059888594E+001   1.4231057989E+000
  -1.1905274637E+001   1.8038107326E+000
  -1.1750660681E+001   2.2609356477E+000
  -1.1596046725E+001   2.7579453047E+000
  -1.1441432768E+001   3.2239965556E+000
  -1.1286818812E+001   3.5801714593E+000
  -1.1132204856E+001   3.7874783799E+000
  -1.0977590899E+001   3.8702905471E+000
  -1.0822976943E+001   3.8876957403E+000
  -1.0668362987E+001   3.8869457506E+000
  -1.0513749030E+001   3.8868271464E+000
  -1.0359135074E+001   3.8878862381E+000
  -1.0204521118E+001   3.8741916805E+000
  -1.0049907161E+001   3.8022345592E+000
  -9.8952932049E+000   3.6119285732E+000
  -9.7406792486E+000   3.2721526624E+000
  -9.5860652923E+000   2.8153584612E+000
  -9.4314513359E+000   2.3188022862E+000
  -9.2768373796E+000   1.8556771109E+000
  -9.1222234233E+000   1.4662352651E+000
  -8.9676094670E+000   1.1599660572E+000
  -8.8129955106E+000   9.2859153023E-001
  -8.6583815543E+000   7.5748354672E-001
  -8.5037675980E+000   6.3370817261E-001
  -8.3491536417E+000   5.4821379258E-001
  -8.1945396853E+000   4.9387596150E-001
  -8.0399257290E+000   4.6540076086E-001
  -7.8853117727E+000   4.6073646203E-001
  -7.7306978164E+000   4.8004408513E-001
  -7.5760838600E+000   5.2447873131E-001
  -7.4214699037E+000   5.9765545214E-001
  -7.2668559474E+000   7.0644336325E-001
  -7.1122419910E+000   8.5969130989E-001
  -6.9576280347E+000   1.0685991047E+000
  -6.8030140784E+000   1.3474312405E+000
  -6.6484001221E+000   1.7083183164E+000
  -6.4937861657E+000   2.1493593664E+000
  -6.3391722094E+000   2.6408791471E+000
  -6.1845582531E+000   3.1191662460E+000
  -6.0299442968E+000   3.5044880381E+000
  -5.8753303404E+000   3.7461021139E+000
  -5.7207163841E+000   3.8561369947E+000
  -5.5661024278E+000   3.8908890010E+000
  -5.4114884714E+000   3.9003330626E+000
  -5.2568745151E+000   3.9041218614E+000
  -5.1022605588E+000   3.9041538683E+000
  -4.9476466025E+000   3.8917009532E+000
  -4.7930326461E+000   3.8327997833E+000
  -4.6384186898E+000   3.6691128122E+000
  -4.4838047335E+000   3.3590659028E+000
  -4.3291907772E+000   2.9202002594E+000
  -4.1745768208E+000   2.4225602571E+000
  -4.0199628645E+000   1.9437148682E+000
  -3.8653489082E+000   1.5331683255E+000
  -3.7107349518E+000   1.2066995165E+000
  -3.5561209955E+000   9.5819124604E-001
  -3.4015070392E+000   7.7367970052E-001
  -3.2468930829E+000   6.4009715339E-001
  -3.0922791265E+000   5.4716126022E-001
  -2.9376651702E+000   4.8676583323E-001
  -2.7830512139E+000   4.5363263846E-001
  -2.6284372576E+000   4.4536968976E-001
  -2.4738233012E+000   4.6106820926E-001
  -2.3192093449E+000   5.0142568012E-001
  -2.1645953886E+000   5.7007386913E-001
  -2.0099814323E+000   6.7304211795E-001
  -1.8553674759E+000   8.1799615741E-001
  -1.7007535196E+000   1.0157568102E+000
  -1.5461395633E+000   1.2804439065E+000
  -1.3915256069E+000   1.6244593187E+000
  -1.2369116506E+000   2.0493319326E+000
  -1.0822976943E+000   2.5329814441E+000
  -9.2768373796E-001   3.0189905472E+000
  -7.7306978164E-001   3.4280569611E+000
  -6.1845582531E-001   3.7011290784E+000
  -4.6384186898E-001   3.8389461995E+000
  -3.0922791265E-001   3.8914428199E+000
  -1.5461395633E-001   3.9091303886E+000
   0.0000000000E+000   3.9139416450E+000
   1.5461395633E-001   3.9091303881E+000
   3.0922791265E-001   3.8914428190E+000
   4.6384186898E-001   3.8389461984E+000
   6.1845582531E-001   3.7011290772E+000
   7.7306978164E-001   3.4280569600E+000
   9.2768373796E-001   3.0189905462E+000
   1.0822976943E+000   2.5329814433E+000
   1.2369116506E+000   2.0493319320E+000
   1.3915256069E+000   1.6244593184E+000
   1.5461395633E+000   1.2804439065E+000
   1.7007535196E+000   1.0157568105E+000
   1.8553674759E+000   8.1799615804E-001
   2.0099814323E+000   6.7304211886E-001
   2.1645953886E+000   5.7007387030E-001
   2.3192093449E+000   5.0142568151E-001
   2.4738233012E+000   4.6106821084E-001
   2.6284372576E+000   4.4536969150E-001
   2.7830512139E+000   4.5363264033E-001
   2.9376651702E+000   4.8676583520E-001
   3.0922791265E+000   5.4716126225E-001
   3.2468930829E+000   6.4009715545E-001
   3.4015070392E+000   7.7367970257E-001
   3.5561209955E+000   9.5819124803E-001
   3.7107349518E+000   1.2066995184E+000
   3.8653489082E+000   1.5331683272E+000
   4.0199628645E+000   1.9437148696E+000
   4.1745768208E+000   2.4225602582E+000
   4.3291907772E+000   2.9202002601E+000
   4.4838047335E+000   3.3590659030E+000
   4.6384186898E+000   3.6691128117E+000
   4.7930326461E+000   3.8327997822E+000
   4.9476466025E+000   3.8917009514E+000
   5.1022605588E+000   3.9041538658E+000
   5.2568745151E+000   3.9041218586E+000
   5.4114884714E+000   3.9003330597E+000
   5.5661024278E+000   3.8908889984E+000
   5.7207163841E+000   3.8561369926E+000
   5.8753303404E+000   3.7461021121E+000
   6.0299442968E+000   3.5044880367E+000
   6.1845582531E+000   3.1191662447E+000
   6.3391722094E+000   2.6408791459E+000
   6.4937861657E+000   2.1493593651E+000
   6.6484001221E+000   1.7083183149E+000
   6.8030140784E+000   1.3474312387E+000
   6.9576280347E+000   1.0685991027E+000
   7.1122419910E+000   8.5969130771E-001
   7.2668559474E+000   7.0644336096E-001
   7.4214699037E+000   5.9765544978E-001
   7.5760838600E+000   5.2447872894E-001
   7.7306978164E+000   4.8004408278E-001
   7.8853117727E+000   4.6073645975E-001
   8.0399257290E+000   4.6540075866E-001
   8.1945396853E+000   4.9387595943E-001
   8.3491536417E+000   5.4821379065E-001
   8.5037675980E+000   6.3370817086E-001
   8.6583815543E+000   7.5748354519E-001
   8.8129955106E+000   9.2859152894E-001
   8.9676094670E+000   1.1599660561E+000
   9.1222234233E+000   1.4662352644E+000
   9.2768373796E+000   1.8556771104E+000
   9.4314513359E+000   2.3188022860E+000
   9.5860652923E+000   2.8153584612E+000
   9.7406792486E+000   3.2721526625E+000
   9.8952932049E+000   3.6119285734E+000
   1.0049907161E+001   3.8022345594E+000
   1.0204521118E+001   3.8741916809E+000
   1.0359135074E+001   3.8878862387E+000
   1.0513749030E+001   3.8868271476E+000
   1.0668362987E+001   3.8869457524E+000
   1.0822976943E+001   3.8876957429E+000
   1.0977590899E+001   3.8702905505E+000
   1.1132204856E+001   3.7874783840E+000
   1.1286818812E+001   3.5801714639E+000
   1.1441432768E+001   3.2239965607E+000
   1.1596046725E+001   2.7579453102E+000
   1.1750660681E+001   2.2609356534E+000
   1.1905274637E+001   1.8038107385E+000
   1.2059888594E+001   1.4231058050E+000
   1.2214502550E+001   1.1251865962E+000
   1.2369116506E+001   9.0061665710E-001
   1.2523730462E+001   7.3515769490E-001
   1.2678344419E+001   6.1609141578E-001
   1.2832958375E+001   5.3423970474E-001
   1.2987572331E+001   4.8299484378E-001
   1.3142186288E+001   4.5772442891E-001
   1.3296800244E+001   4.5629159404E-001
   1.3451414200E+001   4.7882532320E-001
   1.3606028157E+001   5.2710846741E-001
   1.3760642113E+001   6.0505002457E-001
   1.3915256069E+001   7.1930153855E-001
   1.4069870026E+001   8.7912558378E-001
   1.4224483982E+001   1.0964740834E+000
   1.4379097938E+001   1.3853190774E+000
   1.4533711895E+001   1.7565600167E+000
   1.4688325851E+001   2.2064549300E+000
   1.4842939807E+001   2.7019082951E+000
   1.4997553764E+001   3.1753456536E+000
   1.5152167720E+001   3.5470384164E+000
   1.5306781676E+001   3.7712514211E+000
   1.5461395633E+001   3.8652947836E+000
   1.5616009589E+001   3.8872407944E+000
   1.5770623545E+001   3.8875997029E+000
   1.5925237502E+001   3.8873994317E+000
   1.6079851458E+001   3.8883533807E+000
   1.6234465414E+001   3.8774325646E+000
   1.6389079371E+001   3.8144881558E+000
   1.6543693327E+001   3.6389151761E+000
   1.6698307283E+001   3.3141348295E+000
   1.6852921240E+001   2.8661395085E+000
   1.7007535196E+001   2.3693652874E+000
   1.7162149152E+001   1.8990341960E+000
   1.7316763109E+001   1.4997311705E+000
   1.7471377065E+001   1.1841031155E+000
   1.7625991021E+001   9.4479500836E-001
   1.7780604978E+001   7.6726898304E-001
   1.7935218934E+001   6.3869032540E-001
   1.8089832890E+001   5.4961351361E-001
   1.8244446847E+001   4.9224769561E-001
   1.8399060803E+001   4.6121083718E-001
   1.8553674759E+001   4.5455769887E-001
   1.8708288716E+001   4.7199619662E-001
   1.8862902672E+001   5.1422372601E-001
   1.9017516628E+001   5.8489398270E-001
   1.9172130585E+001   6.9065325970E-001
   1.9326744541E+001   8.3962311815E-001
   1.9481358497E+001   1.0426814508E+000
   1.9635972454E+001   1.3143445341E+000
   1.9790586410E+001   1.6672272685E+000
   1.9945200366E+001   2.1012787945E+000
   2.0099814323E+001   2.5910140897E+000
   2.0254428279E+001   3.0765915493E+000
   2.0409042235E+001   3.4770885805E+000
   2.0563656191E+001   3.7345274402E+000
   2.0718270148E+001   3.8528676579E+000
   2.0872884104E+001   3.8859229612E+000
   2.1027498060E+001   3.8884602795E+000
   2.1182112017E+001   3.8873700354E+000
   2.1336725973E+001   3.8884122401E+000
   2.1491339929E+001   3.8828593860E+000
   2.1645953886E+001   3.8364463951E+000
   2.1800567842E+001   3.6904067762E+000
   2.1955181798E+001   3.3991100411E+000
   2.2109795755E+001   2.9734044612E+000
   2.2264409711E+001   2.4799755254E+000
   2.2419023667E+001   1.9983481507E+000
   2.2573637624E+001   1.5814970229E+000
   2.2728251580E+001   1.2475778113E+000
   2.2882865536E+001   9.9217418049E-001
   2.3037479493E+001   8.0213369458E-001
   2.3192093449E+001   6.6386715035E-001
   2.3346707405E+001   5.6658172948E-001
   2.3501321362E+001   5.0245244841E-001
   2.3655935318E+001   4.6606837178E-001
