  -2.3810549274E+001   4.5418773729E-001
  -2.3655935318E+001   4.6597940807E-001
  -2.3501321362E+001   5.0236289644E-001
  -2.3346707405E+001   5.6649112329E-001
  -2.3192093449E+001   6.6377492088E-001
  -2.3037479493E+001   8.0203914319E-001
  -2.2882865536E+001   9.9207646900E-001
  -2.2728251580E+001   1.2474759831E+000
  -2.2573637624E+001   1.5813900898E+000
  -2.2419023667E+001   1.9982353216E+000
  -2.2264409711E+001   2.4798566866E+000
  -2.2109795755E+001   2.9732809695E+000
  -2.1955181798E+001   3.3989856170E+000
  -2.1800567842E+001   3.6902877614E+000
  -2.1645953886E+001   3.8363403076E+000
  -2.1491339929E+001   3.8827714418E+000
  -2.1336725973E+001   3.8883414755E+000
  -2.1182112017E+001   3.8873081483E+000
  -2.1027498060E+001   3.8883950532E+000
  -2.0872884104E+001   3.8858444528E+000
  -2.0718270148E+001   3.8527727728E+000
  -2.0563656191E+001   3.7344199832E+000
  -2.0409042235E+001   3.4769757910E+000
  -2.0254428279E+001   3.0764803345E+000
  -2.0099814323E+001   2.5909091236E+000
  -1.9945200366E+001   2.1011824703E+000
  -1.9790586410E+001   1.6671404670E+000
  -1.9635972454E+001   1.3142673961E+000
  -1.9481358497E+001   1.0426138721E+000
  -1.9326744541E+001   8.3956500199E-001
  -1.9172130585E+001   6.9060462522E-001
  -1.9017516628E+001   5.8485499395E-001
  -1.8862902672E+001   5.1419468325E-001
  -1.8708288716E+001   4.7197751193E-001
  -1.8553674759E+001   4.5454985230E-001
  -1.8399060803E+001   4.6121431575E-001
  -1.8244446847E+001   4.9226293082E-001
  -1.8089832890E+001   5.4964081006E-001
  -1.7935218934E+001   6.3872977238E-001
  -1.7780604978E+001   7.6732037711E-001
  -1.7625991021E+001   9.4485780510E-001
  -1.7471377065E+001   1.1841764100E+000
  -1.7316763109E+001   1.4998137777E+000
  -1.7162149152E+001   1.8991249665E+000
  -1.7007535196E+001   2.3694637147E+000
  -1.6852921240E+001   2.8662464672E+000
  -1.6698307283E+001   3.3142529218E+000
  -1.6543693327E+001   3.6390479789E+000
  -1.6389079371E+001   3.8146383903E+000
  -1.6234465414E+001   3.8776005317E+000
  -1.6079851458E+001   3.8885370190E+000
  -1.5925237502E+001   3.8875955765E+000
  -1.5770623545E+001   3.8878050050E+000
  -1.5616009589E+001   3.8874518863E+000
  -1.5461395633E+001   3.8655087048E+000
  -1.5306781676E+001   3.7714667912E+000
  -1.5152167720E+001   3.5472562584E+000
  -1.4997553764E+001   3.1755686736E+000
  -1.4842939807E+001   2.7021390759E+000
  -1.4688325851E+001   2.2066945568E+000
  -1.4533711895E+001   1.7568078935E+000
  -1.4379097938E+001   1.3855735311E+000
  -1.4224483982E+001   1.0967330778E+000
  -1.4069870026E+001   8.7938717805E-001
  -1.3915256069E+001   7.1956404755E-001
  -1.3760642113E+001   6.0531202077E-001
  -1.3606028157E+001   5.2736874997E-001
  -1.3451414200E+001   4.7908285568E-001
  -1.3296800244E+001   4.5654540862E-001
  -1.3142186288E+001   4.5797355580E-001
  -1.2987572331E+001   4.8323826427E-001
  -1.2832958375E+001   5.3447627653E-001
  -1.2678344419E+001   6.1631980736E-001
  -1.2523730462E+001   7.3537638501E-001
  -1.2369116506E+001   9.0082395352E-001
  -1.2214502550E+001   1.1253806624E+000
  -1.2059888594E+001   1.4232848189E+000
  -1.1905274637E+001   1.8039732574E+000
  -1.1750660681E+001   2.2610810782E+000
  -1.1596046725E+001   2.7580741445E+000
  -1.1441432768E+001   3.2241097700E+000
  -1.1286818812E+001   3.5802683172E+000
  -1.1132204856E+001   3.7875539612E+000
  -1.0977590899E+001   3.8703361753E+000
  -1.0822976943E+001   3.8877038638E+000
  -1.0668362987E+001   3.8869155865E+000
  -1.0513749030E+001   3.8867655655E+000
  -1.0359135074E+001   3.8878031211E+000
  -1.0204521118E+001   3.8740943638E+000
  -1.0049907161E+001   3.8021258693E+000
  -9.8952932049E+000   3.6118085920E+000
  -9.7406792486E+000   3.2720211261E+000
  -9.5860652923E+000   2.8152155484E+000
  -9.4314513359E+000   2.3186482744E+000
  -9.2768373796E+000   1.8555122099E+000
  -9.1222234233E+000   1.4660598408E+000
  -8.9676094670E+000   1.1597808557E+000
  -8.8129955106E+000   9.2839778668E-001
  -8.6583815543E+000   7.5728299035E-001
  -8.5037675980E+000   6.3350291676E-001
  -8.3491536417E+000   5.4800623514E-001
  -8.1945396853E+000   4.9366878146E-001
  -8.0399257290E+000   4.6519688624E-001
  -7.8853117727E+000   4.6053894216E-001
  -7.7306978164E+000   4.7985596339E-001
  -7.5760838600E+000   5.2430291739E-001
  -7.4214699037E+000   5.9749449597E-001
  -7.2668559474E+000   7.0629916777E-001
  -7.1122419910E+000   8.5956486793E-001
  -6.9576280347E+000   1.0684902235E+000
  -6.8030140784E+000   1.3473382522E+000
  -6.6484001221E+000   1.7082379438E+000
  -6.4937861657E+000   2.1492869736E+000
  -6.3391722094E+000   2.6408095952E+000
  -6.1845582531E+000   3.1190953969E+000
  -6.0299442968E+000   3.5044142667E+000
  -5.8753303404E+000   3.7460265696E+000
  -5.7207163841E+000   3.8560621154E+000
  -5.5661024278E+000   3.8908164940E+000
  -5.4114884714E+000   3.9002629549E+000
  -5.2568745151E+000   3.9040528914E+000
  -5.1022605588E+000   3.9040846707E+000
  -4.9476466025E+000   3.8916315952E+000
  -4.7930326461E+000   3.8327327884E+000
  -4.6384186898E+000   3.6690525336E+000
  -4.4838047335E+000   3.3590164418E+000
  -4.3291907772E+000   2.9201635849E+000
  -4.1745768208E+000   2.4225357764E+000
  -4.0199628645E+000   1.9437002561E+000
  -3.8653489082E+000   1.5331606922E+000
  -3.7107349518E+000   1.2066962275E+000
  -3.5561209955E+000   9.5819025803E-001
  -3.4015070392E+000   7.7367962481E-001
  -3.2468930829E+000   6.4009722148E-001
  -3.0922791265E+000   5.4716121436E-001
  -2.9376651702E+000   4.8676577769E-001
  -2.7830512139E+000   4.5363293071E-001
  -2.6284372576E+000   4.4537086196E-001
  -2.4738233012E+000   4.6107087510E-001
  -2.3192093449E+000   5.0143046342E-001
  -2.1645953886E+000   5.7008137551E-001
  -2.0099814323E+000   6.7305289050E-001
  -1.8553674759E+000   8.1801061406E-001
  -1.7007535196E+000   1.0157752314E+000
  -1.5461395633E+000   1.2804664591E+000
  -1.3915256069E+000   1.6244860520E+000
  -1.2369116506E+000   2.0493627648E+000
  -1.0822976943E+000   2.5330161633E+000
  -9.2768373796E-001   3.0190288171E+000
  -7.7306978164E-001   3.4280984404E+000
  -6.1845582531E-001   3.7011737394E+000
  -4.6384186898E-001   3.8389945019E+000
  -3.0922791265E-001   3.8914952021E+000
  -1.5461395633E-001   3.9091862614E+000
   0.0000000000E+000   3.9139989213E+000
   1.5461395633E-001   3.9091862611E+000
   3.0922791265E-001   3.8914952015E+000
   4.6384186898E-001   3.8389945012E+000
   6.1845582531E-001   3.7011737387E+000
   7.7306978164E-001   3.4280984397E+000
   9.2768373796E-001   3.0190288166E+000
   1.0822976943E+000   2.5330161629E+000
   1.2369116506E+000   2.0493627644E+000
   1.3915256069E+000   1.6244860518E+000
   1.5461395633E+000   1.2804664590E+000
   1.7007535196E+000   1.0157752315E+000
   1.8553674759E+000   8.1801061429E-001
   2.0099814323E+000   6.7305289086E-001
   2.1645953886E+000   5.7008137596E-001
   2.3192093449E+000   5.0143046393E-001
   2.4738233012E+000   4.6107087564E-001
   2.6284372576E+000   4.4537086250E-001
   2.7830512139E+000   4.5363293122E-001
   2.9376651702E+000   4.8676577816E-001
   3.0922791265E+000   5.4716121477E-001
   3.2468930829E+000   6.4009722182E-001
   3.4015070392E+000   7.7367962506E-001
   3.5561209955E+000   9.5819025818E-001
   3.7107349518E+000   1.2066962275E+000
   3.8653489082E+000   1.5331606921E+000
   4.0199628645E+000   1.9437002559E+000
   4.1745768208E+000   2.4225357760E+000
   4.3291907772E+000   2.9201635845E+000
   4.4838047335E+000   3.3590164413E+000
   4.6384186898E+000   3.6690525331E+000
   4.7930326461E+000   3.8327327878E+000
   4.9476466025E+000   3.8916315947E+000
   5.1022605588E+000   3.9040846702E+000
   5.2568745151E+000   3.9040528910E+000
   5.4114884714E+000   3.9002629546E+000
   5.5661024278E+000   3.8908164938E+000
   5.7207163841E+000   3.8560621153E+000
   5.8753303404E+000   3.7460265697E+000
   6.0299442968E+000   3.5044142668E+000
   6.1845582531E+000   3.1190953971E+000
   6.3391722094E+000   2.6408095954E+000
   6.4937861657E+000   2.1492869738E+000
   6.6484001221E+000   1.7082379440E+000
   6.8030140784E+000   1.3473382523E+000
   6.9576280347E+000   1.0684902236E+000
   7.1122419910E+000   8.5956486795E-001
   7.2668559474E+000   7.0629916773E-001
   7.4214699037E+000   5.9749449587E-001
   7.5760838600E+000   5.2430291722E-001
   7.7306978164E+000   4.7985596316E-001
   7.8853117727E+000   4.6053894187E-001
   8.0399257290E+000   4.6519688590E-001
   8.1945396853E+000   4.9366878107E-001
   8.3491536417E+000   5.4800623472E-001
   8.5037675980E+000   6.3350291631E-001
   8.6583815543E+000   7.5728298988E-001
   8.8129955106E+000   9.2839778619E-001
   8.9676094670E+000   1.1597808552E+000
   9.1222234233E+000   1.4660598404E+000
   9.2768373796E+000   1.8555122094E+000
   9.4314513359E+000   2.3186482740E+000
   9.5860652923E+000   2.8152155480E+000
   9.7406792486E+000   3.2720211258E+000
   9.8952932049E+000   3.6118085919E+000
   1.0049907161E+001   3.8021258693E+000
   1.0204521118E+001   3.8740943639E+000
   1.0359135074E+001   3.8878031213E+000
   1.0513749030E+001   3.8867655657E+000
   1.0668362987E+001   3.8869155868E+000
   1.0822976943E+001   3.8877038640E+000
   1.0977590899E+001   3.8703361755E+000
   1.1132204856E+001   3.7875539614E+000
   1.1286818812E+001   3.5802683173E+000
   1.1441432768E+001   3.2241097701E+000
   1.1596046725E+001   2.7580741445E+000
   1.1750660681E+001   2.2610810782E+000
   1.1905274637E+001   1.8039732574E+000
   1.2059888594E+001   1.4232848189E+000
   1.2214502550E+001   1.1253806623E+000
   1.2369116506E+001   9.0082395350E-001
   1.2523730462E+001   7.3537638498E-001
   1.2678344419E+001   6.1631980733E-001
   1.2832958375E+001   5.3447627650E-001
   1.2987572331E+001   4.8323826424E-001
   1.3142186288E+001   4.5797355577E-001
   1.3296800244E+001   4.5654540859E-001
   1.3451414200E+001   4.7908285565E-001
   1.3606028157E+001   5.2736874994E-001
   1.3760642113E+001   6.0531202075E-001
   1.3915256069E+001   7.1956404753E-001
   1.4069870026E+001   8.7938717803E-001
   1.4224483982E+001   1.0967330778E+000
   1.4379097938E+001   1.3855735311E+000
   1.4533711895E+001   1.7568078934E+000
   1.4688325851E+001   2.2066945567E+000
   1.4842939807E+001   2.7021390759E+000
   1.4997553764E+001   3.1755686736E+000
   1.5152167720E+001   3.5472562584E+000
   1.5306781676E+001   3.7714667911E+000
   1.5461395633E+001   3.8655087048E+000
   1.5616009589E+001   3.8874518862E+000
   1.5770623545E+001   3.8878050050E+000
   1.5925237502E+001   3.8875955765E+000
   1.6079851458E+001   3.8885370190E+000
   1.6234465414E+001   3.8776005317E+000
   1.6389079371E+001   3.8146383903E+000
   1.6543693327E+001   3.6390479790E+000
   1.6698307283E+001   3.3142529218E+000
   1.6852921240E+001   2.8662464672E+000
   1.7007535196E+001   2.3694637148E+000
   1.7162149152E+001   1.8991249665E+000
   1.7316763109E+001   1.4998137777E+000
   1.7471377065E+001   1.1841764100E+000
   1.7625991021E+001   9.4485780512E-001
   1.7780604978E+001   7.6732037713E-001
   1.7935218934E+001   6.3872977240E-001
   1.8089832890E+001   5.4964081008E-001
   1.8244446847E+001   4.9226293084E-001
   1.8399060803E+001   4.6121431577E-001
   1.8553674759E+001   4.5454985232E-001
   1.8708288716E+001   4.7197751195E-001
   1.8862902672E+001   5.1419468327E-001
   1.9017516628E+001   5.8485499397E-001
   1.9172130585E+001   6.9060462524E-001
   1.9326744541E+001   8.3956500201E-001
   1.9481358497E+001   1.0426138721E+000
   1.9635972454E+001   1.3142673962E+000
   1.9790586410E+001   1.6671404670E+000
   1.9945200366E+001   2.1011824703E+000
   2.0099814323E+001   2.5909091237E+000
   2.0254428279E+001   3.0764803346E+000
   2.0409042235E+001   3.4769757910E+000
   2.0563656191E+001   3.7344199833E+000
   2.0718270148E+001   3.8527727728E+000
   2.0872884104E+001   3.8858444529E+000
   2.1027498060E+001   3.8883950533E+000
   2.1182112017E+001   3.8873081484E+000
   2.1336725973E+001   3.8883414756E+000
   2.1491339929E+001   3.8827714418E+000
   2.1645953886E+001   3.8363403076E+000
   2.1800567842E+001   3.6902877615E+000
   2.1955181798E+001   3.3989856171E+000
   2.2109795755E+001   2.9732809695E+000
   2.2264409711E+001   2.4798566866E+000
   2.2419023667E+001   1.9982353216E+000
   2.2573637624E+001   1.5813900898E+000
   2.2728251580E+001   1.2474759831E+000
   2.2882865536E+001   9.9207646900E-001
   2.3037479493E+001   8.0203914319E-001
   2.3192093449E+001   6.6377492088E-001
   2.3346707405E+001   5.6649112329E-001
   2.3501321362E+001   5.0236289644E-001
   2.3655935318E+001   4.6597940807E-001
