  -2.3810549274E+001   4.5419208837E-001
  -2.3655935318E+001   4.6598371097E-001
  -2.3501321362E+001   5.0236705741E-001
  -2.3346707405E+001   5.6649505626E-001
  -2.3192093449E+001   6.6377855258E-001
  -2.3037479493E+001   8.0204241835E-001
  -2.2882865536E+001   9.9207935535E-001
  -2.2728251580E+001   1.2474784755E+000
  -2.2573637624E+001   1.5813922115E+000
  -2.2419023667E+001   1.9982371176E+000
  -2.2264409711E+001   2.4798582018E+000
  -2.2109795755E+001   2.9732822060E+000
  -2.1955181798E+001   3.3989864753E+000
  -2.1800567842E+001   3.6902880029E+000
  -2.1645953886E+001   3.8363395941E+000
  -2.1491339929E+001   3.8827694804E+000
  -2.1336725973E+001   3.8883382008E+000
  -2.1182112017E+001   3.8873037955E+000
  -2.1027498060E+001   3.8883900260E+000
  -2.0872884104E+001   3.8858390644E+000
  -2.0718270148E+001   3.8527670615E+000
  -2.0563656191E+001   3.7344137335E+000
  -2.0409042235E+001   3.4769687031E+000
  -2.0254428279E+001   3.0764721889E+000
  -2.0099814323E+001   2.5908998439E+000
  -1.9945200366E+001   2.1011720983E+000
  -1.9790586410E+001   1.6671291073E+000
  -1.9635972454E+001   1.3142551702E+000
  -1.9481358497E+001   1.0426008923E+000
  -1.9326744541E+001   8.3955136135E-001
  -1.9172130585E+001   6.9059039466E-001
  -1.9017516628E+001   5.8484022375E-001
  -1.8862902672E+001   5.1417940574E-001
  -1.8708288716E+001   4.7196174416E-001
  -1.8553674759E+001   4.5453359938E-001
  -1.8399060803E+001   4.6119757470E-001
  -1.8244446847E+001   4.9224569425E-001
  -1.8089832890E+001   5.4962307063E-001
  -1.7935218934E+001   6.3871152896E-001
  -1.7780604978E+001   7.6730164133E-001
  -1.7625991021E+001   9.4483860759E-001
  -1.7471377065E+001   1.1841568070E+000
  -1.7316763109E+001   1.4997938541E+000
  -1.7162149152E+001   1.8991048267E+000
  -1.7007535196E+001   2.3694434564E+000
  -1.6852921240E+001   2.8662261434E+000
  -1.6698307283E+001   3.3142325154E+000
  -1.6543693327E+001   3.6390274248E+000
  -1.6389079371E+001   3.8146176512E+000
  -1.6234465414E+001   3.8775796641E+000
  -1.6079851458E+001   3.8885161648E+000
  -1.5925237502E+001   3.8875749030E+000
  -1.5770623545E+001   3.8877846708E+000
  -1.5616009589E+001   3.8874320497E+000
  -1.5461395633E+001   3.8654895172E+000
  -1.5306781676E+001   3.7714483467E+000
  -1.5152167720E+001   3.5472385522E+000
  -1.4997553764E+001   3.1755516293E+000
  -1.4842939807E+001   2.7021226222E+000
  -1.4688325851E+001   2.2066786806E+000
  -1.4533711895E+001   1.7567926377E+000
  -1.4379097938E+001   1.3855589585E+000
  -1.4224483982E+001   1.0967192372E+000
  -1.4069870026E+001   8.7937408683E-001
  -1.3915256069E+001   7.1955169007E-001
  -1.3760642113E+001   6.0530035369E-001
  -1.3606028157E+001   5.2735770857E-001
  -1.3451414200E+001   4.7907236033E-001
  -1.3296800244E+001   4.5653537165E-001
  -1.3142186288E+001   4.5796388701E-001
  -1.2987572331E+001   4.8322887537E-001
  -1.2832958375E+001   5.3446708668E-001
  -1.2678344419E+001   6.1631074874E-001
  -1.2523730462E+001   7.3536740600E-001
  -1.2369116506E+001   9.0081502103E-001
  -1.2214502550E+001   1.1253717624E+000
  -1.2059888594E+001   1.4232759477E+000
  -1.1905274637E+001   1.8039643940E+000
  -1.1750660681E+001   2.2610721379E+000
  -1.1596046725E+001   2.7580649264E+000
  -1.1441432768E+001   3.2240999457E+000
  -1.1286818812E+001   3.5802575201E+000
  -1.1132204856E+001   3.7875419538E+000
  -1.0977590899E+001   3.8703229463E+000
  -1.0822976943E+001   3.8876895517E+000
  -1.0668362987E+001   3.8869003421E+000
  -1.0513749030E+001   3.8867495541E+000
  -1.0359135074E+001   3.8877866608E+000
  -1.0204521118E+001   3.8740779921E+000
  -1.0049907161E+001   3.8021102000E+000
  -9.8952932049E+000   3.6117940651E+000
  -9.7406792486E+000   3.2720078676E+000
  -9.5860652923E+000   2.8152034338E+000
  -9.4314513359E+000   2.3186370962E+000
  -9.2768373796E+000   1.8555018059E+000
  -9.1222234233E+000   1.4660501360E+000
  -8.9676094670E+000   1.1597718458E+000
  -8.8129955106E+000   9.2838950196E-001
  -8.6583815543E+000   7.5727546402E-001
  -8.5037675980E+000   6.3349616866E-001
  -8.3491536417E+000   5.4800026309E-001
  -8.1945396853E+000   4.9366355372E-001
  -8.0399257290E+000   4.6519233740E-001
  -7.8853117727E+000   4.6053497425E-001
  -7.7306978164E+000   4.7985245104E-001
  -7.5760838600E+000   5.2429971828E-001
  -7.4214699037E+000   5.9749146759E-001
  -7.2668559474E+000   7.0629618663E-001
  -7.1122419910E+000   8.5956184617E-001
  -6.9576280347E+000   1.0684871190E+000
  -6.8030140784E+000   1.3473350667E+000
  -6.6484001221E+000   1.7082347058E+000
  -6.4937861657E+000   2.1492837051E+000
  -6.3391722094E+000   2.6408062614E+000
  -6.1845582531E+000   3.1190918433E+000
  -6.0299442968E+000   3.5044101607E+000
  -5.8753303404E+000   3.7460214061E+000
  -5.7207163841E+000   3.8560553758E+000
  -5.5661024278E+000   3.8908079876E+000
  -5.4114884714E+000   3.9002531686E+000
  -5.2568745151E+000   3.9040430135E+000
  -5.1022605588E+000   3.9040761178E+000
  -4.9476466025E+000   3.8916253391E+000
  -4.7930326461E+000   3.8327290231E+000
  -4.6384186898E+000   3.6690508824E+000
  -4.4838047335E+000   3.3590163877E+000
  -4.3291907772E+000   2.9201647382E+000
  -4.1745768208E+000   2.4225379111E+000
  -4.0199628645E+000   1.9437032551E+000
  -3.8653489082E+000   1.5331645001E+000
  -3.7107349518E+000   1.2067008250E+000
  -3.5561209955E+000   9.5819564217E-001
  -3.4015070392E+000   7.7368578850E-001
  -3.2468930829E+000   6.4010413532E-001
  -3.0922791265E+000   5.4716881971E-001
  -2.9376651702E+000   4.8677399017E-001
  -2.7830512139E+000   4.5364164768E-001
  -2.6284372576E+000   4.4537997422E-001
  -2.4738233012E+000   4.6108028315E-001
  -2.3192093449E+000   5.0144009176E-001
  -2.1645953886E+000   5.7009118002E-001
  -2.0099814323E+000   6.7306285814E-001
  -1.8553674759E+000   8.1802075021E-001
  -1.7007535196E+000   1.0157855285E+000
  -1.5461395633E+000   1.2804768415E+000
  -1.3915256069E+000   1.6244962923E+000
  -1.2369116506E+000   2.0493723859E+000
  -1.0822976943E+000   2.5330243861E+000
  -9.2768373796E-001   3.0190346517E+000
  -7.7306978164E-001   3.4281009700E+000
  -6.1845582531E-001   3.7011724935E+000
  -4.6384186898E-001   3.8389896695E+000
  -3.0922791265E-001   3.8914875381E+000
  -1.5461395633E-001   3.9091768272E+000
   0.0000000000E+000   3.9139888887E+000
   1.5461395633E-001   3.9091768269E+000
   3.0922791265E-001   3.8914875375E+000
   4.6384186898E-001   3.8389896687E+000
   6.1845582531E-001   3.7011724927E+000
   7.7306978164E-001   3.4281009693E+000
   9.2768373796E-001   3.0190346511E+000
   1.0822976943E+000   2.5330243857E+000
   1.2369116506E+000   2.0493723855E+000
   1.3915256069E+000   1.6244962921E+000
   1.5461395633E+000   1.2804768414E+000
   1.7007535196E+000   1.0157855286E+000
   1.8553674759E+000   8.1802075050E-001
   2.0099814323E+000   6.7306285856E-001
   2.1645953886E+000   5.7009118055E-001
   2.3192093449E+000   5.0144009236E-001
   2.4738233012E+000   4.6108028380E-001
   2.6284372576E+000   4.4537997489E-001
   2.7830512139E+000   4.5364164835E-001
   2.9376651702E+000   4.8677399082E-001
   3.0922791265E+000   5.4716882032E-001
   3.2468930829E+000   6.4010413588E-001
   3.4015070392E+000   7.7368578900E-001
   3.5561209955E+000   9.5819564258E-001
   3.7107349518E+000   1.2067008253E+000
   3.8653489082E+000   1.5331645003E+000
   4.0199628645E+000   1.9437032551E+000
   4.1745768208E+000   2.4225379109E+000
   4.3291907772E+000   2.9201647378E+000
   4.4838047335E+000   3.3590163872E+000
   4.6384186898E+000   3.6690508817E+000
   4.7930326461E+000   3.8327290221E+000
   4.9476466025E+000   3.8916253379E+000
   5.1022605588E+000   3.9040761164E+000
   5.2568745151E+000   3.9040430120E+000
   5.4114884714E+000   3.9002531671E+000
   5.5661024278E+000   3.8908079864E+000
   5.7207163841E+000   3.8560553748E+000
   5.8753303404E+000   3.7460214052E+000
   6.0299442968E+000   3.5044101600E+000
   6.1845582531E+000   3.1190918427E+000
   6.3391722094E+000   2.6408062608E+000
   6.4937861657E+000   2.1492837044E+000
   6.6484001221E+000   1.7082347051E+000
   6.8030140784E+000   1.3473350658E+000
   6.9576280347E+000   1.0684871180E+000
   7.1122419910E+000   8.5956184511E-001
   7.2668559474E+000   7.0629618549E-001
   7.4214699037E+000   5.9749146641E-001
   7.5760838600E+000   5.2429971706E-001
   7.7306978164E+000   4.7985244981E-001
   7.8853117727E+000   4.6053497301E-001
   8.0399257290E+000   4.6519233617E-001
   8.1945396853E+000   4.9366355250E-001
   8.3491536417E+000   5.4800026191E-001
   8.5037675980E+000   6.3349616753E-001
   8.6583815543E+000   7.5727546295E-001
   8.8129955106E+000   9.2838950098E-001
   8.9676094670E+000   1.1597718450E+000
   9.1222234233E+000   1.4660501352E+000
   9.2768373796E+000   1.8555018052E+000
   9.4314513359E+000   2.3186370957E+000
   9.5860652923E+000   2.8152034334E+000
   9.7406792486E+000   3.2720078673E+000
   9.8952932049E+000   3.6117940650E+000
   1.0049907161E+001   3.8021101999E+000
   1.0204521118E+001   3.8740779922E+000
   1.0359135074E+001   3.8877866611E+000
   1.0513749030E+001   3.8867495546E+000
   1.0668362987E+001   3.8869003428E+000
   1.0822976943E+001   3.8876895526E+000
   1.0977590899E+001   3.8703229475E+000
   1.1132204856E+001   3.7875419552E+000
   1.1286818812E+001   3.5802575217E+000
   1.1441432768E+001   3.2240999474E+000
   1.1596046725E+001   2.7580649281E+000
   1.1750660681E+001   2.2610721397E+000
   1.1905274637E+001   1.8039643959E+000
   1.2059888594E+001   1.4232759497E+000
   1.2214502550E+001   1.1253717645E+000
   1.2369116506E+001   9.0081502318E-001
   1.2523730462E+001   7.3536740820E-001
   1.2678344419E+001   6.1631075099E-001
   1.2832958375E+001   5.3446708898E-001
   1.2987572331E+001   4.8322887771E-001
   1.3142186288E+001   4.5796388940E-001
   1.3296800244E+001   4.5653537408E-001
   1.3451414200E+001   4.7907236279E-001
   1.3606028157E+001   5.2735771107E-001
   1.3760642113E+001   6.0530035622E-001
   1.3915256069E+001   7.1955169262E-001
   1.4069870026E+001   8.7937408941E-001
   1.4224483982E+001   1.0967192398E+000
   1.4379097938E+001   1.3855589611E+000
   1.4533711895E+001   1.7567926403E+000
   1.4688325851E+001   2.2066786833E+000
   1.4842939807E+001   2.7021226248E+000
   1.4997553764E+001   3.1755516320E+000
   1.5152167720E+001   3.5472385549E+000
   1.5306781676E+001   3.7714483493E+000
   1.5461395633E+001   3.8654895199E+000
   1.5616009589E+001   3.8874320523E+000
   1.5770623545E+001   3.8877846734E+000
   1.5925237502E+001   3.8875749057E+000
   1.6079851458E+001   3.8885161675E+000
   1.6234465414E+001   3.8775796668E+000
   1.6389079371E+001   3.8146176538E+000
   1.6543693327E+001   3.6390274274E+000
   1.6698307283E+001   3.3142325180E+000
   1.6852921240E+001   2.8662261460E+000
   1.7007535196E+001   2.3694434589E+000
   1.7162149152E+001   1.8991048292E+000
   1.7316763109E+001   1.4997938566E+000
   1.7471377065E+001   1.1841568095E+000
   1.7625991021E+001   9.4483861004E-001
   1.7780604978E+001   7.6730164375E-001
   1.7935218934E+001   6.3871153135E-001
   1.8089832890E+001   5.4962307298E-001
   1.8244446847E+001   4.9224569655E-001
   1.8399060803E+001   4.6119757696E-001
   1.8553674759E+001   4.5453360160E-001
   1.8708288716E+001   4.7196174634E-001
   1.8862902672E+001   5.1417940787E-001
   1.9017516628E+001   5.8484022583E-001
   1.9172130585E+001   6.9059039669E-001
   1.9326744541E+001   8.3955136334E-001
   1.9481358497E+001   1.0426008942E+000
   1.9635972454E+001   1.3142551720E+000
   1.9790586410E+001   1.6671291092E+000
   1.9945200366E+001   2.1011721001E+000
   2.0099814323E+001   2.5908998456E+000
   2.0254428279E+001   3.0764721905E+000
   2.0409042235E+001   3.4769687047E+000
   2.0563656191E+001   3.7344137350E+000
   2.0718270148E+001   3.8527670629E+000
   2.0872884104E+001   3.8858390658E+000
   2.1027498060E+001   3.8883900273E+000
   2.1182112017E+001   3.8873037968E+000
   2.1336725973E+001   3.8883382020E+000
   2.1491339929E+001   3.8827694815E+000
   2.1645953886E+001   3.8363395951E+000
   2.1800567842E+001   3.6902880039E+000
   2.1955181798E+001   3.3989864762E+000
   2.2109795755E+001   2.9732822068E+000
   2.2264409711E+001   2.4798582026E+000
   2.2419023667E+001   1.9982371183E+000
   2.2573637624E+001   1.5813922121E+000
   2.2728251580E+001   1.2474784760E+000
   2.2882865536E+001   9.9207935580E-001
   2.3037479493E+001   8.0204241872E-001
   2.3192093449E+001   6.6377855288E-001
   2.3346707405E+001   5.6649505648E-001
   2.3501321362E+001   5.0236705757E-001
   2.3655935318E+001   4.6598371104E-001
