   Atom                     Volume(s)
  ------------------------------------------------------------------------
     1   ...     487  492  499  506  507  515  522  595  597  598  599  710  711  759  783  789  790  830  833  842  861  865 1087
     2   ...      84   85   86  112  116  130  133  136  140  150  151  446  447  454  459  612  664  666
     3   ...     488  493  495  502  508  516  520  602  662  697  701  747  757  760  784  804  815  831  834  835  836  844  845  846  862  866 1088
     4   ...      89   90   91  118  120  126  141  142  153  154  170  172  418  448  449  456  462  509  510  527  611  613  667
     5   ...    1280 1297 1305 1356 1357 1551 1594 1595 1605 1627 1647 1661 1662 1705 1834 1835 1906
     6   ...     843  871  873  879  881  885 1042 1059 1061 1159 1174 1235 1241 1259 1265 1376 1391
     7   ...    1281 1293 1299 1301 1354 1360 1562 1568 1585 1606 1617 1628 1648 1649 1654 1658 1706 1713 1732 1836 1907
     8   ...     847  869  874  886  894  895  912 1037 1045 1094 1096 1106 1114 1125 1130 1141 1160 1179 1209 1216 1236 1242 1260 1319 1366 1371 1372 1379 1380 1381 1393 1514
     9   ...       1    2    3   45   46   50   60   62   72   77   78  106  111  115  385 1989 2007 2008 2009 2016 2017 2036 2037 2040 2256 2278 2308 2309 2310 2324
    10   ...    1711 1712 1728 1738 1742 1746 1842 1844 1918 1935 1974 2024 2043 2049 2054 2055 2203 2231
    11   ...       9   10   51   63   67   68   79   87   88  107  386 1992 2010 2014 2018 2020 2025 2038 2041 2229 2249 2257 2274 2279 2300 2311 2319 2325 2337
    12   ...    1714 1729 1739 1743 1747 1748 1756 1912 1921 1923 1936 1942 1976 1984 2026 2044 2048 2051 2057 2058 2059 2232
    13   ...     525  536  618  619  671  726  727  891  892  906  920  939  940 1041 1050 1051 1063 1071
    14   ...     198  199  223  231  244  248  252  265  266  288  315  395  401  422  463  467  477  479  552  623  688
    15   ...     526  532  533  537  538  624  743  745  751  776  778  806  893  908  911  923  924 1043 1044 1072
    16   ...     204  226  234  235  237  253  268  269  270  293  295  318  402  426  464  469  474  475  544  545  546  629  689
    17   ...    1313 1318 1323 1325 1330 1375 1390 1398 1408 1409 1410 1413 1432 1530 1623 1634 1668 1669 1855 1862 1863 1894
    18   ...     921  922  941  947  950  954  956  963  974 1102 1151 1200 1204 1245 1251 1274 1332 1411 1414 1428 1433 1452 1504 1506
    19   ...    1314 1321 1326 1377 1378 1392 1402 1417 1434 1531 1540 1544 1570 1587 1597 1600 1635 1641 1670 1754 1755 1764 1765 1848 1856 1857
    20   ...     925  942  948  960  965  976 1054 1101 1103 1107 1116 1122 1143 1146 1149 1152 1165 1201 1213 1246 1269 1275 1423 1435 1436 1454 1467 1520
    21   ...     149  175  180  181  189  197  221 2053 2070 2076 2083 2084 2087
    22   ...    1763 1777 1783 1795 1796 1809 1864 1869 1947 1965 1971 2088 2104 2105 2115 2116 2129 2133 2243
    23   ...     152  176  184  190  200  201  202  203  259 2056 2071 2077 2085 2089 2239 2241 2283 2304
    24   ...    1766 1767 1778 1784 1791 1793 1804 1807 1867 1870 1874 1914 1917 1925 1930 1943 1948 1959 1966 1978 2090 2098 2100 2106 2107 2118 2119 2120 2130 2134 2244
    25   ...     551  563  564  566  567  568  573  579  580  637  639  641  714  754  756  766  962  987  994 1009 1010 1018 1079
    26   ...       4    5    6    7    8   55  333  334  346  348  366  375  379  384  410  413  432  439  442  483  500  590  646  647  653  654
    27   ...     553  554  560  569  574  581  633  642  676  695  731  735  767  780  964  975  983  988  996  997 1012 1055 1056 1080
    28   ...      11   12   13   14   15   56   64  335  336  349  358  359  363  364  376  380  414  433  436  444  481  485  584  588  648  649  655  683
    29   ...    1336 1342 1347 1451 1478 1481 1580 1620 1621 1672 1673 1682 1812 1895 1896
    30   ...     813  814  995 1011 1023 1030 1065 1067 1118 1123 1135 1139 1194 1224 1230 1490 1492 1499 1510 1525
    31   ...    1337 1343 1348 1453 1469 1471 1479 1482 1572 1576 1602 1603 1616 1674 1675 1683 1797 1816 1817 1878 1897
    32   ...     816  817  998 1013 1024 1025 1084 1109 1111 1134 1137 1189 1195 1214 1225 1255 1257 1278 1493 1494 1511 1542
    33   ...     264  309  310  312  313  314  327  354 2114 2140 2142 2149 2150 2153 2208 2209 2210 2247 2248 2272 2322 2323 2331 2332
    34   ...    1686 1815 1825 1884 1888 1890 1932 1953 1957 1963 1990 1991 2158 2159 2179 2191 2192 2198 2211 2225 2235
    35   ...     267  297  299  301  316  317  328  352  372 2117 2137 2143 2151 2154 2160 2161 2177 2212 2219 2221 2223 2261 2286 2288 2293 2327 2333 2340 2342
    36   ...    1687 1702 1818 1827 1829 1832 1910 1934 1961 1993 1994 1995 2162 2170 2172 2181 2182 2187 2193 2213 2227 2236
    37   ...     489  497  511  518  523  600  604  608  661  685  692  699  708  761  785  791  798  800  818  837  848  867 1089
    38   ...     528  539  616  620  621  625  703  705  774  794  808  896  897  913  926 1069 1073
    39   ...     555  570  575  585  634  638  640  675  719  768  795  802  810  989  992  999 1081
    40   ...    1282 1294 1302 1358 1362 1546 1552 1596 1607 1629 1632 1650 1657 1707 1837 1908
    41   ...    1315 1327 1382 1404 1405 1420 1515 1550 1624 1636 1666 1757 1758 1768 1858 1903
    42   ...    1338 1344 1351 1473 1475 1476 1573 1622 1643 1646 1676 1813 1822 1880 1898
    43   ...      16   17   52   69   73   74   80   81  108  387  391  392 1996 2011 2021 2027 2199 2201 2202 2258 2264 2269 2276 2280 2290 2299 2312 2318 2345
    44   ...     155  177  182  185  191  260 2060 2078 2081 2091 2092 2285 2302
    45   ...     271  272  305  307  319  329  360 2121 2141 2144 2147 2155 2163 2176 2183 2214 2252 2267 2294 2298 2307 2321 2328 2334
    46   ...      92   93   94  127  137  143  144  156  157  167  192  416  609
    47   ...     205  206  218  219  227  239  249  254  273  408  420  547  672
    48   ...      18   19   20   21   57  337  338  368  370  438  591  592  644  659
    49   ...     849  850  877  878  882  907 1035 1120 1176 1178 1210 1237 1263 1367 1368 1394 1400 1532
    50   ...     927  946  953  957  966  977  984 1053 1117 1127 1148 1153 1167 1181 1185 1222 1247 1253 1267 1272 1331 1415 1437 1455 1456 1535
    51   ...     819  820 1019 1021 1031 1086 1158 1173 1187 1191 1208 1226 1352 1488
    52   ...    1715 1716 1717 1718 1735 1737 1752 1927 1939 1987 2028 2061 2072 2075
    53   ...    1769 1781 1787 1794 1801 1802 1865 1920 1945 1949 1967 1973 1983 1985 2102 2108 2206
    54   ...    1688 1689 1690 1691 1692 1699 1704 1955 1997 2173 2188
    55   ...     122  124  139  168  174  195  240  242  398  399  607  712  739  742  796  811  917  928  929
    56   ...      22   23   47   49  274  275  276  277  289  306  473  565  596  679  717  738  812  993 1000 1001 1002
    57   ...    1306 1308 1312 1501 1502 1503 1518 1558 1566 1589 1599 1612 1665 1719 1846 1849 1850 1892
    58   ...    1283 1287 1291 1292 1298 1341 1523 1538 1553 1557 1560 1564 1591 1613 1614 1626 1881 1887 1902 1905
    59   ...     255  393  707  725  730  734  755  788 1039 1076 1172 1186 1424 1425 1438 1439
    60   ...     245  394  406  407  430  471  670  713  715 1026 1098 1132 1193 1198 1206 1215 1221 1429 1440 1457 1521 1524
    61   ...     425
    62   ...     427
    63   ...     243  290  424  428  431  682  693  721  782  797 1121 1163 1169 1183 1212 1220 1233 1234 1333 1441 1508
    64   ...     256  681  704  706  722  732  737  765 1093 1133 1171 1184 1199 1426 1430 1442 1443 1444 1458 1459 1466
    65   ...     123  128  132  135  166  171  188  232  261  400  680  716  729  740  793  910  930 1040
    66   ...      24   25   48  278  279  292  302  320  339  409  678  694  718  749 1003
    67   ...    1307 1309 1310 1311 1334 1364 1445 1519 1536 1561 1567 1584 1610 1611 1640 1841 1847 1851 1852 1853 1893
    68   ...    1284 1288 1289 1290 1460 1483 1539 1547 1554 1565 1582 1644 1876 1877 1882 1885 1901
    69   ...      95   96   97  113  125  145  158  159  169  196  417  610
    70   ...     207  208  220  225  228  241  246  250  280  330  421  548  632  673
    71   ...      26   27   28   29   30  340  341  369  371  390  397  593  645  660
    72   ...     851  852  883  887  903  904 1036 1092 1164 1177 1211 1238 1264 1365 1369 1399 1401 1533
    73   ...     931  943  951  958  967  968  978 1052 1077 1100 1145 1150 1154 1168 1182 1223 1248 1254 1268 1271 1273 1427 1446 1461 1509 1537
    74   ...     821  822 1020 1022 1032 1113 1157 1170 1188 1192 1207 1227 1353 1489 1526
    75   ...    1720 1721 1722 1723 1734 1736 1753 1928 1940 1988 2029 2062 2073 2205
    76   ...    1770 1782 1788 1789 1803 1806 1916 1946 1950 1968 1980 1982 1986 2103 2109 2110 2207
    77   ...    1693 1694 1695 1696 1700 1824 1831 1929 1956 1998 2174 2189 2194
    78   ...     490  498  503  504  519  524  601  605  686  700  709  750  762  771  772  786  792  799  823  829  838  853  854  855  863 1034 1090
    79   ...      98   99  100  119  121  129  146  147  161  162  173  419  450  451  457  458  460  512  513  606  614  668
    80   ...     491  494  496  505  514  517  521  603  663  698  702  748  758  763  787  805  826  832  839  840  841  857  858  859  864  868 1091
    81   ...     103  104  105  114  117  131  134  138  148  164  165  452  453  455  461  615  665  669
    82   ...    1285 1295 1303 1359 1363 1528 1529 1548 1556 1579 1583 1593 1608 1630 1633 1651 1656 1659 1701 1708 1709 1838 1839
    83   ...     856  870  875  888  889  900  901  915 1038 1046 1095 1097 1115 1126 1131 1142 1161 1180 1217 1218 1239 1243 1261 1320 1370 1373 1374 1384 1385 1386 1395 1517
    84   ...    1286 1296 1300 1304 1355 1361 1563 1569 1586 1609 1618 1631 1652 1653 1655 1660 1710 1725 1733 1840 1909
    85   ...     860  872  876  880  884  890 1049 1060 1062 1162 1175 1240 1244 1262 1266 1389 1397
    86   ...      31   32   53   61   75   76   82  109  388  441 1999 2012 2022 2030 2031 2200 2255 2259 2263 2265 2277 2281 2291 2313 2315 2339 2344 2346
    87   ...    1724 1730 1740 1744 1749 1750 1760 1913 1922 1924 1937 1941 1977 2032 2033 2045 2047 2052 2064 2065 2066 2233
    88   ...      38   39   54   66   70   71   83  101  102  110  389 2003 2013 2015 2019 2023 2034 2039 2042 2230 2250 2260 2275 2282 2301 2314 2320 2326 2338
    89   ...    1726 1727 1731 1741 1745 1751 1843 1845 1919 1938 1975 2035 2046 2050 2068 2069 2204 2234
    90   ...     530  531  540  543  617  622  626  687  723  741  764  775  801  809  898  899  905  914  918  919  932  933 1064 1070 1074
    91   ...     211  229  230  236  238  257  282  283  284  294  296  323  403  429  465  470  472  476  549  550  630  631  690
    92   ...     529  534  535  541  542  627  744  746  752  777  779  807  902  909  916  935  936 1047 1048 1075
    93   ...     216  217  224  233  247  251  258  286  287  291  326  396  404  423  466  468  478  480  559  628  691
    94   ...    1316 1324 1328 1383 1406 1407 1421 1422 1516 1549 1559 1619 1625 1637 1639 1663 1664 1667 1759 1771 1859 1904
    95   ...     934  944  961  970  979  985 1078 1099 1104 1108 1128 1144 1147 1155 1166 1202 1219 1249 1270 1276 1418 1447 1448 1463 1468 1522
    96   ...    1317 1322 1329 1387 1388 1396 1403 1419 1449 1534 1541 1545 1571 1588 1598 1601 1638 1642 1671 1761 1762 1774 1775 1854 1860 1861
    97   ...     937  938  945  949  952  955  959  973  981 1105 1156 1203 1205 1250 1252 1277 1335 1412 1416 1431 1450 1465 1505 1507
    98   ...     160  178  183  186  193  209  210  222  262  405 2063 2079 2082 2093 2094 2251 2266 2270 2273 2292 2303 2316 2347
    99   ...    1772 1773 1779 1785 1790 1792 1805 1808 1868 1871 1873 1875 1915 1926 1931 1944 1951 1960 1969 1979 2095 2099 2101 2111 2123 2124 2125 2131 2135 2245
   100   ...     163  179  187  194  212  213  214  215  263 2067 2074 2080 2086 2096 2240 2242 2284 2305
   101   ...    1776 1780 1786 1799 1800 1810 1866 1872 1952 1970 1972 2097 2112 2113 2127 2128 2132 2136 2246
   102   ...     556  561  571  576  577  582  586  635  674  720  724  728  753  769  773  803  969  982  990  991 1004 1014 1082
   103   ...      33   34   35   36   37   58   65  342  343  350  356  361  362  365  377  381  415  434  437  445  482  486  587  589  650  656  684
   104   ...     557  558  562  572  578  583  636  643  677  696  733  736  770  781  971  972  980  986 1006 1007 1016 1057 1058 1083
   105   ...      40   41   42   43   44   59  344  345  347  351  367  378  382  383  411  412  435  440  443  484  501  594  651  652  657  658
   106   ...    1339 1345 1350 1462 1474 1477 1485 1486 1487 1555 1574 1578 1581 1592 1645 1677 1678 1681 1684 1811 1814 1883 1899
   107   ...     824  825 1005 1015 1027 1028 1085 1110 1112 1129 1138 1190 1196 1228 1232 1256 1258 1279 1495 1496 1497 1512 1543
   108   ...    1340 1346 1349 1464 1470 1472 1480 1484 1575 1577 1590 1604 1615 1679 1680 1685 1798 1820 1823 1879 1900
   109   ...     827  828 1008 1017 1029 1033 1066 1068 1119 1124 1136 1140 1197 1229 1231 1491 1498 1500 1513 1527
   110   ...     281  303  308  311  321  322  331  355  357  373 2122 2138 2145 2148 2156 2164 2184 2215 2253 2254 2268 2271 2295 2297 2306 2317 2329 2335
   111   ...    1697 1703 1819 1828 1830 1833 1911 1962 1981 2000 2001 2002 2165 2171 2175 2185 2186 2190 2195 2216 2228 2237
   112   ...     285  298  300  304  324  325  332  353  374 2126 2139 2146 2152 2157 2166 2167 2178 2217 2220 2222 2224 2262 2287 2289 2296 2330 2336 2341 2343
   113   ...    1698 1821 1826 1886 1889 1891 1933 1954 1958 1964 2004 2005 2006 2168 2169 2180 2196 2197 2218 2226 2238
  ------------------------------------------------------------------------
