               -753.0134165447
          0.000026243       0.000000000       0.000000000
          0.000000000       0.000014871       0.000000000
          0.000000000       0.000000000       0.000487159
           9
  1    79      -0.000000690      -0.000000006       0.000023297  Au
  1    79      -0.000013549       0.000000005      -0.000058174  Au
  1    79       0.003313801      -0.000000015       0.005580453  Au
  1    79       0.033372835      -0.000000017      -0.002562355  Au
  1    79      -0.059011034       0.000000001      -0.000000052  Au
  1    79       0.033372767      -0.000000002       0.002562060  Au
  1    79       0.003313908      -0.000000003      -0.005580393  Au
  1    79      -0.000013554       0.000000006       0.000057811  Au
  1    79      -0.000000518      -0.000000007      -0.000023410  Au
