   0.000        -11.59937191        -11.59937191        -11.59937191         -7.09222841         -7.09222841         -7.09222841
   0.054        -11.53074169        -11.53074169        -11.53074169         -7.07330322         -7.07330322         -7.07330322
   0.108        -11.32821751        -11.32821751        -11.32821751         -7.07465363         -7.07465363         -7.07465363
   0.161        -11.00067234        -11.00067234        -11.00067234         -7.09559679         -7.09559679         -7.09559679
   0.215        -10.56268215        -10.56268215        -10.56268215         -7.13481283         -7.13481283         -7.13481283
   0.269        -10.03372478        -10.03372478        -10.03372478         -7.19043446         -7.19043446         -7.19043446
   0.323         -9.43644238         -9.43644238         -9.43644238         -7.26014280         -7.26014280         -7.26014280
   0.376         -8.79502201         -8.79502201         -8.79502201         -7.34127140         -7.34127140         -7.34127140
   0.430         -8.13235092         -8.13235092         -8.13235092         -7.43089676         -7.43089676         -7.43089676
   0.484         -7.46850967         -7.46850967         -7.46850967         -7.52593088         -7.52593088         -7.52593088
   0.538         -6.81954241         -6.81954241         -6.81954241         -7.62319899         -7.62319899         -7.62319899
   0.591         -6.19768047         -6.19768047         -6.19768047         -7.71953726         -7.71953726         -7.71953726
   0.645         -5.61273146         -5.61273146         -5.61273146         -7.81189632         -7.81189632         -7.81189632
   0.699         -5.07299662         -5.07299662         -5.07299662         -7.89744091         -7.89744091         -7.89744091
   0.753         -4.58672857         -4.58672857         -4.58672857         -7.97364616         -7.97364616         -7.97364616
   0.807         -4.16266108         -4.16266108         -4.16266108         -8.03835773         -8.03835773         -8.03835773
   0.860         -3.80991673         -3.80991673         -3.80991673         -8.08982277         -8.08982277         -8.08982277
   0.914         -3.53743768         -3.53743768         -3.53743768         -8.12668228         -8.12668228         -8.12668228
   0.968         -3.35308576         -3.35308576         -3.35308576         -8.14794254         -8.14794254         -8.14794254
   1.022         -3.26268411         -3.26268411         -3.26268411         -8.15293980         -8.15293980         -8.15293980
   1.075         -3.26918793         -3.26918793         -3.26918793         -8.14129543         -8.14129543         -8.14129543
   1.129         -3.37240672         -3.37240672         -3.37240672         -8.11289692         -8.11289692         -8.11289692
   1.183         -3.56887650         -3.56887650         -3.56887650         -8.06788921         -8.06788921         -8.06788921
   1.237         -3.85254574         -3.85254574         -3.85254574         -8.00669289         -8.00669289         -8.00669289
   1.290         -4.21530962         -4.21530962         -4.21530962         -7.93001270         -7.93001270         -7.93001270
   1.344         -4.64812946         -4.64812946         -4.64812946         -7.83889103         -7.83889103         -7.83889103
   1.398         -5.14194107         -5.14194107         -5.14194107         -7.73473692         -7.73473692         -7.73473692
   1.452         -5.68804932         -5.68804932         -5.68804932         -7.61935997         -7.61935997         -7.61935997
   1.506         -6.27825785         -6.27825785         -6.27825785         -7.49496698         -7.49496698         -7.49496698
   1.559         -6.90414143         -6.90414143         -6.90414143         -7.36413050         -7.36413050         -7.36413050
   1.613         -7.55569935         -7.55569935         -7.55569935         -7.22971964         -7.22971964         -7.22971964
   1.667         -8.22016811         -8.22016811         -8.22016811         -7.09480476         -7.09480476         -7.09480476
   1.721         -8.88093090         -8.88093090         -8.88093090         -6.96256018         -6.96256018         -6.96256018
   1.774         -9.51746082         -9.51746082         -9.51746082         -6.85490179         -6.85490179         -6.85490179
   1.828        -10.10663414        -10.10663414        -10.10663414         -6.75615072         -6.75615072         -6.75615072
   1.882        -10.62417221        -10.62417221        -10.62417221         -6.66920090         -6.66920090         -6.66920090
   1.936        -11.04787636        -11.04787636        -11.04787636         -6.59667635         -6.59667635         -6.59667635
   1.989        -11.35886097        -11.35886097        -11.35886097         -6.54084063         -6.54084063         -6.54084063
   2.043        -11.54327297        -11.54327297        -11.54327297         -6.50349283         -6.50349283         -6.50349283
   2.097        -11.59294033        -11.59294033        -11.59294033         -6.48586893         -6.48586893         -6.48586893
   2.151        -11.50588703        -11.50588703        -11.50588703         -6.48856211         -6.48856211         -6.48856211
   2.205        -11.28575039        -11.28575039        -11.28575039         -6.51147699         -6.51147699         -6.51147699
   2.258        -10.94225025        -10.94225025        -10.94225025         -6.55384111         -6.55384111         -6.55384111
   2.312        -10.49071789        -10.49071789        -10.49071789         -6.61425352         -6.61425352         -6.61425352
   2.366         -9.95108128         -9.95108128         -9.95108128         -6.69078016         -6.69078016         -6.69078016
   2.420         -9.34647465         -9.34647465         -9.34647465         -6.78104734         -6.78104734         -6.78104734
   2.473         -8.70095253         -8.70095253         -8.70095253         -6.88234997         -6.88234997         -6.88234997
   2.527         -8.03714752         -8.03714752         -8.03714752         -6.99173641         -6.99173641         -6.99173641
   2.581         -7.37452173         -7.37452173         -7.37452173         -7.10610104         -7.10610104         -7.10610104
   2.635         -6.72866058         -6.72866058         -6.72866058         -7.22226477         -7.22226477         -7.22226477
   2.688         -6.11145067         -6.11145067         -6.11145067         -7.33707476         -7.33707476         -7.33707476
   2.742         -5.53226471         -5.53226471         -5.53226471         -7.44750309         -7.44750309         -7.44750309
   2.796         -4.99943399         -4.99943399         -4.99943399         -7.55075455         -7.55075455         -7.55075455
   2.850         -4.52119493         -4.52119493         -4.52119493         -7.64434862         -7.64434862         -7.64434862
   2.904         -4.10639095         -4.10639095         -4.10639095         -7.72618675         -7.72618675         -7.72618675
   2.957         -3.76413345         -3.76413345         -3.76413345         -7.79456902         -7.79456902         -7.79456902
   3.011         -3.50335622         -3.50335622         -3.50335622         -7.84818983         -7.84818983         -7.84818983
   3.065         -3.33162403         -3.33162403         -3.33162403         -7.88610315         -7.88610315         -7.88610315
   3.119         -3.25440216         -3.25440216         -3.25440216         -7.90768480         -7.90768480         -7.90768480
   3.172         -3.27428412         -3.27428412         -3.27428412         -7.91259384         -7.91259384         -7.91259384
   3.226         -3.39055443         -3.39055443         -3.39055443         -7.90075302         -7.90075302         -7.90075302
   3.280         -3.59943533         -3.59943533         -3.59943533         -7.87234640         -7.87234640         -7.87234640
   3.334         -3.89447069         -3.89447069         -3.89447069         -7.82782745         -7.82782745         -7.82782745
   3.388         -4.26741076         -4.26741076         -4.26741076         -7.76794672         -7.76794672         -7.76794672
   3.441         -4.70918798         -4.70918798         -4.70918798         -7.69379425         -7.69379425         -7.69379425
   3.495         -5.21068764         -5.21068764         -5.21068764         -7.60683250         -7.60683250         -7.60683250
   3.549         -5.76342726         -5.76342726         -5.76342726         -7.50892448         -7.50892448         -7.50892448
   3.603         -6.35909319         -6.35909319         -6.35909319         -7.40233088         -7.40233088         -7.40233088
   3.656         -6.98917294         -6.98917294         -6.98917294         -7.28967094         -7.28967094         -7.28967094
   3.710         -7.64345264         -7.64345264         -7.64345264         -7.17384481         -7.17384481         -7.17384481
   3.764         -8.30854607         -8.30854607         -8.30854607         -7.05794668         -7.05794668         -7.05794668
   3.818         -8.96736240         -8.96736240         -8.96736240         -6.94514990         -6.94514990         -6.94514990
   3.871         -9.59892178         -9.59892178         -9.59892178         -6.83861780         -6.83861780         -6.83861780
   3.925        -10.17977047        -10.17977047        -10.17977047         -6.74139881         -6.74139881         -6.74139881
   3.979        -10.68594456        -10.68594456        -10.68594456         -6.65635729         -6.65635729         -6.65635729
   4.033        -11.09537792        -11.09537792        -11.09537792         -6.58607292         -6.58607292         -6.58607292
   4.087        -11.38987255        -11.38987255        -11.38987255         -6.53275156         -6.53275156         -6.53275156
   4.140        -11.55636501        -11.55636501        -11.55636501         -6.49812508         -6.49812508         -6.49812508
   4.194        -11.58745003        -11.58745003        -11.58745003         -6.48334217         -6.48334217         -6.48334217
   4.248        -11.48198700        -11.48198700        -11.48198700         -6.48890400         -6.48890400         -6.48890400
   4.302        -11.24439335        -11.24439335        -11.24439335         -6.51462078         -6.51462078         -6.51462078
   4.355        -10.88529968        -10.88529968        -10.88529968         -6.55963135         -6.55963135         -6.55963135
   4.409        -10.42050076        -10.42050076        -10.42050076         -6.62245798         -6.62245798         -6.62245798
   4.463         -9.87071705         -9.87071705         -9.87071705         -6.70109701         -6.70109701         -6.70109701
   4.517         -9.25924110         -9.25924110         -9.25924110         -6.79312563         -6.79312563         -6.79312563
   4.570         -8.61002445         -8.61002445         -8.61002445         -6.89579773         -6.89579773         -6.89579773
   4.624         -7.94536924         -7.94536924         -7.94536924         -7.00613832         -7.00613832         -7.00613832
   4.678         -7.28428125         -7.28428125         -7.28428125         -7.12102365         -7.12102365         -7.12102365
   4.732         -6.64179707         -6.64179707         -6.64179707         -7.23727512         -7.23727512         -7.23727512
   4.786         -6.02935457         -6.02935457         -6.02935457         -7.35174894         -7.35174894         -7.35174894
   4.839         -5.45608807         -5.45608807         -5.45608807         -7.46144342         -7.46144342         -7.46144342
   4.893         -4.93029642         -4.93029642         -4.93029642         -7.56359911         -7.56359911         -7.56359911
   4.947         -4.46024990         -4.46024990         -4.46024990         -7.65578794         -7.65578794         -7.65578794
   5.001         -4.05490541         -4.05490541         -4.05490541         -7.73596430         -7.73596430         -7.73596430
   5.054         -3.72335505         -3.72335505         -3.72335505         -7.80248213         -7.80248213         -7.80248213
   5.108         -3.47440052         -3.47440052         -3.47440052         -7.85408735         -7.85408735         -7.85408735
   5.162         -3.31536222         -3.31536222         -3.31536222         -7.88987875         -7.88987875         -7.88987875
   5.216         -3.25140619         -3.25140619         -3.25140619         -7.90927315         -7.90927315         -7.90927315
   5.269         -3.28462815         -3.28462815         -3.28462815         -7.91196585         -7.91196585         -7.91196585
   5.323         -3.41390347         -3.41390347         -3.41390347         -7.89791489         -7.89791489         -7.89791489
   5.377         -3.63504100         -3.63504100         -3.63504100         -7.86734009         -7.86734009         -7.86734009
   5.431         -3.94133449         -3.94133449         -3.94133449         -7.82073164         -7.82073164         -7.82073164
   5.485         -4.32429457         -4.32429457         -4.32429457         -7.75888395         -7.75888395         -7.75888395
   5.538         -4.77482605         -4.77482605         -4.77482605         -7.68293476         -7.68293476         -7.68293476
   5.592         -5.28389597         -5.28389597         -5.28389597         -7.59439993         -7.59439993         -7.59439993
   5.646         -5.84305191         -5.84305191         -5.84305191         -7.49519730         -7.49519730         -7.49519730
   5.700         -6.44405031         -6.44405031         -6.44405031         -7.38763618         -7.38763618         -7.38763618
   5.753         -7.07820272         -7.07820272         -7.07820272         -7.27437639         -7.27437639         -7.27437639
   5.807         -7.73495626         -7.73495626         -7.73495626         -7.15835238         -7.15835238         -7.15835238
   5.861         -8.40039158         -8.40039158         -8.40039158         -7.04267073         -7.04267073         -7.04267073
   5.915         -9.05689812         -9.05689812         -9.05689812         -6.93050861         -6.93050861         -6.93050861
   5.968         -9.68303680         -9.68303680         -9.68303680         -6.82501650         -6.82501650         -6.82501650
   6.022        -10.25518799        -10.25518799        -10.25518799         -6.72922373         -6.72922373         -6.72922373
   6.076        -10.74952888        -10.74952888        -10.74952888         -6.64595699         -6.64595699         -6.64595699
   6.130        -11.14436245        -11.14436245        -11.14436245         -6.57775021         -6.57775021         -6.57775021
   6.184        -11.42210770        -11.42210770        -11.42210770         -6.52675343         -6.52675343         -6.52675343
   6.237        -11.57041550        -11.57041550        -11.57041550         -6.49462271         -6.49462271         -6.49462271
   6.291        -11.58297634        -11.58297634        -11.58297634         -6.48242474         -6.48242474         -6.48242474
   6.345        -11.45904636        -11.45904636        -11.45904636         -6.49057293         -6.49057293         -6.49057293
   6.399        -11.20425510        -11.20425510        -11.20425510         -6.51878643         -6.51878643         -6.51878643
   6.452        -10.82969093        -10.82969093        -10.82969093         -6.56612015         -6.56612015         -6.56612015
   6.506        -10.35204887        -10.35204887        -10.35204887         -6.63102245         -6.63102245         -6.63102245
   6.560         -9.79242706         -9.79242706         -9.79242706         -6.71143150         -6.71143150         -6.71143150
   6.614         -9.17437744         -9.17437744         -9.17437744         -6.80487919         -6.80487919         -6.80487919
   6.667         -8.52178955         -8.52178955         -8.52178955         -6.90858364         -6.90858364         -6.90858364
   6.721         -7.85657454         -7.85657454         -7.85657454         -7.01954699         -7.01954699         -7.01954699
   6.775         -7.19720411         -7.19720411         -7.19720411         -7.13463449         -7.13463449         -7.13463449
   6.829         -6.55810261         -6.55810261         -6.55810261         -7.25066423         -7.25066423         -7.25066423
   6.883         -5.95041656         -5.95041656         -5.95041656         -7.36450624         -7.36450624         -7.36450624
   6.936         -5.38303232         -5.38303232         -5.38303232         -7.47318459         -7.47318459         -7.47318459
   6.990         -4.86417961         -4.86417961         -4.86417961         -7.57397890         -7.57397890         -7.57397890
   7.044         -4.40228558         -4.40228558         -4.40228558         -7.66450548         -7.66450548         -7.66450548
   7.098         -4.00625086         -4.00625086         -4.00625086         -7.74276876         -7.74276876         -7.74276876
   7.151         -3.68519902         -3.68519902         -3.68519902         -7.80716944         -7.80716944         -7.80716944
   7.205         -3.44781089         -3.44781089         -3.44781089         -7.85649395         -7.85649395         -7.85649395
   7.259         -3.30113935         -3.30113935         -3.30113935         -7.88987780         -7.88987780         -7.88987780
   7.313         -3.24992776         -3.24992776         -3.24992776         -7.90676069         -7.90676069         -7.90676069
   7.366         -3.29585338         -3.29585338         -3.29585338         -7.90686512         -7.90686512         -7.90686512
   7.420         -3.43735433         -3.43735433         -3.43735433         -7.89016914         -7.89016914         -7.89016914
   7.474         -3.66982913         -3.66982913         -3.66982913         -7.85691452         -7.85691452         -7.85691452
   7.528         -3.98623705         -3.98623705         -3.98623705         -7.80761576         -7.80761576         -7.80761576
   7.582         -4.37800312         -4.37800312         -4.37800312         -7.74310064         -7.74310064         -7.74310064
   7.635         -4.83597708         -4.83597708         -4.83597708         -7.66454458         -7.66454458         -7.66454458
   7.689         -5.35121775         -5.35121775         -5.35121775         -7.57350874         -7.57350874         -7.57350874
   7.743         -5.91530037         -5.91530037         -5.91530037         -7.47195864         -7.47195864         -7.47195864
   7.797         -6.52009058         -6.52009058         -6.52009058         -7.36224985         -7.36224985         -7.36224985
   7.850         -7.15669870         -7.15669870         -7.15669870         -7.24708176         -7.24708176         -7.24708176
   7.904         -7.81432009         -7.81432009         -7.81432009         -7.12941742         -7.12941742         -7.12941742
   7.958         -8.47857761         -8.47857761         -8.47857761         -7.01238298         -7.01238298         -7.01238298
   8.012         -9.13146496         -9.13146496         -9.13146496         -6.89916277         -6.89916277         -6.89916277
   8.065         -9.75105381         -9.75105381         -9.75105381         -6.79289961         -6.79289961         -6.79289961
   8.119        -10.31363869        -10.31363869        -10.31363869         -6.69661188         -6.69661188         -6.69661188
   8.173        -10.79554367        -10.79554367        -10.79554367         -6.61310005         -6.61310005         -6.61310005
   8.227        -11.17553997        -11.17553997        -11.17553997         -6.54486704         -6.54486704         -6.54486704
   8.281        -11.43672657        -11.43672657        -11.43672657         -6.49401283         -6.49401283         -6.49401283
   8.334        -11.56739616        -11.56739616        -11.56739616         -6.46213150         -6.46213150         -6.46213150
   8.388        -11.56192875        -11.56192875        -11.56192875         -6.45021820         -6.45021820         -6.45021820
   8.442        -11.42051029        -11.42051029        -11.42051029         -6.45859957         -6.45859957         -6.45859957
   8.496        -11.14926720        -11.14926720        -11.14926720         -6.48690748         -6.48690748         -6.48690748
   8.549        -10.76029491        -10.76029491        -10.76029491         -6.53410625         -6.53410625         -6.53410625
   8.603        -10.27078152        -10.27078152        -10.27078152         -6.59855938         -6.59855938         -6.59855938
   8.657         -9.70223808         -9.70223808         -9.70223808         -6.67812347         -6.67812347         -6.67812347
   8.711         -9.07832146         -9.07832146         -9.07832146         -6.77025509         -6.77025509         -6.77025509
   8.765         -8.42272377         -8.42272377         -8.42272377         -6.87210369         -6.87210369         -6.87210369
   8.818         -7.75671577         -7.75671577         -7.75671577         -6.98060989         -6.98060989         -6.98060989
   8.872         -7.09811926         -7.09811926         -7.09811926         -7.09258604         -7.09258604         -7.09258604
   8.926         -6.46083498         -6.46083498         -6.46083498         -7.20481443         -7.20481443         -7.20481443
   8.980         -5.85539198         -5.85539198         -5.85539198         -7.31414509         -7.31414509         -7.31414509
   9.033         -5.29059505         -5.29059505         -5.29059505         -7.41760111         -7.41760111         -7.41760111
   9.087         -4.77453613         -4.77453613         -4.77453613         -7.51247740         -7.51247740         -7.51247740
   9.141         -4.31569386         -4.31569386         -4.31569386         -7.59641361         -7.59641361         -7.59641361
   9.195         -3.92310810         -3.92310810         -3.92310810         -7.66743755         -7.66743755         -7.66743755
   9.248         -3.60597515         -3.60597515         -3.60597515         -7.72397041         -7.72397041         -7.72397041
   9.302         -3.37281632         -3.37281632         -3.37281632         -7.76480055         -7.76480055         -7.76480055
   9.356         -3.23063159         -3.23063159         -3.23063159         -7.78904438         -7.78904438         -7.78904438
   9.410         -3.18384051         -3.18384051         -3.18384051         -7.79609823         -7.79609823         -7.79609823
   9.464         -3.23383307         -3.23383307         -3.23383307         -7.78561115         -7.78561115         -7.78561115
   9.517         -3.37878561         -3.37878561         -3.37878561         -7.75745916         -7.75745916         -7.75745916
   9.571         -3.61384225         -3.61384225         -3.61384225         -7.71174097         -7.71174097         -7.71174097
   9.625         -3.93187881         -3.93187881         -3.93187881         -7.64879370         -7.64879370         -7.64879370
   9.679         -4.32431078         -4.32431078         -4.32431078         -7.56922054         -7.56922054         -7.56922054
   9.732         -4.78215551         -4.78215551         -4.78215551         -7.47392607         -7.47392607         -7.47392607
   9.786         -5.29661274         -5.29661274         -5.29661274         -7.36415434         -7.36415434         -7.36415434
   9.840         -5.85948420         -5.85948420         -5.85948420         -7.24151087         -7.24151087         -7.24151087
   9.894         -6.46275854         -6.46275854         -6.46275854         -7.10795784         -7.10795784         -7.10795784
   9.947         -7.09736490         -7.09736490         -7.09736490         -6.96577835         -6.96577835         -6.96577835
  10.001         -7.75200605         -7.75200605         -7.75200605         -6.81751251         -6.81751251         -6.81751251
  10.055         -8.41191578         -8.41191578         -8.41191578         -6.66587448         -6.66587448         -6.66587448
  10.109         -9.05819511         -9.05819511         -9.05819511         -6.51366520         -6.51366520         -6.51366520
  10.163         -9.66826248         -9.66826248         -9.66826248         -6.36367416         -6.36367416         -6.36367416
  10.216        -10.21792984        -10.21792984        -10.21792984         -6.21859169         -6.21859169         -6.21859169
  10.270        -10.68310070        -10.68310070        -10.68310070         -6.08091068         -6.08091068         -6.08091068
  10.324        -11.04252052        -11.04252052        -11.04252052         -5.95282125         -5.95282125         -5.95282125
  10.378        -11.27944469        -11.27944469        -11.27944469         -5.83610868         -5.83610868         -5.83610868
  10.431        -11.38251972        -11.38251972        -11.38251972         -5.73206425         -5.73206425         -5.73206425
  10.485        -11.34666920        -11.34666920        -11.34666920         -5.64143085         -5.64143085         -5.64143085
  10.539        -11.17272854        -11.17272854        -11.17272854         -5.56439638         -5.56439638         -5.56439638
  10.593        -10.86782169        -10.86782169        -10.86782169         -5.50063658         -5.50063658         -5.50063658
  10.646        -10.44496059        -10.44496059        -10.44496059         -5.44939327         -5.44939327         -5.44939327
  10.700         -9.92233086         -9.92233086         -9.92233086         -5.40956736         -5.40956736         -5.40956736
  10.754         -9.32200527         -9.32200527         -9.32200527         -5.37981272         -5.37981272         -5.37981272
  10.808         -8.66778660         -8.66778660         -8.66778660         -5.35860348         -5.35860348         -5.35860348
  10.862         -7.98290968         -7.98290968         -7.98290968         -5.34428453         -5.34428453         -5.34428453
  10.915         -7.28793287         -7.28793287         -7.28793287         -5.33511257         -5.33511257         -5.33511257
  10.969         -6.59936857         -6.59936857         -6.59936857         -5.32928228         -5.32928228         -5.32928228
  11.023         -5.92955065         -5.92955065         -5.92955065         -5.32496071         -5.32496071         -5.32496071
  11.077         -5.28742409         -5.28742409         -5.28742409         -5.32032490         -5.32032490         -5.32032490
  11.130         -4.68004227         -4.68004227         -4.68004227         -5.31359911         -5.31359911         -5.31359911
  11.184         -4.11354351         -4.11354351         -4.11354351         -5.30308723         -5.30308723         -5.30308723
  11.238         -3.59412193         -3.59412193         -3.59412193         -5.28720522         -5.28720522         -5.28720522
  11.292         -3.12811995         -3.12811995         -3.12811995         -5.26450253         -5.26450253         -5.26450253
  11.345         -2.72163105         -2.72163105         -2.72163105         -5.23368073         -5.23368073         -5.23368073
  11.399         -2.37977052         -2.37977052         -2.37977052         -5.19360447         -5.19360447         -5.19360447
  11.453         -2.10607982         -2.10607982         -2.10607982         -5.14331532         -5.14331532         -5.14331532
  11.507         -1.90189183         -1.90189183         -1.90189183         -5.08202744         -5.08202744         -5.08202744
  11.561         -1.76625931         -1.76625931         -1.76625931         -5.00912523         -5.00912523         -5.00912523
  11.614         -1.69605720         -1.69605720         -1.69605720         -4.92415667         -4.92415667         -4.92415667
  11.668         -1.68653071         -1.68653071         -1.68653071         -4.82682562         -4.82682562         -4.82682562
  11.722         -1.73190451         -1.73190451         -1.73190451         -4.71700382         -4.71700382         -4.71700382
  11.776         -1.82597220         -1.82597220         -1.82597220         -4.59475660         -4.59475660         -4.59475660
  11.829         -1.96249175         -1.96249175         -1.96249175         -4.46038389         -4.46038389         -4.46038389
  11.883         -2.13524437         -2.13524437         -2.13524437         -4.31447506         -4.31447506         -4.31447506
  11.937         -2.33771110         -2.33771110         -2.33771110         -4.15795326         -4.15795326         -4.15795326
  11.991         -2.56256342         -2.56256342         -2.56256342         -3.99209189         -3.99209189         -3.99209189
  12.044         -2.80116534         -2.80116534         -2.80116534         -3.81851220         -3.81851220         -3.81851220
  12.098         -3.04336905         -3.04336905         -3.04336905         -3.63912773         -3.63912773         -3.63912773
  12.152         -3.27777934         -3.27777934         -3.27777934         -3.45607901         -3.45607901         -3.45607901
  12.206         -3.49248528         -3.49248528         -3.49248528         -3.27164078         -3.27164078         -3.27164078
  12.260         -3.67608571         -3.67608571         -3.67608571         -3.08812094         -3.08812094         -3.08812094
  12.313         -3.81855392         -3.81855392         -3.81855392         -2.90776372         -2.90776372         -2.90776372
  12.367         -3.91200113         -3.91200113         -3.91200113         -2.73264813         -2.73264813         -2.73264813
  12.421         -3.95111251         -3.95111251         -3.95111251         -2.56459451         -2.56459451         -2.56459451
  12.475         -3.93316483         -3.93316483         -3.93316483         -2.40508747         -2.40508747         -2.40508747
  12.528         -3.85814977         -3.85814977         -3.85814977         -2.25521827         -2.25521827         -2.25521827
  12.582         -3.72869134         -3.72869134         -3.72869134         -2.11567092         -2.11567092         -2.11567092
  12.636         -3.54996276         -3.54996276         -3.54996276         -1.98673964         -1.98673964         -1.98673964
  12.690         -3.32940173         -3.32940173         -3.32940173         -1.86838055         -1.86838055         -1.86838055
  12.743         -3.07614899         -3.07614899         -3.07614899         -1.76028883         -1.76028883         -1.76028883
  12.797         -2.80016923         -2.80016923         -2.80016923         -1.66197312         -1.66197312         -1.66197312
  12.851         -2.51109648         -2.51109648         -2.51109648         -1.57281959         -1.57281959         -1.57281959
  12.905         -2.21739006         -2.21739006         -2.21739006         -1.49213159         -1.49213159         -1.49213159
  12.959         -1.92579699         -1.92579699         -1.92579699         -1.41914785         -1.41914785         -1.41914785
  13.012         -1.64119196         -1.64119196         -1.64119196         -1.35304725         -1.35304725         -1.35304725
  13.066         -1.36701334         -1.36701334         -1.36701334         -1.29294324         -1.29294324         -1.29294324
  13.120         -1.10580575         -1.10580575         -1.10580575         -1.23788357         -1.23788357         -1.23788357
  13.174         -0.85971677         -0.85971677         -0.85971677         -1.18685913         -1.18685913         -1.18685913
  13.227         -0.63089412         -0.63089412         -0.63089412         -1.13882208         -1.13882208         -1.13882208
  13.281         -0.42149678         -0.42149678         -0.42149678         -1.09271443         -1.09271443         -1.09271443
  13.335         -0.23356423         -0.23356423         -0.23356423         -1.04750228         -1.04750228         -1.04750228
  13.389         -0.06876693         -0.06876693         -0.06876693         -1.00220835         -1.00220835         -1.00220835
  13.442          0.07182917          0.07182917          0.07182917         -0.95593935         -0.95593935         -0.95593935
  13.496          0.18791661          0.18791661          0.18791661         -0.90790153         -0.90790153         -0.90790153
  13.550          0.27997231          0.27997231          0.27997231         -0.85740942         -0.85740942         -0.85740942
  13.604          0.34915987          0.34915987          0.34915987         -0.80388570         -0.80388570         -0.80388570
  13.658          0.39717370          0.39717370          0.39717370         -0.74685884         -0.74685884         -0.74685884
  13.711          0.42605531          0.42605531          0.42605531         -0.68596649         -0.68596649         -0.68596649
  13.765          0.43806982          0.43806982          0.43806982         -0.62096536         -0.62096536         -0.62096536
  13.819          0.43567401          0.43567401          0.43567401         -0.55174911         -0.55174911         -0.55174911
  13.873          0.42154416          0.42154416          0.42154416         -0.47837120         -0.47837120         -0.47837120
  13.926          0.39861417          0.39861417          0.39861417         -0.40106234         -0.40106234         -0.40106234
  13.980          0.37013689          0.37013689          0.37013689         -0.32023895         -0.32023895         -0.32023895
  14.034          0.33956993          0.33956993          0.33956993         -0.23649547         -0.23649547         -0.23649547
  14.088          0.31045526          0.31045526          0.31045526         -0.15058281         -0.15058281         -0.15058281
  14.141          0.28614333          0.28614333          0.28614333         -0.06337600         -0.06337600         -0.06337600
  14.195          0.26960471          0.26960471          0.26960471          0.02416626          0.02416626          0.02416626
  14.249          0.26322225          0.26322225          0.26322225          0.11104405          0.11104405          0.11104405
  14.303          0.26870084          0.26870084          0.26870084          0.19625810          0.19625810          0.19625810
  14.357          0.28703678          0.28703678          0.28703678          0.27885497          0.27885497          0.27885497
  14.410          0.31850293          0.31850293          0.31850293          0.35796818          0.35796818          0.35796818
  14.464          0.36265787          0.36265787          0.36265787          0.43285602          0.43285602          0.43285602
  14.518          0.41838813          0.41838813          0.41838813          0.50293010          0.50293010          0.50293010
  14.572          0.48400462          0.48400462          0.48400462          0.56776834          0.56776834          0.56776834
  14.625          0.55740935          0.55740935          0.55740935          0.62710965          0.62710965          0.62710965
  14.679          0.63631701          0.63631701          0.63631701          0.68083459          0.68083459          0.68083459
  14.733          0.71854490          0.71854490          0.71854490          0.72893697          0.72893697          0.72893697
  14.787          0.80218792          0.80218792          0.80218792          0.77149427          0.77149427          0.77149427
  14.841          0.88578713          0.88578713          0.88578713          0.80864674          0.80864674          0.80864674
  14.894          0.96829510          0.96829510          0.96829510          0.84058785          0.84058785          0.84058785
  14.948          1.04899561          1.04899561          1.04899561          0.86756450          0.86756450          0.86756450
  15.002          1.12732375          1.12732375          1.12732375          0.88988346          0.88988346          0.88988346
  15.056          1.20274830          1.20274830          1.20274830          0.90791905          0.90791905          0.90791905
  15.109          1.27469814          1.27469814          1.27469814          0.92211413          0.92211413          0.92211413
  15.163          1.34251642          1.34251642          1.34251642          0.93297404          0.93297404          0.93297404
  15.217          1.40551674          1.40551674          1.40551674          0.94105417          0.94105417          0.94105417
  15.271          1.46302426          1.46302426          1.46302426          0.94694018          0.94694018          0.94694018
  15.324          1.51446688          1.51446688          1.51446688          0.95122659          0.95122659          0.95122659
  15.378          1.55939829          1.55939829          1.55939829          0.95449609          0.95449609          0.95449609
  15.432          1.59751368          1.59751368          1.59751368          0.95730042          0.95730042          0.95730042
  15.486          1.62868094          1.62868094          1.62868094          0.96014506          0.96014506          0.96014506
  15.540          1.65282333          1.65282333          1.65282333          0.96347558          0.96347558          0.96347558
  15.593          1.66998971          1.66998971          1.66998971          0.96766734          0.96766734          0.96766734
  15.647          1.68020952          1.68020952          1.68020952          0.97301823          0.97301823          0.97301823
  15.701          1.68349957          1.68349957          1.68349957          0.97974277          0.97974277          0.97974277
  15.755          1.67985260          1.67985260          1.67985260          0.98797184          0.98797184          0.98797184
  15.808          1.66923225          1.66923225          1.66923225          0.99775392          0.99775392          0.99775392
  15.862          1.65160155          1.65160155          1.65160155          1.00906241          1.00906241          1.00906241
  15.916          1.62700617          1.62700617          1.62700617          1.02180481          1.02180481          1.02180481
  15.970          1.59555435          1.59555435          1.59555435          1.03583288          1.03583288          1.03583288
  16.023          1.55750787          1.55750787          1.55750787          1.05095446          1.05095446          1.05095446
  16.077          1.51328278          1.51328278          1.51328278          1.06694365          1.06694365          1.06694365
  16.131          1.46342087          1.46342087          1.46342087          1.08355117          1.08355117          1.08355117
  16.185          1.40859020          1.40859020          1.40859020          1.10051370          1.10051370          1.10051370
  16.239          1.34947467          1.34947467          1.34947467          1.11756539          1.11756539          1.11756539
  16.292          1.28675234          1.28675234          1.28675234          1.13444769          1.13444769          1.13444769
  16.346          1.22101164          1.22101164          1.22101164          1.15092123          1.15092123          1.15092123
  16.400          1.15275550          1.15275550          1.15275550          1.16677427          1.16677427          1.16677427
  16.454          1.08247221          1.08247221          1.08247221          1.18182862          1.18182862          1.18182862
  16.507          1.01074409          1.01074409          1.01074409          1.19594181          1.19594181          1.19594181
  16.561          0.93842876          0.93842876          0.93842876          1.20900583          1.20900583          1.20900583
  16.615          0.86678654          0.86678654          0.86678654          1.22094309          1.22094309          1.22094309
  16.669          0.79752368          0.79752368          0.79752368          1.23170197          1.23170197          1.23170197
  16.722          0.73278505          0.73278505          0.73278505          1.24125266          1.24125266          1.24125266
  16.776          0.67491782          0.67491782          0.67491782          1.24958599          1.24958599          1.24958599
  16.830          0.62627029          0.62627029          0.62627029          1.25671220          1.25671220          1.25671220
  16.884          0.58896059          0.58896059          0.58896059          1.26266098          1.26266098          1.26266098
  16.938          0.56461585          0.56461585          0.56461585          1.26748145          1.26748145          1.26748145
  16.991          0.55429894          0.55429894          0.55429894          1.27124119          1.27124119          1.27124119
  17.045          0.55840623          0.55840623          0.55840623          1.27402437          1.27402437          1.27402437
  17.099          0.57665807          0.57665807          0.57665807          1.27592826          1.27592826          1.27592826
  17.153          0.60811341          0.60811341          0.60811341          1.27705967          1.27705967          1.27705967
  17.206          0.65121889          0.65121889          0.65121889          1.27753174          1.27753174          1.27753174
  17.260          0.70394927          0.70394927          0.70394927          1.27745891          1.27745891          1.27745891
  17.314          0.76399428          0.76399428          0.76399428          1.27695656          1.27695656          1.27695656
  17.368          0.82898957          0.82898957          0.82898957          1.27613688          1.27613688          1.27613688
  17.421          0.89679164          0.89679164          0.89679164          1.27511013          1.27511013          1.27511013
  17.475          0.96562052          0.96562052          0.96562052          1.27398443          1.27398443          1.27398443
  17.529          1.03420401          1.03420401          1.03420401          1.27286696          1.27286696          1.27286696
  17.583          1.10165238          1.10165238          1.10165238          1.27186406          1.27186406          1.27186406
  17.637          1.16740358          1.16740358          1.16740358          1.27108192          1.27108192          1.27108192
  17.690          1.23100126          1.23100126          1.23100126          1.27062583          1.27062583          1.27062583
  17.744          1.29201496          1.29201496          1.29201496          1.27059913          1.27059913          1.27059913
  17.798          1.34991288          1.34991288          1.34991288          1.27110147          1.27110147          1.27110147
  17.852          1.40410697          1.40410697          1.40410697          1.27222645          1.27222645          1.27222645
  17.905          1.45396125          1.45396125          1.45396125          1.27406013          1.27406013          1.27406013
  17.959          1.49885452          1.49885452          1.49885452          1.27667999          1.27667999          1.27667999
  18.013          1.53831410          1.53831410          1.53831410          1.28015399          1.28015399          1.28015399
  18.067          1.57199693          1.57199693          1.57199693          1.28454089          1.28454089          1.28454089
  18.120          1.59979212          1.59979212          1.59979212          1.28989148          1.28989148          1.28989148
  18.174          1.62178731          1.62178731          1.62178731          1.29624867          1.29624867          1.29624867
  18.228          1.63828874          1.63828874          1.63828874          1.30364680          1.30364680          1.30364680
  18.282          1.64976990          1.64976990          1.64976990          1.31210911          1.31210911          1.31210911
  18.336          1.65685737          1.65685737          1.65685737          1.32164121          1.32164121          1.32164121
  18.389          1.66023731          1.66023731          1.66023731          1.33222401          1.33222401          1.33222401
  18.443          1.66065991          1.66065991          1.66065991          1.34380352          1.34380352          1.34380352
  18.497          1.65883064          1.65883064          1.65883064          1.35628438          1.35628438          1.35628438
  18.551          1.65541792          1.65541792          1.65541792          1.36952496          1.36952496          1.36952496
  18.604          1.65103149          1.65103149          1.65103149          1.38333523          1.38333523          1.38333523
  18.658          1.64613807          1.64613807          1.64613807          1.39748204          1.39748204          1.39748204
  18.712          1.64114678          1.64114678          1.64114678          1.41169560          1.41169560          1.41169560
  18.766          1.63631511          1.63631511          1.63631511          1.42568040          1.42568040          1.42568040
  18.819          1.63181436          1.63181436          1.63181436          1.43912816          1.43912816          1.43912816
  18.873          1.62772310          1.62772310          1.62772310          1.45172882          1.45172882          1.45172882
  18.927          1.62403321          1.62403321          1.62403321          1.46318614          1.46318614          1.46318614
  18.981          1.62066734          1.62066734          1.62066734          1.47322965          1.47322965          1.47322965
  19.035          1.61752760          1.61752760          1.61752760          1.48162603          1.48162603          1.48162603
  19.088          1.61449599          1.61449599          1.61449599          1.48818505          1.48818505          1.48818505
  19.142          1.61146021          1.61146021          1.61146021          1.49276316          1.49276316          1.49276316
  19.196          1.60833764          1.60833764          1.60833764          1.49525976          1.49525976          1.49525976
  19.250          1.60505044          1.60505044          1.60505044          1.49561274          1.49561274          1.49561274
  19.303          1.60154653          1.60154653          1.60154653          1.49378753          1.49378753          1.49378753
  19.357          1.59781945          1.59781945          1.59781945          1.48977113          1.48977113          1.48977113
  19.411          1.59384990          1.59384990          1.59384990          1.48356605          1.48356605          1.48356605
  19.465          1.58965445          1.58965445          1.58965445          1.47518969          1.47518969          1.47518969
  19.518          1.58527410          1.58527410          1.58527410          1.46467924          1.46467924          1.46467924
  19.572          1.58078587          1.58078587          1.58078587          1.45209908          1.45209908          1.45209908
  19.626          1.57626188          1.57626188          1.57626188          1.43754840          1.43754840          1.43754840
  19.680          1.57180512          1.57180512          1.57180512          1.42116809          1.42116809          1.42116809
  19.734          1.56750977          1.56750977          1.56750977          1.40314519          1.40314519          1.40314519
  19.787          1.56344509          1.56344509          1.56344509          1.38370967          1.38370967          1.38370967
  19.841          1.55961323          1.55961323          1.55961323          1.36312830          1.36312830          1.36312830
  19.895          1.55595660          1.55595660          1.55595660          1.34169495          1.34169495          1.34169495
  19.949          1.55233681          1.55233681          1.55233681          1.31971765          1.31971765          1.31971765
  20.002          1.54848647          1.54848647          1.54848647          1.29750562          1.29750562          1.29750562
  20.056          1.54407132          1.54407132          1.54407132          1.27535653          1.27535653          1.27535653
  20.110          1.53861117          1.53861117          1.53861117          1.25354397          1.25354397          1.25354397
  20.164          1.53156340          1.53156340          1.53156340          1.23230755          1.23230755          1.23230755
  20.218          1.52230585          1.52230585          1.52230585          1.21184433          1.21184433          1.21184433
  20.271          1.51012802          1.51012802          1.51012802          1.19230378          1.19230378          1.19230378
  20.325          1.49435210          1.49435210          1.49435210          1.17378879          1.17378879          1.17378879
  20.379          1.47429109          1.47429109          1.47429109          1.15635848          1.15635848          1.15635848
  20.433          1.44933641          1.44933641          1.44933641          1.14003611          1.14003611          1.14003611
  20.486          1.41905272          1.41905272          1.41905272          1.12481737          1.12481737          1.12481737
  20.540          1.38309872          1.38309872          1.38309872          1.11067891          1.11067891          1.11067891
  20.594          1.34137976          1.34137976          1.34137976          1.09758449          1.09758449          1.09758449
  20.648          1.29401636          1.29401636          1.29401636          1.08548868          1.08548868          1.08548868
  20.701          1.24131918          1.24131918          1.24131918          1.07433796          1.07433796          1.07433796
  20.755          1.18376756          1.18376756          1.18376756          1.06406999          1.06406999          1.06406999
  20.809          1.12197971          1.12197971          1.12197971          1.05461454          1.05461454          1.05461454
  20.863          1.05658758          1.05658758          1.05658758          1.04589081          1.04589081          1.04589081
  20.917          0.98821157          0.98821157          0.98821157          1.03780925          1.03780925          1.03780925
  20.970          0.91739815          0.91739815          0.91739815          1.03027189          1.03027189          1.03027189
  21.024          0.84460336          0.84460336          0.84460336          1.02317476          1.02317476          1.02317476
  21.078          0.77026469          0.77026469          0.77026469          1.01640975          1.01640975          1.01640975
  21.132          0.69491595          0.69491595          0.69491595          1.00986576          1.00986576          1.00986576
  21.185          0.61935622          0.61935622          0.61935622          1.00343049          1.00343049          1.00343049
  21.239          0.54478419          0.54478419          0.54478419          0.99699163          0.99699163          0.99699163
  21.293          0.47285464          0.47285464          0.47285464          0.99043584          0.99043584          0.99043584
  21.347          0.40562570          0.40562570          0.40562570          0.98364860          0.98364860          0.98364860
  21.400          0.34539372          0.34539372          0.34539372          0.97651398          0.97651398          0.97651398
  21.454          0.29444122          0.29444122          0.29444122          0.96891427          0.96891427          0.96891427
  21.508          0.25480166          0.25480166          0.25480166          0.96073061          0.96073061          0.96073061
  21.562          0.22806033          0.22806033          0.22806033          0.95184505          0.95184505          0.95184505
  21.616          0.21523757          0.21523757          0.21523757          0.94214272          0.94214272          0.94214272
  21.669          0.21671300          0.21671300          0.21671300          0.93151677          0.93151677          0.93151677
  21.723          0.23222496          0.23222496          0.23222496          0.91987014          0.91987014          0.91987014
  21.777          0.26085520          0.26085520          0.26085520          0.90712094          0.90712094          0.90712094
  21.831          0.30110857          0.30110857          0.30110857          0.89320397          0.89320397          0.89320397
  21.884          0.35099986          0.35099986          0.35099986          0.87807322          0.87807322          0.87807322
  21.938          0.40824002          0.40824002          0.40824002          0.86170197          0.86170197          0.86170197
  21.992          0.47046199          0.47046199          0.47046199          0.84408307          0.84408307          0.84408307
  22.046          0.53549278          0.53549278          0.53549278          0.82523012          0.82523012          0.82523012
  22.099          0.60150588          0.60150588          0.60150588          0.80517787          0.80517787          0.80517787
  22.153          0.66714269          0.66714269          0.66714269          0.78398627          0.78398627          0.78398627
  22.207          0.73145211          0.73145211          0.73145211          0.76174444          0.76174444          0.76174444
  22.261          0.79377300          0.79377300          0.79377300          0.73857474          0.73857474          0.73857474
  22.315          0.85358679          0.85358679          0.85358679          0.71463710          0.71463710          0.71463710
  22.368          0.91037619          0.91037619          0.91037619          0.69012803          0.69012803          0.69012803
  22.422          0.96352994          0.96352994          0.96352994          0.66527659          0.66527659          0.66527659
  22.476          1.01236737          1.01236737          1.01236737          0.64033723          0.64033723          0.64033723
  22.530          1.05617213          1.05617213          1.05617213          0.61557919          0.61557919          0.61557919
  22.583          1.09423518          1.09423518          1.09423518          0.59127557          0.59127557          0.59127557
  22.637          1.12595308          1.12595308          1.12595308          0.56769282          0.56769282          0.56769282
  22.691          1.15084243          1.15084243          1.15084243          0.54508078          0.54508078          0.54508078
  22.745          1.16858363          1.16858363          1.16858363          0.52366352          0.52366352          0.52366352
  22.798          1.17899823          1.17899823          1.17899823          0.50363094          0.50363094          0.50363094
  22.852          1.18199837          1.18199837          1.18199837          0.48512945          0.48512945          0.48512945
  22.906          1.17756498          1.17756498          1.17756498          0.46825308          0.46825308          0.46825308
  22.960          1.16570210          1.16570210          1.16570210          0.45303500          0.45303500          0.45303500
  23.014          1.14639962          1.14639962          1.14639962          0.43944064          0.43944064          0.43944064
  23.067          1.11964798          1.11964798          1.11964798          0.42736247          0.42736247          0.42736247
  23.121          1.08542240          1.08542240          1.08542240          0.41661856          0.41661856          0.41661856
  23.175          1.04375744          1.04375744          1.04375744          0.40695295          0.40695295          0.40695295
  23.229          0.99476755          0.99476755          0.99476755          0.39803895          0.39803895          0.39803895
  23.282          0.93867242          0.93867242          0.93867242          0.38948360          0.38948360          0.38948360
  23.336          0.87589025          0.87589025          0.87589025          0.38083413          0.38083413          0.38083413
  23.390          0.80695897          0.80695897          0.80695897          0.37158611          0.37158611          0.37158611
  23.444          0.73254156          0.73254156          0.73254156          0.36119413          0.36119413          0.36119413
  23.497          0.65338653          0.65338653          0.65338653          0.34908602          0.34908602          0.34908602
  23.551          0.57024384          0.57024384          0.57024384          0.33468005          0.33468005          0.33468005
  23.605          0.48380375          0.48380375          0.48380375          0.31740537          0.31740537          0.31740537
  23.659          0.39469960          0.39469960          0.39469960          0.29672307          0.29672307          0.29672307
  23.713          0.30353844          0.30353844          0.30353844          0.27214429          0.27214429          0.27214429
  23.766          0.21100892          0.21100892          0.21100892          0.24324302          0.24324302          0.24324302
  23.820          0.11802515          0.11802515          0.11802515          0.20966136          0.20966136          0.20966136
  23.874          0.02585602          0.02585602          0.02585602          0.17110714          0.17110714          0.17110714
  23.928         -0.06380762         -0.06380762         -0.06380762          0.12734640          0.12734640          0.12734640
  23.981         -0.14890905         -0.14890905         -0.14890905          0.07819455          0.07819455          0.07819455
  24.035         -0.22719882         -0.22719882         -0.22719882          0.02351241          0.02351241          0.02351241
  24.089         -0.29647404         -0.29647404         -0.29647404         -0.03678983         -0.03678983         -0.03678983
  24.143         -0.35480282         -0.35480282         -0.35480282         -0.10273516         -0.10273516         -0.10273516
  24.196         -0.40074420         -0.40074420         -0.40074420         -0.17425483         -0.17425483         -0.17425483
  24.250         -0.43345109         -0.43345109         -0.43345109         -0.25115812         -0.25115812         -0.25115812
  24.304         -0.45271096         -0.45271096         -0.45271096         -0.33310416         -0.33310416         -0.33310416
  24.358         -0.45896098         -0.45896098         -0.45896098         -0.41958836         -0.41958836         -0.41958836
  24.412         -0.45330772         -0.45330772         -0.45330772         -0.50994331         -0.50994331         -0.50994331
  24.465         -0.43748546         -0.43748546         -0.43748546         -0.60335767         -0.60335767         -0.60335767
  24.519         -0.41383445         -0.41383445         -0.41383445         -0.69890779         -0.69890779         -0.69890779
  24.573         -0.38517553         -0.38517553         -0.38517553         -0.79559743         -0.79559743         -0.79559743
  24.627         -0.35459962         -0.35459962         -0.35459962         -0.89239913         -0.89239913         -0.89239913
  24.680         -0.32526046         -0.32526046         -0.32526046         -0.98829830         -0.98829830         -0.98829830
  24.734         -0.30014703         -0.30014703         -0.30014703         -1.08233464         -1.08233464         -1.08233464
  24.788         -0.28198296         -0.28198296         -0.28198296         -1.17364347         -1.17364347         -1.17364347
  24.842         -0.27320233         -0.27320233         -0.27320233         -1.26149333         -1.26149333         -1.26149333
  24.895         -0.27605435         -0.27605435         -0.27605435         -1.34531796         -1.34531796         -1.34531796
  24.949         -0.29274356         -0.29274356         -0.29274356         -1.42473412         -1.42473412         -1.42473412
  25.003         -0.32550427         -0.32550427         -0.32550427         -1.49954581         -1.49954581         -1.49954581
  25.057         -0.37663609         -0.37663609         -0.37663609         -1.56973374         -1.56973374         -1.56973374
  25.111         -0.44836938         -0.44836938         -0.44836938         -1.63543582         -1.63543582         -1.63543582
  25.164         -0.54269624         -0.54269624         -0.54269624         -1.69692719         -1.69692719         -1.69692719
  25.218         -0.66112959         -0.66112959         -0.66112959         -1.75460041         -1.75460041         -1.75460041
  25.272         -0.80446929         -0.80446929         -0.80446929         -1.80895901         -1.80895901         -1.80895901
  25.326         -0.97266579         -0.97266579         -0.97266579         -1.86061466         -1.86061466         -1.86061466
  25.379         -1.16480124         -1.16480124         -1.16480124         -1.91028714         -1.91028714         -1.91028714
  25.433         -1.37922263         -1.37922263         -1.37922263         -1.95880377         -1.95880377         -1.95880377
  25.487         -1.61373043         -1.61373043         -1.61373043         -2.00709200         -2.00709200         -2.00709200
  25.541         -1.86596429         -1.86596429         -1.86596429         -2.05616283         -2.05616283         -2.05616283
  25.594         -2.13354301         -2.13354301         -2.13354301         -2.10708761         -2.10708761         -2.10708761
  25.648         -2.41426921         -2.41426921         -2.41426921         -2.16097093         -2.16097093         -2.16097093
  25.702         -2.70588446         -2.70588446         -2.70588446         -2.21891713         -2.21891713         -2.21891713
  25.756         -3.00575447         -3.00575447         -3.00575447         -2.28200698         -2.28200698         -2.28200698
  25.810         -3.31012511         -3.31012511         -3.31012511         -2.35127258         -2.35127258         -2.35127258
  25.863         -3.61373115         -3.61373115         -3.61373115         -2.42768335         -2.42768335         -2.42768335
  25.917         -3.90944529         -3.90944529         -3.90944529         -2.51214004         -2.51214004         -2.51214004
  25.971         -4.18836784         -4.18836784         -4.18836784         -2.60546851         -2.60546851         -2.60546851
  26.025         -4.44075441         -4.44075441         -4.44075441         -2.70841050         -2.70841050         -2.70841050
  26.078         -4.65676785         -4.65676785         -4.65676785         -2.82160473         -2.82160473         -2.82160473
  26.132         -4.82767534         -4.82767534         -4.82767534         -2.94554210         -2.94554210         -2.94554210
  26.186         -4.94662285         -4.94662285         -4.94662285         -3.08050299         -3.08050299         -3.08050299
  26.240         -5.00914288         -5.00914288         -5.00914288         -3.22648525         -3.22648525         -3.22648525
  26.294         -5.01330757         -5.01330757         -5.01330757         -3.38312769         -3.38312769         -3.38312769
  26.347         -4.95998049         -4.95998049         -4.95998049         -3.54966307         -3.54966307         -3.54966307
  26.401         -4.85262012         -4.85262012         -4.85262012         -3.72490311         -3.72490311         -3.72490311
  26.455         -4.69736242         -4.69736242         -4.69736242         -3.90726328         -3.90726328         -3.90726328
  26.509         -4.50274658         -4.50274658         -4.50274658         -4.09483099         -4.09483099         -4.09483099
  26.562         -4.27936029         -4.27936029         -4.27936029         -4.28544760         -4.28544760         -4.28544760
  26.616         -4.03887367         -4.03887367         -4.03887367         -4.47680712         -4.47680712         -4.47680712
  26.670         -3.79318023         -3.79318023         -3.79318023         -4.66655302         -4.66655302         -4.66655302
  26.724         -3.55334878         -3.55334878         -3.55334878         -4.85237360         -4.85237360         -4.85237360
  26.777         -3.32904887         -3.32904887         -3.32904887         -5.03210211         -5.03210211         -5.03210211
  26.831         -3.12848568         -3.12848568         -3.12848568         -5.20379925         -5.20379925         -5.20379925
  26.885         -2.95854187         -2.95854187         -2.95854187         -5.36581993         -5.36581993         -5.36581993
  26.939         -2.82556772         -2.82556772         -2.82556772         -5.51686954         -5.51686954         -5.51686954
  26.993         -2.73572087         -2.73572087         -2.73572087         -5.65600777         -5.65600777         -5.65600777
  27.046         -2.69523907         -2.69523907         -2.69523907         -5.78263378         -5.78263378         -5.78263378
  27.100         -2.71036673         -2.71036673         -2.71036673         -5.89644527         -5.89644527         -5.89644527
  27.154         -2.78691435         -2.78691435         -2.78691435         -5.99738503         -5.99738503         -5.99738503
  27.208         -2.92952156         -2.92952156         -2.92952156         -6.08559895         -6.08559895         -6.08559895
  27.261         -3.14117718         -3.14117718         -3.14117718         -6.16140842         -6.16140842         -6.16140842
  27.315         -3.42266130         -3.42266130         -3.42266130         -6.22529650         -6.22529650         -6.22529650
  27.369         -3.77237129         -3.77237129         -3.77237129         -6.27791262         -6.27791262         -6.27791262
  27.423         -4.18666506         -4.18666506         -4.18666506         -6.32007694         -6.32007694         -6.32007694
  27.476         -4.66018009         -4.66018009         -4.66018009         -6.35278368         -6.35278368         -6.35278368
  27.530         -5.18676519         -5.18676519         -5.18676519         -6.37720442         -6.37720442         -6.37720442
  27.584         -5.76002645         -5.76002645         -5.76002645         -6.39467859         -6.39467859         -6.39467859
  27.638         -6.37377214         -6.37377214         -6.37377214         -6.40670300         -6.40670300         -6.40670300
  27.692         -7.02173424         -7.02173424         -7.02173424         -6.41491508         -6.41491508         -6.41491508
  27.745         -7.69715023         -7.69715023         -7.69715023         -6.42106819         -6.42106819         -6.42106819
  27.799         -8.39094925         -8.39094925         -8.39094925         -6.42699957         -6.42699957         -6.42699957
  27.853         -9.09081078         -9.09081078         -9.09081078         -6.43458891         -6.43458891         -6.43458891
  27.907         -9.78034401         -9.78034401         -9.78034401         -6.44572115         -6.44572115         -6.44572115
  27.960        -10.43895054        -10.43895054        -10.43895054         -6.46224260         -6.46224260         -6.46224260
  28.014        -11.04343891        -11.04343891        -11.04343891         -6.48592758         -6.48592758         -6.48592758
  28.068        -11.56995773        -11.56995773        -11.56995773         -6.51844692         -6.51844692         -6.51844692
  28.122        -11.99631405        -11.99631405        -11.99631405         -6.56133032         -6.56133032         -6.56133032
  28.175        -12.30451012        -12.30451012        -12.30451012         -6.61591816         -6.61591816         -6.61591816
  28.229        -12.48145485        -12.48145485        -12.48145485         -6.68328381         -6.68328381         -6.68328381
  28.283        -12.52021313        -12.52021313        -12.52021313         -6.76415396         -6.76415396         -6.76415396
  28.337        -12.41978550        -12.41978550        -12.41978550         -6.85880947         -6.85880947         -6.85880947
  28.391        -12.18523979        -12.18523979        -12.18523979         -6.96701384         -6.96701384         -6.96701384
  28.444        -11.82816124        -11.82816124        -11.82816124         -7.08797693         -7.08797693         -7.08797693
  28.498        -11.36523628        -11.36523628        -11.36523628         -7.22036552         -7.22036552         -7.22036552
  28.552        -10.81771469        -10.81771469        -10.81771469         -7.36236000         -7.36236000         -7.36236000
  28.606        -10.20985699        -10.20985699        -10.20985699         -7.51174259         -7.51174259         -7.51174259
  28.659         -9.56594658         -9.56594658         -9.56594658         -7.66600370         -7.66600370         -7.66600370
  28.713         -8.90852737         -8.90852737         -8.90852737         -7.82243872         -7.82243872         -7.82243872
  28.767         -8.25661564         -8.25661564         -8.25661564         -7.97824144         -7.97824144         -7.97824144
  28.821         -7.62493944         -7.62493944         -7.62493944         -8.13059902         -8.13059902         -8.13059902
  28.874         -7.02491379         -7.02491379         -7.02491379         -8.27678108         -8.27678108         -8.27678108
  28.928         -6.46553898         -6.46553898         -6.46553898         -8.41423416         -8.41423416         -8.41423416
  28.982         -5.95479679         -5.95479679         -5.95479679         -8.54065990         -8.54065990         -8.54065990
  29.036         -5.50098038         -5.50098038         -5.50098038         -8.65408421         -8.65408421         -8.65408421
  29.090         -5.11278009         -5.11278009         -5.11278009         -8.75289154         -8.75289154         -8.75289154
  29.143         -4.79913664         -4.79913664         -4.79913664         -8.83583450         -8.83583450         -8.83583450
  29.197         -4.56866264         -4.56866264         -4.56866264         -8.90200615         -8.90200615         -8.90200615
  29.251         -4.42846107         -4.42846107         -4.42846107         -8.95080662         -8.95080662         -8.95080662
  29.305         -4.38329697         -4.38329697         -4.38329697         -8.98190594         -8.98190594         -8.98190594
  29.358         -4.43498802         -4.43498802         -4.43498802         -8.99520969         -8.99520969         -8.99520969
  29.412         -4.58219385         -4.58219385         -4.58219385         -8.99084854         -8.99084854         -8.99084854
  29.466         -4.82034969         -4.82034969         -4.82034969         -8.96918392         -8.96918392         -8.96918392
  29.520         -5.14251995         -5.14251995         -5.14251995         -8.93082523         -8.93082523         -8.93082523
  29.573         -5.54014158         -5.54014158         -5.54014158         -8.87666225         -8.87666225         -8.87666225
  29.627         -6.00395918         -6.00395918         -6.00395918         -8.80791283         -8.80791283         -8.80791283
  29.681         -6.52495289         -6.52495289         -6.52495289         -8.72616386         -8.72616386         -8.72616386
  29.735         -7.09453011         -7.09453011         -7.09453011         -8.63338852         -8.63338852         -8.63338852
  29.789         -7.70452118         -7.70452118         -7.70452118         -8.53195667         -8.53195667         -8.53195667
  29.842         -8.34621048         -8.34621048         -8.34621048         -8.42457581         -8.42457581         -8.42457581
  29.896         -9.00878525         -9.00878525         -9.00878525         -8.31423092         -8.31423092         -8.31423092
  29.950         -9.67842293         -9.67842293         -9.67842293         -8.20407581         -8.20407581         -8.20407581
  30.004        -10.33731365        -10.33731365        -10.33731365         -8.09733391         -8.09733391         -8.09733391
  30.057        -10.96397018        -10.96397018        -10.96397018         -7.99719524         -7.99719524         -7.99719524
  30.111        -11.53483582        -11.53483582        -11.53483582         -7.90672255         -7.90672255         -7.90672255
  30.165        -12.02622890        -12.02622890        -12.02622890         -7.82877159         -7.82877159         -7.82877159
  30.219        -12.41668415        -12.41668415        -12.41668415         -7.76588774         -7.76588774         -7.76588774
  30.272        -12.68896580        -12.68896580        -12.68896580         -7.72021484         -7.72021484         -7.72021484
  30.326        -12.83127117        -12.83127117        -12.83127117         -7.69339132         -7.69339132         -7.69339132
  30.380        -12.83739567        -12.83739567        -12.83739567         -7.68645287         -7.68645287         -7.68645287
  30.434        -12.70709610        -12.70709610        -12.70709610         -7.69976425         -7.69976425         -7.69976425
  30.488        -12.44615269        -12.44615269        -12.44615269         -7.73299789         -7.73299789         -7.73299789
  30.541        -12.06606579        -12.06606579        -12.06606579         -7.78515482         -7.78515482         -7.78515482
  30.595        -11.58390141        -11.58390141        -11.58390141         -7.85463810         -7.85463810         -7.85463810
  30.649        -11.02073956        -11.02073956        -11.02073956         -7.93934298         -7.93934298         -7.93934298
  30.703        -10.40032864        -10.40032864        -10.40032864         -8.03676319         -8.03676319         -8.03676319
  30.756         -9.74633503         -9.74633503         -9.74633503         -8.14409351         -8.14409351         -8.14409351
  30.810         -9.08067322         -9.08067322         -9.08067322         -8.25831413         -8.25831413         -8.25831413
  30.864         -8.42165565         -8.42165565         -8.42165565         -8.37627602         -8.37627602         -8.37627602
  30.918         -7.78345585         -7.78345585         -7.78345585         -8.49479294         -8.49479294         -8.49479294
  30.971         -7.17709541         -7.17709541         -7.17709541         -8.61073589         -8.61073589         -8.61073589
  31.025         -6.61144495         -6.61144495         -6.61144495         -8.72114182         -8.72114182         -8.72114182
  31.079         -6.09468412         -6.09468412         -6.09468412         -8.82330799         -8.82330799         -8.82330799
  31.133         -5.63526869         -5.63526869         -5.63526869         -8.91487694         -8.91487694         -8.91487694
  31.187         -5.24216557         -5.24216557         -5.24216557         -8.99388218         -8.99388218         -8.99388218
  31.240         -4.92448616         -4.92448616         -4.92448616         -9.05876255         -9.05876255         -9.05876255
  31.294         -4.69088030         -4.69088030         -4.69088030         -9.10834408         -9.10834408         -9.10834408
  31.348         -4.54831743         -4.54831743         -4.54831743         -9.14179802         -9.14179802         -9.14179802
  31.402         -4.50143003         -4.50143003         -4.50143003         -9.15861034         -9.15861034         -9.15861034
  31.455         -4.55175400         -4.55175400         -4.55175400         -9.15853786         -9.15853786         -9.15853786
  31.509         -4.69760656         -4.69760656         -4.69760656         -9.14160824         -9.14160824         -9.14160824
  31.563         -4.93427038         -4.93427038         -4.93427038         -9.10809994         -9.10809994         -9.10809994
  31.617         -5.25460577         -5.25460577         -5.25460577         -9.05857754         -9.05857754         -9.05857754
  31.671         -5.64999962         -5.64999962         -5.64999962         -8.99391365         -8.99391365         -8.99391365
  31.724         -6.11128521         -6.11128521         -6.11128521         -8.91532326         -8.91532326         -8.91532326
  31.778         -6.62954521         -6.62954521         -6.62954521         -8.82441139         -8.82441139         -8.82441139
  31.832         -7.19638538         -7.19638538         -7.19638538         -8.72318459         -8.72318459         -8.72318459
  31.886         -7.80354452         -7.80354452         -7.80354452         -8.61403275         -8.61403275         -8.61403275
  31.939         -8.44216442         -8.44216442         -8.44216442         -8.49968243         -8.49968243         -8.49968243
  31.993         -9.10102940         -9.10102940         -9.10102940         -8.38311386         -8.38311386         -8.38311386
  32.047         -9.76577950         -9.76577950         -9.76577950         -8.26746655         -8.26746655         -8.26746655
  32.101        -10.41785049        -10.41785049        -10.41785049         -8.15592575         -8.15592575         -8.15592575
  32.154        -11.03546524        -11.03546524        -11.03546524         -8.05162621         -8.05162621         -8.05162621
  32.208        -11.59470272        -11.59470272        -11.59470272         -7.95757341         -7.95757341         -7.95757341
  32.262        -12.07186985        -12.07186985        -12.07186985         -7.87654829         -7.87654829         -7.87654829
  32.316        -12.44600964        -12.44600964        -12.44600964         -7.81102705         -7.81102705         -7.81102705
  32.370        -12.70046043        -12.70046043        -12.70046043         -7.76307297         -7.76307297         -7.76307297
  32.423        -12.82396698        -12.82396698        -12.82396698         -7.73424196         -7.73424196         -7.73424196
  32.477        -12.81107330        -12.81107330        -12.81107330         -7.72548485         -7.72548485         -7.72548485
  32.531        -12.66236305        -12.66236305        -12.66236305         -7.73708439         -7.73708439         -7.73708439
  32.585        -12.38418770        -12.38418770        -12.38418770         -7.76863432         -7.76863432         -7.76863432
  32.638        -11.98900318        -11.98900318        -11.98900318         -7.81906700         -7.81906700         -7.81906700
  32.692        -11.49446201        -11.49446201        -11.49446201         -7.88672638         -7.88672638         -7.88672638
  32.746        -10.92187405        -10.92187405        -10.92187405         -7.96946764         -7.96946764         -7.96946764
  32.800        -10.29541302        -10.29541302        -10.29541302         -8.06475258         -8.06475258         -8.06475258
  32.853         -9.63855839         -9.63855839         -9.63855839         -8.16975498         -8.16975498         -8.16975498
  32.907         -8.97270489         -8.97270489         -8.97270489         -8.28144360         -8.28144360         -8.28144360
  32.961         -8.31573105         -8.31573105         -8.31573105         -8.39666939         -8.39666939         -8.39666939
  33.015         -7.68122292         -7.68122292         -7.68122292         -8.51225090         -8.51225090         -8.51225090
  33.069         -7.07988787         -7.07988787         -7.07988787         -8.62508011         -8.62508011         -8.62508011
  33.122         -6.52035522         -6.52035522         -6.52035522         -8.73222160         -8.73222160         -8.73222160
  33.176         -6.01096821         -6.01096821         -6.01096821         -8.83101463         -8.83101463         -8.83101463
  33.230         -5.56008673         -5.56008673         -5.56008673         -8.91914845         -8.91914845         -8.91914845
  33.284         -5.17678022         -5.17678022         -5.17678022         -8.99470329         -8.99470329         -8.99470329
  33.337         -4.87017202         -4.87017202         -4.87017202         -9.05616283         -9.05616283         -9.05616283
  33.391         -4.64866638         -4.64866638         -4.64866638         -9.10238934         -9.10238934         -9.10238934
  33.445         -4.51903391         -4.51903391         -4.51903391         -9.13258648         -9.13258648         -9.13258648
  33.499         -4.48545933         -4.48545933         -4.48545933         -9.14626312         -9.14626312         -9.14626312
  33.552         -4.54907274         -4.54907274         -4.54907274         -9.14319992         -9.14319992         -9.14319992
  33.606         -4.70775557         -4.70775557         -4.70775557         -9.12343884         -9.12343884         -9.12343884
  33.660         -4.95637465         -4.95637465         -4.95637465         -9.08728218         -9.08728218         -9.08728218
  33.714         -5.28756714         -5.28756714         -5.28756714         -9.03531361         -9.03531361         -9.03531361
  33.768         -5.69259405         -5.69259405         -5.69259405         -8.96843529         -8.96843529         -8.96843529
  33.821         -6.16221094         -6.16221094         -6.16221094         -8.88790035         -8.88790035         -8.88790035
  33.875         -6.68770361         -6.68770361         -6.68770361         -8.79535580         -8.79535580         -8.79535580
  33.929         -7.26060486         -7.26060486         -7.26060486         -8.69284534         -8.69284534         -8.69284534
  33.983         -7.87267876         -7.87267876         -7.87267876         -8.58279705         -8.58279705         -8.58279705
  34.036         -8.51486397         -8.51486397         -8.51486397         -8.46797180         -8.46797180         -8.46797180
  34.090         -9.17556095         -9.17556095         -9.17556095         -8.35136986         -8.35136986         -8.35136986
  34.144         -9.83982658         -9.83982658         -9.83982658         -8.23613262         -8.23613262         -8.23613262
  34.198        -10.48870182        -10.48870182        -10.48870182         -8.12544250         -8.12544250         -8.12544250
  34.251        -11.09989643        -11.09989643        -11.09989643         -8.02242088         -8.02242088         -8.02242088
  34.305        -11.64932537        -11.64932537        -11.64932537         -7.93004322         -7.93004322         -7.93004322
  34.359        -12.11369896        -12.11369896        -12.11369896         -7.85105610         -7.85105610         -7.85105610
  34.413        -12.47249222        -12.47249222        -12.47249222         -7.78788233         -7.78788233         -7.78788233
  34.467        -12.70972061        -12.70972061        -12.70972061         -7.74252224         -7.74252224         -7.74252224
  34.520        -12.81488895        -12.81488895        -12.81488895         -7.71645594         -7.71645594         -7.71645594
  34.574        -12.78334904        -12.78334904        -12.78334904         -7.71054459         -7.71054459         -7.71054459
  34.628        -12.61657619        -12.61657619        -12.61657619         -7.72497749         -7.72497749         -7.72497749
  34.682        -12.32168674        -12.32168674        -12.32168674         -7.75925541         -7.75925541         -7.75925541
  34.735        -11.91190434        -11.91190434        -11.91190434         -7.81222486         -7.81222486         -7.81222486
  34.789        -11.40541553        -11.40541553        -11.40541553         -7.88215876         -7.88215876         -7.88215876
  34.843        -10.82420444        -10.82420444        -10.82420444         -7.96685028         -7.96685028         -7.96685028
  34.897        -10.19231319        -10.19231319        -10.19231319         -8.06371784         -8.06371784         -8.06371784
  34.950         -9.53312302         -9.53312302         -9.53312302         -8.16990089         -8.16990089         -8.16990089
  35.004         -8.86765575         -8.86765575         -8.86765575         -8.28234673         -8.28234673         -8.28234673
  35.058         -8.21304893         -8.21304893         -8.21304893         -8.39789391         -8.39789391         -8.39789391
  35.112         -7.58258247         -7.58258247         -7.58258247         -8.51336765         -8.51336765         -8.51336765
  35.166         -6.98658037         -6.98658037         -6.98658037         -8.62567711         -8.62567711         -8.62567711
  35.219         -6.43351316         -6.43351316         -6.43351316         -8.73192024         -8.73192024         -8.73192024
  35.273         -5.93166924         -5.93166924         -5.93166924         -8.82947540         -8.82947540         -8.82947540
  35.327         -5.48952675         -5.48952675         -5.48952675         -8.91608620         -8.91608620         -8.91608620
  35.381         -5.11623383         -5.11623383         -5.11623383         -8.98988724         -8.98988724         -8.98988724
  35.434         -4.82086754         -4.82086754         -4.82086754         -9.04941750         -9.04941750         -9.04941750
  35.488         -4.61160707         -4.61160707         -4.61160707         -9.09358501         -9.09358501         -9.09358501
  35.542         -4.49499941         -4.49499941         -4.49499941         -9.12164021         -9.12164021         -9.12164021
  35.596         -4.47476482         -4.47476482         -4.47476482         -9.13312912         -9.13312912         -9.13312912
  35.649         -4.55163383         -4.55163383         -4.55163383         -9.12786865         -9.12786865         -9.12786865
  35.703         -4.72302437         -4.72302437         -4.72302437         -9.10593700         -9.10593700         -9.10593700
  35.757         -4.98346615         -4.98346615         -4.98346615         -9.06767178         -9.06767178         -9.06767178
  35.811         -5.32533026         -5.32533026         -5.32533026         -9.01369858         -9.01369858         -9.01369858
  35.865         -5.73980093         -5.73980093         -5.73980093         -8.94496536         -8.94496536         -8.94496536
  35.918         -6.21767426         -6.21767426         -6.21767426         -8.86277676         -8.86277676         -8.86277676
  35.972         -6.75016403         -6.75016403         -6.75016403         -8.76883221         -8.76883221         -8.76883221
  36.026         -7.32900763         -7.32900763         -7.32900763         -8.66522980         -8.66522980         -8.66522980
  36.080         -7.94588995         -7.94588995         -7.94588995         -8.55444908         -8.55444908         -8.55444908
  36.133         -8.59138584         -8.59138584         -8.59138584         -8.43928814         -8.43928814         -8.43928814
  36.187         -9.25364208         -9.25364208         -9.25364208         -8.32277203         -8.32277203         -8.32277203
  36.241         -9.91710186         -9.91710186         -9.91710186         -8.20805550         -8.20805550         -8.20805550
  36.295        -10.56225967        -10.56225967        -10.56225967         -8.09831715         -8.09831715         -8.09831715
  36.348        -11.16648769        -11.16648769        -11.16648769         -7.99666548         -7.99666548         -7.99666548
  36.402        -11.70578671        -11.70578671        -11.70578671         -7.90604639         -7.90604639         -7.90604639
  36.456        -12.15701962        -12.15701962        -12.15701962         -7.82916927         -7.82916927         -7.82916927
  36.510        -12.50010777        -12.50010777        -12.50010777         -7.76840496         -7.76840496         -7.76840496
  36.564        -12.71996021        -12.71996021        -12.71996021         -7.72569036         -7.72569036         -7.72569036
  36.617        -12.80665302        -12.80665302        -12.80665302         -7.70242405         -7.70242405         -7.70242405
  36.671        -12.75660229        -12.75660229        -12.75660229         -7.69937992         -7.69937992         -7.69937992
  36.725        -12.57183933        -12.57183933        -12.57183933         -7.71665239         -7.71665239         -7.71665239
  36.779        -12.26047707        -12.26047707        -12.26047707         -7.75364923         -7.75364923         -7.75364923
  36.832        -11.83649635        -11.83649635        -11.83649635         -7.80913496         -7.80913496         -7.80913496
  36.886        -11.31851292        -11.31851292        -11.31851292         -7.88130903         -7.88130903         -7.88130903
  36.940        -10.72903252        -10.72903252        -10.72903252         -7.96790886         -7.96790886         -7.96790886
  36.994        -10.09215069        -10.09215069        -10.09215069         -8.06630802         -8.06630802         -8.06630802
  37.047         -9.43105507         -9.43105507         -9.43105507         -8.15486622         -8.15486622         -8.15486622
  37.101         -8.76627445         -8.76627445         -8.76627445         -8.24925995         -8.24925995         -8.24925995
  37.155         -8.11433506         -8.11433506         -8.11433506         -8.34632301         -8.34632301         -8.34632301
  37.209         -7.48809719         -7.48809719         -7.48809719         -8.44288158         -8.44288158         -8.44288158
  37.263         -6.89753342         -6.89753342         -6.89753342         -8.53586769         -8.53586769         -8.53586769
  37.316         -6.35104656         -6.35104656         -6.35104656         -8.62240982         -8.62240982         -8.62240982
  37.370         -5.85691357         -5.85691357         -5.85691357         -8.69993687         -8.69993687         -8.69993687
  37.424         -5.42370605         -5.42370605         -5.42370605         -8.76624012         -8.76624012         -8.76624012
  37.478         -5.06060123         -5.06060123         -5.06060123         -8.81951046         -8.81951046         -8.81951046
  37.531         -4.77659798         -4.77659798         -4.77659798         -8.85833931         -8.85833931         -8.85833931
  37.585         -4.57975531         -4.57975531         -4.57975531         -8.88168526         -8.88168526         -8.88168526
  37.639         -4.47620058         -4.47620058         -4.47620058         -8.88883972         -8.88883972         -8.88883972
  37.693         -4.46933985         -4.46933985         -4.46933985         -8.87938786         -8.87938786         -8.87938786
  37.747         -4.55940199         -4.55940199         -4.55940199         -8.85318184         -8.85318184         -8.85318184
  37.800         -4.74338722         -4.74338722         -4.74338722         -8.81033325         -8.81033325         -8.81033325
  37.854         -5.01550865         -5.01550865         -5.01550865         -8.75122070         -8.75122070         -8.75122070
  37.908         -5.36793470         -5.36793470         -5.36793470         -8.67651081         -8.67651081         -8.67651081
  37.962         -5.79165268         -5.79165268         -5.79165268         -8.58719444         -8.58719444         -8.58719444
  38.015         -6.27758360         -6.27758360         -6.27758360         -8.48463249         -8.48463249         -8.48463249
  38.069         -6.81693602         -6.81693602         -6.81693602         -8.37057686         -8.37057686         -8.37057686
  38.123         -7.40157318         -7.40157318         -7.40157318         -8.24718094         -8.24718094         -8.24718094
  38.177         -8.02298641         -8.02298641         -8.02298641         -8.11697292         -8.11697292         -8.11697292
  38.230         -8.67168808         -8.67168808         -8.67168808         -7.98278379         -7.98278379         -7.98278379
  38.284         -9.33518124         -9.33518124         -9.33518124         -7.84766531         -7.84766531         -7.84766531
  38.338         -9.99745560         -9.99745560         -9.99745560         -7.71477985         -7.71477985         -7.71477985
  38.392        -10.63855076        -10.63855076        -10.63855076         -7.58730316         -7.58730316         -7.58730316
  38.446        -11.23545170        -11.23545170        -11.23545170         -7.46832371         -7.46832371         -7.46832371
  38.499        -11.76413155        -11.76413155        -11.76413155         -7.36076450         -7.36076450         -7.36076450
  38.553        -12.20171833        -12.20171833        -12.20171833         -7.26729250         -7.26729250         -7.26729250
  38.607        -12.52895260        -12.52895260        -12.52895260         -7.19022417         -7.19022417         -7.19022417
  38.661        -12.73109722        -12.73109722        -12.73109722         -7.13143015         -7.13143015         -7.13143015
