 msvd2= -0.19647732824373521                5           5           8   1.0000000000000000E-008
 msvd2= -0.19511455627322968                5           5           8   1.0000000000000000E-008
 msvd2=  -4.9480026633282839E-002           5           5           8   1.0000000000000000E-008
 msvd2=  -4.8117254662777331E-002           5           5           8   1.0000000000000000E-008
 msvd2= -0.34781425000738136                5           5           8   1.0000000000000000E-008
 msvd2= -0.20081694839692904                5           5           8   1.0000000000000000E-008
 msvd2= -0.91908715680756903                5           5           8   1.0000000000000000E-008
 msvd2= -0.77208985519711659                5           5           8   1.0000000000000000E-008
 msvd2= -0.80587623859975976                5           5           8   1.0000000000000000E-008
 msvd2= -0.65887893698930733                5           5           8   1.0000000000000000E-008
 msvd2= -0.69266532039195050                5           5           8   1.0000000000000000E-008
 msvd2= -0.54566801878149807                5           5           8   1.0000000000000000E-008
 msvd2= -0.57945440218414124                5           5           8   1.0000000000000000E-008
 msvd2= -0.43245710057368886                5           5           8   1.0000000000000000E-008
 msvd2= -0.46624348397633192                5           5           8   1.0000000000000000E-008
 msvd2= -0.31924618236587959                5           5           8   1.0000000000000000E-008
 msvd2= -0.35303256576852265                5           5           8   1.0000000000000000E-008
 msvd2= -0.20603526415807033                5           5           8   1.0000000000000000E-008
 msvd2= -0.23982164756071339                5           5           8   1.0000000000000000E-008
 msvd2=  -9.2824345950261053E-002           5           5           8   1.0000000000000000E-008
 msvd2= -0.12661072935290416                5           5           8   1.0000000000000000E-008
 msvd2=   2.0386572257548197E-002           5           5           8   1.0000000000000000E-008
 msvd2=  -1.3399811145094892E-002           5           5           8   1.0000000000000000E-008
 msvd2=  0.13359749046535746                5           5           8   1.0000000000000000E-008
 msvd2=   9.9811107062714385E-002           5           5           8   1.0000000000000000E-008
 msvd2=  0.24680840867316672                5           5           8   1.0000000000000000E-008
 msvd2=  0.21302202527052366                5           5           8   1.0000000000000000E-008
 msvd2=  0.36001932688097599                5           5           8   1.0000000000000000E-008
 msvd2=  0.32623294347833293                5           5           8   1.0000000000000000E-008
 msvd2=  0.47323024508878525                5           5           8   1.0000000000000000E-008
 msvd2=  0.43944386168614219                5           5           8   1.0000000000000000E-008
 msvd2=  0.58644116329659457                5           5           8   1.0000000000000000E-008
