  -3.4015070392E+001   1.7636989395E-001
  -3.3860456436E+001   1.7657590407E-001
  -3.3705842479E+001   1.7717847315E-001
  -3.3551228523E+001   1.7814128203E-001
  -3.3396614567E+001   1.7942557335E-001
  -3.3242000610E+001   1.8102759603E-001
  -3.3087386654E+001   1.8303835939E-001
  -3.2932772698E+001   1.8574033964E-001
  -3.2778158741E+001   1.8977902703E-001
  -3.2623544785E+001   1.9650340778E-001
  -3.2468930829E+001   2.0867368300E-001
  -3.2314316872E+001   2.3181274597E-001
  -3.2159702916E+001   2.7633246761E-001
  -3.2005088960E+001   3.6041244220E-001
  -3.1850475003E+001   5.1587182217E-001
  -3.1695861047E+001   8.0395041082E-001
  -3.1541247091E+001   1.3210467177E+000
  -3.1386633134E+001   2.0638149835E+000
  -3.1232019178E+001   2.6369169264E+000
  -3.1077405222E+001   2.5049887935E+000
  -3.0922791265E+001   1.8055918345E+000
  -3.0768177309E+001   1.1180714546E+000
  -3.0613563353E+001   6.8755271855E-001
  -3.0458949396E+001   4.5319918547E-001
  -3.0304335440E+001   3.2641787557E-001
  -3.0149721484E+001   2.5818958974E-001
  -2.9995107527E+001   2.2236206155E-001
  -2.9840493571E+001   2.0374286126E-001
  -2.9685879615E+001   1.9382820298E-001
  -2.9531265658E+001   1.8821531131E-001
  -2.9376651702E+001   1.8472721113E-001
  -2.9222037746E+001   1.8230451472E-001
  -2.9067423789E+001   1.8044932046E-001
  -2.8912809833E+001   1.7895716131E-001
  -2.8758195877E+001   1.7777706138E-001
  -2.8603581920E+001   1.7692982194E-001
  -2.8448967964E+001   1.7645662398E-001
  -2.8294354008E+001   1.7638779191E-001
  -2.8139740052E+001   1.7672807936E-001
  -2.7985126095E+001   1.7745476773E-001
  -2.7830512139E+001   1.7852771653E-001
  -2.7675898183E+001   1.7991472584E-001
  -2.7521284226E+001   1.8163562209E-001
  -2.7366670270E+001   1.8383191216E-001
  -2.7212056314E+001   1.8688243147E-001
  -2.7057442357E+001   1.9161645544E-001
  -2.6902828401E+001   1.9974867469E-001
  -2.6748214445E+001   2.1477119321E-001
  -2.6593600488E+001   2.4356543842E-001
  -2.6438986532E+001   2.9876026225E-001
  -2.6284372576E+001   4.0209871849E-001
  -2.6129758619E+001   5.9285246073E-001
  -2.5975144663E+001   9.4624801618E-001
  -2.5820530707E+001   1.5529206696E+000
  -2.5665916750E+001   2.3056058179E+000
  -2.5511302794E+001   2.6831276849E+000
  -2.5356688838E+001   2.3056081221E+000
  -2.5202074881E+001   1.5529252655E+000
  -2.5047460925E+001   9.4625487807E-001
  -2.4892846969E+001   5.9286154739E-001
  -2.4738233012E+001   4.0210997113E-001
  -2.4583619056E+001   2.9877360213E-001
  -2.4429005100E+001   2.4358076440E-001
  -2.4274391143E+001   2.1478837896E-001
  -2.4119777187E+001   1.9976756532E-001
  -2.3965163231E+001   1.9163686338E-001
  -2.3810549274E+001   1.8690413154E-001
  -2.3655935318E+001   1.8385463585E-001
  -2.3501321362E+001   1.8165905118E-001
  -2.3346707405E+001   1.7993848495E-001
  -2.3192093449E+001   1.7855136501E-001
  -2.3037479493E+001   1.7747779072E-001
  -2.2882865536E+001   1.7674987816E-001
  -2.2728251580E+001   1.7640767390E-001
  -2.2573637624E+001   1.7647379257E-001
  -2.2419023667E+001   1.7694336710E-001
  -2.2264409711E+001   1.7778595116E-001
  -2.2109795755E+001   1.7896023540E-001
  -2.1955181798E+001   1.8044528664E-001
  -2.1800567842E+001   1.8229194869E-001
  -2.1645953886E+001   1.8470456067E-001
  -2.1491339929E+001   1.8818090655E-001
  -2.1336725973E+001   1.9378027576E-001
  -2.1182112017E+001   2.0367957830E-001
  -2.1027498060E+001   2.2228157546E-001
  -2.0872884104E+001   2.5809010174E-001
  -2.0718270148E+001   3.2629768637E-001
  -2.0563656191E+001   4.5305670939E-001
  -2.0409042235E+001   6.8738646492E-001
  -2.0254428279E+001   1.1178798722E+000
  -2.0099814323E+001   1.8053724563E+000
  -1.9945200366E+001   2.5047361844E+000
  -1.9790586410E+001   2.6366209172E+000
  -1.9635972454E+001   2.0634619463E+000
  -1.9481358497E+001   1.3206231710E+000
  -1.9326744541E+001   8.0344498092E-001
  -1.9172130585E+001   5.1527448181E-001
  -1.9017516628E+001   3.5971331005E-001
  -1.8862902672E+001   2.7552136497E-001
  -1.8708288716E+001   2.3087901490E-001
  -1.8553674759E+001   2.0760589167E-001
  -1.8399060803E+001   1.9528903712E-001
  -1.8244446847E+001   1.8840424228E-001
  -1.8089832890E+001   1.8418982417E-001
  -1.7935218934E+001   1.8129515059E-001
  -1.7780604978E+001   1.7907289202E-001
  -1.7625991021E+001   1.7723851531E-001
  -1.7471377065E+001   1.7569873649E-001
  -1.7316763109E+001   1.7445484539E-001
  -1.7162149152E+001   1.7354301236E-001
  -1.7007535196E+001   1.7299693249E-001
  -1.6852921240E+001   1.7282810929E-001
  -1.6698307283E+001   1.7302018638E-001
  -1.6543693327E+001   1.7353495047E-001
  -1.6389079371E+001   1.7433237686E-001
  -1.6234465414E+001   1.7540830517E-001
  -1.6079851458E+001   1.7685444076E-001
  -1.5925237502E+001   1.7895534224E-001
  -1.5770623545E+001   1.8236035359E-001
  -1.5616009589E+001   1.8842468878E-001
  -1.5461395633E+001   1.9991801578E-001
  -1.5306781676E+001   2.2237677662E-001
  -1.5152167720E+001   2.6623045333E-001
  -1.4997553764E+001   3.4967857140E-001
  -1.4842939807E+001   5.0455994640E-001
  -1.4688325851E+001   7.9213133866E-001
  -1.4533711895E+001   1.3087912886E+000
  -1.4379097938E+001   2.0511290601E+000
  -1.4224483982E+001   2.6236337703E+000
  -1.4069870026E+001   2.4907395549E+000
  -1.3915256069E+001   1.7899475309E+000
  -1.3760642113E+001   1.1007232259E+000
  -1.3606028157E+001   6.6835401643E-001
  -1.3451414200E+001   4.3210635526E-001
  -1.3296800244E+001   3.0344608041E-001
  -1.3142186288E+001   2.3340275077E-001
  -1.2987572331E+001   1.9586678057E-001
  -1.2832958375E+001   1.7567879049E-001
  -1.2678344419E+001   1.6436119709E-001
  -1.2523730462E+001   1.5753519620E-001
  -1.2369116506E+001   1.5304743406E-001
  -1.2214502550E+001   1.4986096364E-001
  -1.2059888594E+001   1.4749739194E-001
  -1.1905274637E+001   1.4576751163E-001
  -1.1750660681E+001   1.4463087889E-001
  -1.1596046725E+001   1.4411423650E-001
  -1.1441432768E+001   1.4426046614E-001
  -1.1286818812E+001   1.4509758366E-001
  -1.1132204856E+001   1.4662394628E-001
  -1.0977590899E+001   1.4880590907E-001
  -1.0822976943E+001   1.5158714480E-001
  -1.0668362987E+001   1.5491317811E-001
  -1.0513749030E+001   1.5877484985E-001
  -1.0359135074E+001   1.6327796024E-001
  -1.0204521118E+001   1.6875989885E-001
  -1.0049907161E+001   1.7600483394E-001
  -9.8952932049E+000   1.8668140107E-001
  -9.7406792486E+000   2.0423694857E-001
  -9.5860652923E+000   2.3550999234E-001
  -9.4314513359E+000   2.9308707845E-001
  -9.2768373796E+000   3.9866809188E-001
  -9.1222234233E+000   5.9147557551E-001
  -8.9676094670E+000   9.4665371655E-001
  -8.8129955106E+000   1.5546938609E+000
  -8.6583815543E+000   2.3082874330E+000
  -8.5037675980E+000   2.6866165605E+000
  -8.3491536417E+000   2.3102016066E+000
  -8.1945396853E+000   1.5587639673E+000
  -8.0399257290E+000   9.5318973737E-001
  -7.8853117727E+000   6.0072307341E-001
  -7.7306978164E+000   4.1078528712E-001
  -7.5760838600E+000   3.0815255812E-001
  -7.4214699037E+000   2.5352610774E-001
  -7.2668559474E+000   2.2513916430E-001
  -7.1122419910E+000   2.1035293439E-001
  -6.9576280347E+000   2.0228837231E-001
  -6.8030140784E+000   1.9746413951E-001
  -6.6484001221E+000   1.9418158110E-001
  -6.4937861657E+000   1.9163062545E-001
  -6.3391722094E+000   1.8945314304E-001
  -6.1845582531E+000   1.8752830465E-001
  -6.0299442968E+000   1.8585560479E-001
  -5.8753303404E+000   1.8448424959E-001
  -5.7207163841E+000   1.8346855600E-001
  -5.5661024278E+000   1.8284248256E-001
  -5.4114884714E+000   1.8260979066E-001
  -5.2568745151E+000   1.8274635878E-001
  -5.1022605588E+000   1.8321539539E-001
  -4.9476466025E+000   1.8399917672E-001
  -4.7930326461E+000   1.8515089196E-001
  -4.6384186898E+000   1.8687671120E-001
  -4.4838047335E+000   1.8967598949E-001
  -4.3291907772E+000   1.9460949682E-001
  -4.1745768208E+000   2.0385546679E-001
  -4.0199628645E+000   2.2181698869E-001
  -3.8653489082E+000   2.5699476047E-001
  -3.7107349518E+000   3.2457024546E-001
  -3.5561209955E+000   4.5067077493E-001
  -3.4015070392E+000   6.8426588135E-001
  -3.2468930829E+000   1.1138595561E+000
  -3.0922791265E+000   1.8002175918E+000
  -2.9376651702E+000   2.4984053484E+000
  -2.7830512139E+000   2.6295443290E+000
  -2.6284372576E+000   2.0561355423E+000
  -2.4738233012E+000   1.3130374507E+000
  -2.3192093449E+000   7.9526122087E-001
  -2.1645953886E+000   5.0620121532E-001
  -2.0099814323E+000   3.4959442781E-001
  -1.8553674759E+000   2.6430038446E-001
  -1.7007535196E+000   2.1856767399E-001
  -1.5461395633E+000   1.9426253352E-001
  -1.3915256069E+000   1.8100289654E-001
  -1.2369116506E+000   1.7328659667E-001
  -1.0822976943E+000   1.6837013762E-001
  -9.2768373796E-001   1.6491906854E-001
  -7.7306978164E-001   1.6230019036E-001
  -6.1845582531E-001   1.6024057991E-001
  -4.6384186898E-001   1.5865584930E-001
  -3.0922791265E-001   1.5755360207E-001
  -1.5461395633E-001   1.5697399802E-001
   0.0000000000E+000   1.5695258769E-001
   1.5461395633E-001   1.5750059637E-001
   3.0922791265E-001   1.5859902332E-001
   4.6384186898E-001   1.6020420587E-001
   6.1845582531E-001   1.6226729456E-001
   7.7306978164E-001   1.6477135102E-001
   9.2768373796E-001   1.6779094343E-001
   1.0822976943E+000   1.7158908756E-001
   1.2369116506E+000   1.7678956030E-001
   1.3915256069E+000   1.8471856357E-001
   1.5461395633E+000   1.9811344799E-001
   1.7007535196E+000   2.2247395154E-001
   1.8553674759E+000   2.6818616578E-001
   2.0099814323E+000   3.5339753191E-001
   2.1645953886E+000   5.0988378189E-001
   2.3192093449E+000   7.9881578155E-001
   2.4738233012E+000   1.3164791150E+000
   2.6284372576E+000   2.0594687790E+000
   2.7830512139E+000   2.6327191753E+000
   2.9376651702E+000   2.5013139175E+000
   3.0922791265E+000   1.8027443419E+000
   3.2468930829E+000   1.1159345619E+000
   3.4015070392E+000   6.8586566858E-001
   3.5561209955E+000   4.5178265609E-001
   3.7107349518E+000   3.2516962602E-001
   3.8653489082E+000   2.5704372604E-001
   4.0199628645E+000   2.2127190948E-001
   4.1745768208E+000   2.0267571767E-001
   4.3291907772E+000   1.9276408553E-001
   4.4838047335E+000   1.8714761123E-001
   4.6384186898E+000   1.8366385907E-001
   4.7930326461E+000   1.8126859952E-001
   4.9476466025E+000   1.7947868558E-001
   5.1022605588E+000   1.7810295379E-001
   5.2568745151E+000   1.7710141377E-001
   5.4114884714E+000   1.7650287640E-001
   5.5661024278E+000   1.7635306352E-001
   5.7207163841E+000   1.7668298483E-001
   5.8753303404E+000   1.7749389211E-001
   6.0299442968E+000   1.7875509519E-001
   6.1845582531E+000   1.8041384263E-001
   6.3391722094E+000   1.8242073874E-001
   6.4937861657E+000   1.8477423233E-001
   6.6484001221E+000   1.8759112728E-001
   6.8030140784E+000   1.9122355402E-001
   6.9576280347E+000   1.9647375864E-001
   7.1122419910E+000   2.0503105319E-001
   7.2668559474E+000   2.2036643523E-001
   7.4214699037E+000   2.4934860889E-001
   7.5760838600E+000   3.0460806078E-001
   7.7306978164E+000   4.0790938043E-001
   7.8853117727E+000   5.9856531875E-001
   8.0399257290E+000   9.5185168142E-001
   8.1945396853E+000   1.5584299364E+000
   8.3491536417E+000   2.3109813001E+000
   8.5037675980E+000   2.6881847245E+000
   8.6583815543E+000   2.3100601577E+000
   8.8129955106E+000   1.5565478880E+000
   8.9676094670E+000   9.4895396805E-001
   9.1222234233E+000   5.9460390900E-001
   9.2768373796E+000   4.0285089998E-001
   9.4314513359E+000   2.9843596518E-001
   9.5860652923E+000   2.4206371238E-001
   9.7406792486E+000   2.1198538722E-001
   9.8952932049E+000   1.9558378108E-001
   1.0049907161E+001   1.8600137380E-001
   1.0204521118E+001   1.7977704306E-001
   1.0359135074E+001   1.7523037521E-001
   1.0513749030E+001   1.7156695980E-001
   1.0668362987E+001   1.6844127675E-001
   1.0822976943E+001   1.6574191400E-001
   1.0977590899E+001   1.6347482543E-001
   1.1132204856E+001   1.6169319961E-001
   1.1286818812E+001   1.6045339436E-001
   1.1441432768E+001   1.5978989522E-001
   1.1596046725E+001   1.5970569465E-001
   1.1750660681E+001   1.6017457208E-001
   1.1905274637E+001   1.6115603813E-001
   1.2059888594E+001   1.6262664682E-001
   1.2214502550E+001   1.6463139585E-001
   1.2369116506E+001   1.6736552975E-001
   1.2523730462E+001   1.7131486747E-001
   1.2678344419E+001   1.7752465859E-001
   1.2832958375E+001   1.8815671107E-001
   1.2987572331E+001   2.0759816190E-001
   1.3142186288E+001   2.4433585705E-001
   1.3296800244E+001   3.1354170974E-001
   1.3451414200E+001   4.4134238801E-001
   1.3606028157E+001   6.7672801500E-001
   1.3760642113E+001   1.1082575151E+000
   1.3915256069E+001   1.7967132656E+000
   1.4069870026E+001   2.4968901476E+000
   1.4224483982E+001   2.6293851650E+000
   1.4379097938E+001   2.0566665087E+000
   1.4533711895E+001   1.3141954644E+000
   1.4688325851E+001   7.9739432548E-001
   1.4842939807E+001   5.0964172467E-001
   1.4997553764E+001   3.5454034232E-001
   1.5152167720E+001   2.7084246608E-001
   1.5306781676E+001   2.2671902471E-001
   1.5461395633E+001   2.0398011054E-001
   1.5616009589E+001   1.9220467493E-001
   1.5770623545E+001   1.8586273671E-001
   1.5925237502E+001   1.8218912999E-001
   1.6079851458E+001   1.7983161055E-001
   1.6234465414E+001   1.7814270186E-001
   1.6389079371E+001   1.7683890563E-001
   1.6543693327E+001   1.7582895314E-001
   1.6698307283E+001   1.7511694646E-001
   1.6852921240E+001   1.7474246716E-001
   1.7007535196E+001   1.7474300347E-001
   1.7162149152E+001   1.7513399951E-001
   1.7316763109E+001   1.7590293498E-001
   1.7471377065E+001   1.7701506269E-001
   1.7625991021E+001   1.7843318052E-001
   1.7780604978E+001   1.8015502986E-001
   1.7935218934E+001   1.8227301807E-001
   1.8089832890E+001   1.8507090702E-001
   1.8244446847E+001   1.8919535549E-001
   1.8399060803E+001   1.9599640555E-001
   1.8553674759E+001   2.0823520990E-001
   1.8708288716E+001   2.3143551150E-001
   1.8862902672E+001   2.7600991550E-001
   1.9017516628E+001   3.6013861399E-001
   1.9172130585E+001   5.1564122441E-001
   1.9326744541E+001   8.0375791424E-001
   1.9481358497E+001   1.3208874133E+000
   1.9635972454E+001   2.0636838917E+000
   1.9790586410E+001   2.6368088315E+000
   1.9945200366E+001   2.5048987123E+000
   2.0099814323E+001   1.8055158509E+000
   2.0254428279E+001   1.1180070023E+000
   2.0409042235E+001   6.8749814452E-001
   2.0563656191E+001   4.5315323449E-001
   2.0718270148E+001   3.2637944719E-001
   2.0872884104E+001   2.5815766532E-001
   2.1027498060E+001   2.2233567569E-001
   2.1182112017E+001   2.0372109114E-001
   2.1336725973E+001   1.9381017268E-001
   2.1491339929E+001   1.8820020165E-001
   2.1645953886E+001   1.8471426775E-001
   2.1800567842E+001   1.8229305228E-001
   2.1955181798E+001   1.8043872377E-001
   2.2109795755E+001   1.7894688458E-001
   2.2264409711E+001   1.7776662586E-001
   2.2419023667E+001   1.7691881261E-001
   2.2573637624E+001   1.7644468551E-001
   2.2728251580E+001   1.7637462389E-001
   2.2882865536E+001   1.7671343114E-001
   2.3037479493E+001   1.7743843327E-001
   2.3192093449E+001   1.7850952940E-001
   2.3346707405E+001   1.7989455444E-001
   2.3501321362E+001   1.8161336528E-001
   2.3655935318E+001   1.8380749533E-001
   2.3810549274E+001   1.8685580294E-001
   2.3965163231E+001   1.9158758307E-001
   2.4119777187E+001   1.9971754273E-001
   2.4274391143E+001   2.1473779947E-001
   2.4429005100E+001   2.4352979200E-001
   2.4583619056E+001   2.9872238232E-001
   2.4738233012E+001   4.0205863414E-001
   2.4892846969E+001   5.9281021132E-001
   2.5047460925E+001   9.4620365109E-001
   2.5202074881E+001   1.5528742463E+000
   2.5356688838E+001   2.3055573982E+000
   2.5511302794E+001   2.6830773306E+000
   2.5665916750E+001   2.3055558925E+000
   2.5820530707E+001   1.5528712171E+000
   2.5975144663E+001   9.4619906767E-001
   2.6129758619E+001   5.9280403782E-001
   2.6284372576E+001   4.0205083673E-001
   2.6438986532E+001   2.9871293384E-001
   2.6593600488E+001   2.4351867383E-001
   2.6748214445E+001   2.1472500199E-001
   2.6902828401E+001   1.9970306576E-001
   2.7057442357E+001   1.9157143726E-001
   2.7212056314E+001   1.8683801219E-001
   2.7366670270E+001   1.8378809980E-001
   2.7521284226E+001   1.8159242476E-001
   2.7675898183E+001   1.7987215195E-001
   2.7830512139E+001   1.7848577507E-001
   2.7985126095E+001   1.7741346838E-001
   2.8139740052E+001   1.7668743270E-001
   2.8294354008E+001   1.7634780958E-001
   2.8448967964E+001   1.7641731881E-001
   2.8603581920E+001   1.7689120799E-001
   2.8758195877E+001   1.7773915404E-001
   2.8912809833E+001   1.7891997734E-001
   2.9067423789E+001   1.8041287800E-001
   2.9222037746E+001   1.8226883326E-001
   2.9376651702E+001   1.8469231148E-001
   2.9531265658E+001   1.8818121558E-001
   2.9685879615E+001   1.9379493443E-001
   2.9840493571E+001   2.0371044427E-001
   2.9995107527E+001   2.2233052150E-001
   3.0149721484E+001   2.5815895286E-001
   3.0304335440E+001   3.2638816885E-001
   3.0458949396E+001   4.5317043653E-001
   3.0613563353E+001   6.8752495543E-001
   3.0768177309E+001   1.1180447057E+000
   3.0922791265E+001   1.8055661282E+000
   3.1077405222E+001   2.5049641584E+000
   3.1232019178E+001   2.6368933907E+000
   3.1386633134E+001   2.0637925754E+000
   3.1541247091E+001   1.3210254645E+000
   3.1695861047E+001   8.0393033935E-001
   3.1850475003E+001   5.1585295845E-001
   3.2005088960E+001   3.6039481126E-001
   3.2159702916E+001   2.7631609338E-001
   3.2314316872E+001   2.3179765111E-001
   3.2468930829E+001   2.0865988876E-001
   3.2623544785E+001   1.9649093394E-001
   3.2778158741E+001   1.8976789173E-001
   3.2932772698E+001   1.8573055927E-001
   3.3087386654E+001   1.8302994851E-001
   3.3242000610E+001   1.8102056729E-001
   3.3396614567E+001   1.7941993741E-001
   3.3551228523E+001   1.7813704748E-001
   3.3705842479E+001   1.7717564649E-001
   3.3860456436E+001   1.7657448965E-001
