  -3.4015070392E+001   1.7635606255E-001
  -3.3860456436E+001   1.7656301681E-001
  -3.3705842479E+001   1.7716674686E-001
  -3.3551228523E+001   1.7813092257E-001
  -3.3396614567E+001   1.7941677022E-001
  -3.3242000610E+001   1.8102051758E-001
  -3.3087386654E+001   1.8303314876E-001
  -3.2932772698E+001   1.8573711126E-001
  -3.2778158741E+001   1.8977786360E-001
  -3.2623544785E+001   1.9650435746E-001
  -3.2468930829E+001   2.0867675686E-001
  -3.2314316872E+001   2.3181791571E-001
  -3.2159702916E+001   2.7633966363E-001
  -3.2005088960E+001   3.6042155236E-001
  -3.1850475003E+001   5.1588269351E-001
  -3.1695861047E+001   8.0396286377E-001
  -3.1541247091E+001   1.3210605833E+000
  -3.1386633134E+001   2.0638301130E+000
  -3.1232019178E+001   2.6369330624E+000
  -3.1077405222E+001   2.5050054881E+000
  -3.0922791265E+001   1.8056086873E+000
  -3.0768177309E+001   1.1180882562E+000
  -3.0613563353E+001   6.8756930538E-001
  -3.0458949396E+001   4.5321536065E-001
  -3.0304335440E+001   3.2643344070E-001
  -3.0149721484E+001   2.5820437524E-001
  -2.9995107527E+001   2.2237593529E-001
  -2.9840493571E+001   2.0375572896E-001
  -2.9685879615E+001   1.9384000693E-001
  -2.9531265658E+001   1.8822602870E-001
  -2.9376651702E+001   1.8473685201E-001
  -2.9222037746E+001   1.8231311975E-001
  -2.9067423789E+001   1.8045695846E-001
  -2.8912809833E+001   1.7896392656E-001
  -2.8758195877E+001   1.7778307042E-001
  -2.8603581920E+001   1.7693520973E-001
  -2.8448967964E+001   1.7646153945E-001
  -2.8294354008E+001   1.7639239285E-001
  -2.8139740052E+001   1.7673252694E-001
  -2.7985126095E+001   1.7745922100E-001
  -2.7830512139E+001   1.7853232716E-001
  -2.7675898183E+001   1.7991963342E-001
  -2.7521284226E+001   1.8164095009E-001
  -2.7366670270E+001   1.8383776454E-001
  -2.7212056314E+001   1.8688888987E-001
  -2.7057442357E+001   1.9162357661E-001
  -2.6902828401E+001   1.9975648820E-001
  -2.6748214445E+001   2.1477969934E-001
  -2.6593600488E+001   2.4357460631E-001
  -2.6438986532E+001   2.9877002842E-001
  -2.6284372576E+001   4.0210898632E-001
  -2.6129758619E+001   5.9286310498E-001
  -2.5975144663E+001   9.4625890486E-001
  -2.5820530707E+001   1.5529317034E+000
  -2.5665916750E+001   2.3056169014E+000
  -2.5511302794E+001   2.6831385689E+000
  -2.5356688838E+001   2.3056184270E+000
  -2.5202074881E+001   1.5529347558E+000
  -2.5047460925E+001   9.4626348523E-001
  -2.4892846969E+001   5.9286921252E-001
  -2.4738233012E+001   4.0211661548E-001
  -2.4583619056E+001   2.9877916628E-001
  -2.4429005100E+001   2.4358522955E-001
  -2.4274391143E+001   2.1479177085E-001
  -2.4119777187E+001   1.9976995300E-001
  -2.3965163231E+001   1.9163835695E-001
  -2.3810549274E+001   1.8690487936E-001
  -2.3655935318E+001   1.8385482156E-001
  -2.3501321362E+001   1.8165889027E-001
  -2.3346707405E+001   1.7993822116E-001
  -2.3192093449E+001   1.7855126633E-001
  -2.3037479493E+001   1.7747814475E-001
  -2.2882865536E+001   1.7675098683E-001
  -2.2728251580E+001   1.7640984746E-001
  -2.2573637624E+001   1.7647734302E-001
  -2.2419023667E+001   1.7694860129E-001
  -2.2264409711E+001   1.7779316401E-001
  -2.2109795755E+001   1.7896970340E-001
  -2.1955181798E+001   1.8045726208E-001
  -2.1800567842E+001   1.8230665448E-001
  -2.1645953886E+001   1.8472218589E-001
  -2.1491339929E+001   1.8820160253E-001
  -2.1336725973E+001   1.9380415245E-001
  -2.1182112017E+001   2.0370670093E-001
  -2.1027498060E+001   2.2231196150E-001
  -2.0872884104E+001   2.5812371834E-001
  -2.0718270148E+001   3.2633444823E-001
  -2.0563656191E+001   4.5309647848E-001
  -2.0409042235E+001   6.8742905850E-001
  -2.0254428279E+001   1.1179250926E+000
  -2.0099814323E+001   1.8054201223E+000
  -1.9945200366E+001   2.5047860511E+000
  -1.9790586410E+001   2.6366725303E+000
  -1.9635972454E+001   2.0635147864E+000
  -1.9481358497E+001   1.3206768929E+000
  -1.9326744541E+001   8.0349933287E-001
  -1.9172130585E+001   5.1532917713E-001
  -1.9017516628E+001   3.5976803721E-001
  -1.8862902672E+001   2.7557582572E-001
  -1.8708288716E+001   2.3093293961E-001
  -1.8553674759E+001   2.0765904231E-001
  -1.8399060803E+001   1.9534120739E-001
  -1.8244446847E+001   1.8845525728E-001
  -1.8089832890E+001   1.8423953983E-001
  -1.7935218934E+001   1.8134345293E-001
  -1.7780604978E+001   1.7911969627E-001
  -1.7625991021E+001   1.7728376481E-001
  -1.7471377065E+001   1.7574240123E-001
  -1.7316763109E+001   1.7449691999E-001
  -1.7162149152E+001   1.7358351336E-001
  -1.7007535196E+001   1.7303589497E-001
  -1.6852921240E+001   1.7286558301E-001
  -1.6698307283E+001   1.7305623171E-001
  -1.6543693327E+001   1.7356963442E-001
  -1.6389079371E+001   1.7436576949E-001
  -1.6234465414E+001   1.7544047656E-001
  -1.6079851458E+001   1.7688545853E-001
  -1.5925237502E+001   1.7898526947E-001
  -1.5770623545E+001   1.8238924701E-001
  -1.5616009589E+001   1.8845259705E-001
  -1.5461395633E+001   1.9994497786E-001
  -1.5306781676E+001   2.2240282024E-001
  -1.5152167720E+001   2.6625559325E-001
  -1.4997553764E+001   3.4970280703E-001
  -1.4842939807E+001   5.0458326069E-001
  -1.4688325851E+001   7.9215370745E-001
  -1.4533711895E+001   1.3088127077E+000
  -1.4379097938E+001   2.0511495310E+000
  -1.4224483982E+001   2.6236531353E+000
  -1.4069870026E+001   2.4907574036E+000
  -1.3915256069E+001   1.7899634782E+000
  -1.3760642113E+001   1.1007371073E+000
  -1.3606028157E+001   6.6836575540E-001
  -1.3451414200E+001   4.3211586599E-001
  -1.3296800244E+001   3.0345328502E-001
  -1.3142186288E+001   2.3340760347E-001
  -1.2987572331E+001   1.9586927153E-001
  -1.2832958375E+001   1.7567894135E-001
  -1.2678344419E+001   1.6435905672E-001
  -1.2523730462E+001   1.5753083835E-001
  -1.2369116506E+001   1.5304095611E-001
  -1.2214502550E+001   1.4985248548E-001
  -1.2059888594E+001   1.4748705463E-001
  -1.1905274637E+001   1.4575547590E-001
  -1.1750660681E+001   1.4461732332E-001
  -1.1596046725E+001   1.4409935526E-001
  -1.1441432768E+001   1.4424446621E-001
  -1.1286818812E+001   1.4508068121E-001
  -1.1132204856E+001   1.4660636221E-001
  -1.0977590899E+001   1.4878786360E-001
  -1.0822976943E+001   1.5156885137E-001
  -1.0668362987E+001   1.5489483670E-001
  -1.0513749030E+001   1.5875664004E-001
  -1.0359135074E+001   1.6326003457E-001
  -1.0204521118E+001   1.6874237674E-001
  -1.0049907161E+001   1.7598779673E-001
  -9.8952932049E+000   1.8666488864E-001
  -9.7406792486E+000   2.0422095855E-001
  -9.5860652923E+000   2.3549448397E-001
  -9.4314513359E+000   2.9307198371E-001
  -9.2768373796E+000   3.9865333550E-001
  -9.1222234233E+000   5.9146110534E-001
  -8.9676094670E+000   9.4663954950E-001
  -8.8129955106E+000   1.5546801054E+000
  -8.6583815543E+000   2.3082740965E+000
  -8.5037675980E+000   2.6866031485E+000
  -8.3491536417E+000   2.3101872897E+000
  -8.1945396853E+000   1.5587483476E+000
  -8.0399257290E+000   9.5317295576E-001
  -7.8853117727E+000   6.0070535996E-001
  -7.7306978164E+000   4.1076675774E-001
  -7.5760838600E+000   3.0813323835E-001
  -7.4214699037E+000   2.5350598067E-001
  -7.2668559474E+000   2.2511820600E-001
  -7.1122419910E+000   2.1033114073E-001
  -6.9576280347E+000   2.0226577544E-001
  -6.8030140784E+000   1.9744081447E-001
  -6.6484001221E+000   1.9415764618E-001
  -6.4937861657E+000   1.9160623918E-001
  -6.3391722094E+000   1.8942849908E-001
  -6.1845582531E+000   1.8750362494E-001
  -6.0299442968E+000   1.8583113113E-001
  -5.8753303404E+000   1.8446023386E-001
  -5.7207163841E+000   1.8344524963E-001
  -5.5661024278E+000   1.8282012593E-001
  -5.4114884714E+000   1.8258860299E-001
  -5.2568745151E+000   1.8272652930E-001
  -5.1022605588E+000   1.8319707623E-001
  -4.9476466025E+000   1.8398247810E-001
  -4.7930326461E+000   1.8513587963E-001
  -4.6384186898E+000   1.8686340631E-001
  -4.4838047335E+000   1.8966437060E-001
  -4.3291907772E+000   1.9459950365E-001
  -4.1745768208E+000   2.0384700519E-001
  -4.0199628645E+000   2.2180993586E-001
  -3.8653489082E+000   2.5698896809E-001
  -3.7107349518E+000   3.2456553795E-001
  -3.5561209955E+000   4.5066694083E-001
  -3.4015070392E+000   6.8426265821E-001
  -3.2468930829E+000   1.1138566194E+000
  -3.0922791265E+000   1.8002145937E+000
  -2.9376651702E+000   2.4984020475E+000
  -2.7830512139E+000   2.6295406741E+000
  -2.6284372576E+000   2.0561315173E+000
  -2.4738233012E+000   1.3130328703E+000
  -2.3192093449E+000   7.9525576434E-001
  -2.1645953886E+000   5.0619457831E-001
  -2.0099814323E+000   3.4958639138E-001
  -1.8553674759E+000   2.6429081041E-001
  -1.7007535196E+000   2.1855648509E-001
  -1.5461395633E+000   1.9424969764E-001
  -1.3915256069E+000   1.8098841770E-001
  -1.2369116506E+000   1.7327051287E-001
  -1.0822976943E+000   1.6835252241E-001
  -9.2768373796E-001   1.6490003362E-001
  -7.7306978164E-001   1.6227988738E-001
  -6.1845582531E-001   1.6021920086E-001
  -4.6384186898E-001   1.5863362515E-001
  -3.0922791265E-001   1.5753079946E-001
  -1.5461395633E-001   1.5695091393E-001
   0.0000000000E+000   1.5692954210E-001
   1.5461395633E-001   1.5747792304E-001
   3.0922791265E-001   1.5857705916E-001
   4.6384186898E-001   1.6018327926E-001
   6.1845582531E-001   1.6224771325E-001
   7.7306978164E-001   1.6475339031E-001
   9.2768373796E-001   1.6777483523E-001
   1.0822976943E+000   1.7157501100E-001
   1.2369116506E+000   1.7677763409E-001
   1.3915256069E+000   1.8470884055E-001
   1.5461395633E+000   1.9810591325E-001
   1.7007535196E+000   2.2246852813E-001
   1.8553674759E+000   2.6818273492E-001
   2.0099814323E+000   3.5339597287E-001
   2.1645953886E+000   5.0988403185E-001
   2.3192093449E+000   7.9881792398E-001
   2.4738233012E+000   1.3164834743E+000
   2.6284372576E+000   2.0594757147E+000
   2.7830512139E+000   2.6327282181E+000
   2.9376651702E+000   2.5013234492E+000
   3.0922791265E+000   1.8027530550E+000
   3.2468930829E+000   1.1159423841E+000
   3.4015070392E+000   6.8587298374E-001
   3.5561209955E+000   4.5178963005E-001
   3.7107349518E+000   3.2517616989E-001
   3.8653489082E+000   2.5704960864E-001
   4.0199628645E+000   2.2127684074E-001
   4.1745768208E+000   2.0267940936E-001
   4.3291907772E+000   1.9276629163E-001
   4.4838047335E+000   1.8714814836E-001
   4.6384186898E+000   1.8366261381E-001
   4.7930326461E+000   1.8126552950E-001
   4.9476466025E+000   1.7947381752E-001
   5.1022605588E+000   1.7809637940E-001
   5.2568745151E+000   1.7709328329E-001
   5.4114884714E+000   1.7649338994E-001
   5.5661024278E+000   1.7634246034E-001
   5.7207163841E+000   1.7667153090E-001
   5.8753303404E+000   1.7748186635E-001
   6.0299442968E+000   1.7874277475E-001
   6.1845582531E+000   1.8040148774E-001
   6.3391722094E+000   1.8240857794E-001
   6.4937861657E+000   1.8476244914E-001
   6.6484001221E+000   1.8757984943E-001
   6.8030140784E+000   1.9121284594E-001
   6.9576280347E+000   1.9646361763E-001
   7.1122419910E+000   2.0502141005E-001
   7.2668559474E+000   2.2035716382E-001
   7.4214699037E+000   2.4933955576E-001
   7.5760838600E+000   3.0459910976E-001
   7.7306978164E+000   4.0790055694E-001
   7.8853117727E+000   5.9855692719E-001
   8.0399257290E+000   9.5184448178E-001
   8.1945396853E+000   1.5584251929E+000
   8.3491536417E+000   2.3109799199E+000
   8.5037675980E+000   2.6881855178E+000
   8.6583815543E+000   2.3100603628E+000
   8.8129955106E+000   1.5565462097E+000
   8.9676094670E+000   9.4895116909E-001
   9.1222234233E+000   5.9460112184E-001
   9.2768373796E+000   4.0284877716E-001
   9.4314513359E+000   2.9843472602E-001
   9.5860652923E+000   2.4206331738E-001
   9.7406792486E+000   2.1198567006E-001
   9.8952932049E+000   1.9558454559E-001
   1.0049907161E+001   1.8600245273E-001
   1.0204521118E+001   1.7977832436E-001
   1.0359135074E+001   1.7523180965E-001
   1.0513749030E+001   1.7156856007E-001
   1.0668362987E+001   1.6844311219E-001
   1.0822976943E+001   1.6574410208E-001
   1.0977590899E+001   1.6347752074E-001
   1.1132204856E+001   1.6169658164E-001
   1.1286818812E+001   1.6045765515E-001
   1.1441432768E+001   1.5979522805E-001
   1.1596046725E+001   1.5971228441E-001
   1.1750660681E+001   1.6018258749E-001
   1.1905274637E+001   1.6116562599E-001
   1.2059888594E+001   1.6263792772E-001
   1.2214502550E+001   1.6464446135E-001
   1.2369116506E+001   1.6738044044E-001
   1.2523730462E+001   1.7133165180E-001
   1.2678344419E+001   1.7754331234E-001
   1.2832958375E+001   1.8817719741E-001
   1.2987572331E+001   2.0762041163E-001
   1.3142186288E+001   2.4435976784E-001
   1.3296800244E+001   3.1356714333E-001
   1.3451414200E+001   4.4136916689E-001
   1.3606028157E+001   6.7675592707E-001
   1.3760642113E+001   1.1082863391E+000
   1.3915256069E+001   1.7967427917E+000
   1.4069870026E+001   2.4969200852E+000
   1.4224483982E+001   2.6294150153E+000
   1.4379097938E+001   2.0566957614E+000
   1.4533711895E+001   1.3142238765E+000
   1.4688325851E+001   7.9742182992E-001
   1.4842939807E+001   5.0966826718E-001
   1.4997553764E+001   3.5456586643E-001
   1.5152167720E+001   2.7086693875E-001
   1.5306781676E+001   2.2674244447E-001
   1.5461395633E+001   2.0400250576E-001
   1.5616009589E+001   1.9222610108E-001
   1.5770623545E+001   1.8588327437E-001
   1.5925237502E+001   1.8220888295E-001
   1.6079851458E+001   1.7985070353E-001
   1.6234465414E+001   1.7816127813E-001
   1.6389079371E+001   1.7685712424E-001
   1.6543693327E+001   1.7584698583E-001
   1.6698307283E+001   1.7513497403E-001
   1.6852921240E+001   1.7476067516E-001
   1.7007535196E+001   1.7476157732E-001
   1.7162149152E+001   1.7515311910E-001
   1.7316763109E+001   1.7592276925E-001
   1.7471377065E+001   1.7703576431E-001
   1.7625991021E+001   1.7845488112E-001
   1.7780604978E+001   1.8017783598E-001
   1.7935218934E+001   1.8229700776E-001
   1.8089832890E+001   1.8509612720E-001
   1.8244446847E+001   1.8922181963E-001
   1.8399060803E+001   1.9602409174E-001
   1.8553674759E+001   2.0826405911E-001
   1.8708288716E+001   2.3146542613E-001
   1.8862902672E+001   2.7604075831E-001
   1.9017516628E+001   3.6017020749E-001
   1.9172130585E+001   5.1567335331E-001
   1.9326744541E+001   8.0379034035E-001
   1.9481358497E+001   1.3209199132E+000
   1.9635972454E+001   2.0637162667E+000
   1.9790586410E+001   2.6368407791E+000
   1.9945200366E+001   2.5049297449E+000
   2.0099814323E+001   1.8055455366E+000
   2.0254428279E+001   1.1180351085E+000
   2.0409042235E+001   6.8752449267E-001
   2.0563656191E+001   4.5317762010E-001
   2.0718270148E+001   3.2640167147E-001
   2.0872884104E+001   2.5817756546E-001
   2.1027498060E+001   2.2235313333E-001
   2.1182112017E+001   2.0373603271E-001
   2.1336725973E+001   1.9382256782E-001
   2.1491339929E+001   1.8821006132E-001
   2.1645953886E+001   1.8472164183E-001
   2.1800567842E+001   1.8229802689E-001
   2.1955181798E+001   1.8044141839E-001
   2.2109795755E+001   1.7894744875E-001
   2.2264409711E+001   1.7776523545E-001
   2.2419023667E+001   1.7691566536E-001
   2.2573637624E+001   1.7643999591E-001
   2.2728251580E+001   1.7636861737E-001
   2.2882865536E+001   1.7670633792E-001
   2.3037479493E+001   1.7743048212E-001
   2.3192093449E+001   1.7850094168E-001
   2.3346707405E+001   1.7988553865E-001
   2.3501321362E+001   1.8160411230E-001
   2.3655935318E+001   1.8379817437E-001
   2.3810549274E+001   1.8684655800E-001
   2.3965163231E+001   1.9157852972E-001
   2.4119777187E+001   1.9970876521E-001
   2.4274391143E+001   2.1472934795E-001
   2.4429005100E+001   2.4352168020E-001
   2.4583619056E+001   2.9871458554E-001
   2.4738233012E+001   4.0205108825E-001
   2.4892846969E+001   5.9280281691E-001
   2.5047460925E+001   9.4619629493E-001
   2.5202074881E+001   1.5528668406E+000
   2.5356688838E+001   2.3055498515E+000
   2.5511302794E+001   2.6830693901E+000
   2.5665916750E+001   2.3055471671E+000
   2.5820530707E+001   1.5528614520E+000
   2.5975144663E+001   9.4618816768E-001
   2.6129758619E+001   5.9279190956E-001
   2.6284372576E+001   4.0203735978E-001
   2.6438986532E+001   2.9869800007E-001
   2.6593600488E+001   2.4350220910E-001
   2.6748214445E+001   2.1470697053E-001
   2.6902828401E+001   1.9968346944E-001
   2.7057442357E+001   1.9155031390E-001
   2.7212056314E+001   1.8681543351E-001
   2.7366670270E+001   1.8376416906E-001
   2.7521284226E+001   1.8156727422E-001
   2.7675898183E+001   1.7984594005E-001
   2.7830512139E+001   1.7845868332E-001
   2.7985126095E+001   1.7738569772E-001
   2.8139740052E+001   1.7665919915E-001
   2.8294354008E+001   1.7631933929E-001
   2.8448967964E+001   1.7638884244E-001
   2.8603581920E+001   1.7686295499E-001
   2.8758195877E+001   1.7771134681E-001
   2.8912809833E+001   1.7889282589E-001
   2.9067423789E+001   1.8038657512E-001
   2.9222037746E+001   1.8224355045E-001
   2.9376651702E+001   1.8466819547E-001
   2.9531265658E+001   1.8815838531E-001
   2.9685879615E+001   1.9377347835E-001
   2.9840493571E+001   2.0369041780E-001
   2.9995107527E+001   2.2231194475E-001
   3.0149721484E+001   2.5814180869E-001
   3.0304335440E+001   3.2637240134E-001
   3.0458949396E+001   4.5315595112E-001
   3.0613563353E+001   6.8751162737E-001
   3.0768177309E+001   1.1180324101E+000
   3.0922791265E+001   1.8055547717E+000
   3.1077405222E+001   2.5049535998E+000
   3.1232019178E+001   2.6368832956E+000
   3.1386633134E+001   2.0637825591E+000
   3.1541247091E+001   1.3210153307E+000
   3.1695861047E+001   8.0391999751E-001
   3.1850475003E+001   5.1584229483E-001
   3.2005088960E+001   3.6038369852E-001
   3.2159702916E+001   2.7630442760E-001
   3.2314316872E+001   2.3178536588E-001
   3.2468930829E+001   2.0864695683E-001
   3.2623544785E+001   1.9647736579E-001
   3.2778158741E+001   1.8975373361E-001
   3.2932772698E+001   1.8571589083E-001
   3.3087386654E+001   1.8301488016E-001
   3.3242000610E+001   1.8100523735E-001
   3.3396614567E+001   1.7940450899E-001
   3.3551228523E+001   1.7812170496E-001
   3.3705842479E+001   1.7716059144E-001
   3.3860456436E+001   1.7655993600E-001
