  -3.4015070392E+001   1.7635789393E-001
  -3.3860456436E+001   1.7656339860E-001
  -3.3705842479E+001   1.7716562575E-001
  -3.3551228523E+001   1.7812825029E-001
  -3.3396614567E+001   1.7941250447E-001
  -3.3242000610E+001   1.8101462244E-001
  -3.3087386654E+001   1.8302559501E-001
  -3.2932772698E+001   1.8572787692E-001
  -3.2778158741E+001   1.8976693557E-001
  -3.2623544785E+001   1.9649173467E-001
  -3.2468930829E+001   2.0866245508E-001
  -3.2314316872E+001   2.3180197380E-001
  -3.2159702916E+001   2.7632215095E-001
  -3.2005088960E+001   3.6040257645E-001
  -3.1850475003E+001   5.1586240208E-001
  -3.1695861047E+001   8.0394141776E-001
  -3.1541247091E+001   1.3210380752E+000
  -3.1386633134E+001   2.0638065528E+000
  -3.1232019178E+001   2.6369086988E+000
  -3.1077405222E+001   2.5049810170E+000
  -3.0922791265E+001   1.8055846823E+000
  -3.0768177309E+001   1.1180648303E+000
  -3.0613563353E+001   6.8754647214E-001
  -3.0458949396E+001   4.5319323563E-001
  -3.0304335440E+001   3.2641217343E-001
  -3.0149721484E+001   2.5818408452E-001
  -2.9995107527E+001   2.2235669582E-001
  -2.9840493571E+001   2.0373757659E-001
  -2.9685879615E+001   1.9382294647E-001
  -2.9531265658E+001   1.8821004085E-001
  -2.9376651702E+001   1.8472189913E-001
  -2.9222037746E+001   1.8229915004E-001
  -2.9067423789E+001   1.8044390849E-001
  -2.8912809833E+001   1.7895172242E-001
  -2.8758195877E+001   1.7777162807E-001
  -2.8603581920E+001   1.7692443520E-001
  -2.8448967964E+001   1.7645132941E-001
  -2.8294354008E+001   1.7638263567E-001
  -2.8139740052E+001   1.7672310417E-001
  -2.7985126095E+001   1.7745000893E-001
  -2.7830512139E+001   1.7852319815E-001
  -2.7675898183E+001   1.7991045674E-001
  -2.7521284226E+001   1.8163159242E-001
  -2.7366670270E+001   1.8382809046E-001
  -2.7212056314E+001   1.8687876292E-001
  -2.7057442357E+001   1.9161286175E-001
  -2.6902828401E+001   1.9974505584E-001
  -2.6748214445E+001   2.1476743108E-001
  -2.6593600488E+001   2.4356140206E-001
  -2.6438986532E+001   2.9875581464E-001
  -2.6284372576E+001   4.0209372356E-001
  -2.6129758619E+001   5.9284678467E-001
  -2.5975144663E+001   9.4624150526E-001
  -2.5820530707E+001   1.5529131036E+000
  -2.5665916750E+001   2.3055969614E+000
  -2.5511302794E+001   2.6831175213E+000
  -2.5356688838E+001   2.3055968303E+000
  -2.5202074881E+001   1.5529128381E+000
  -2.5047460925E+001   9.4624109763E-001
  -2.4892846969E+001   5.9284622092E-001
  -2.4738233012E+001   4.0209298098E-001
  -2.4583619056E+001   2.9875485951E-001
  -2.4429005100E+001   2.4356018702E-001
  -2.4274391143E+001   2.1476589221E-001
  -2.4119777187E+001   1.9974310920E-001
  -2.3965163231E+001   1.9161039903E-001
  -2.3810549274E+001   1.8687564631E-001
  -2.3655935318E+001   1.8382414674E-001
  -2.3501321362E+001   1.8162660624E-001
  -2.3346707405E+001   1.7990416292E-001
  -2.3192093449E+001   1.7851527320E-001
  -2.3037479493E+001   1.7744006172E-001
  -2.2882865536E+001   1.7671066589E-001
  -2.2728251580E+001   1.7636714927E-001
  -2.2573637624E+001   1.7643213907E-001
  -2.2419023667E+001   1.7690077624E-001
  -2.2264409711E+001   1.7774261788E-001
  -2.2109795755E+001   1.7891635339E-001
  -2.1955181798E+001   1.8040104371E-001
  -2.1800567842E+001   1.8224752238E-001
  -2.1645953886E+001   1.8466011462E-001
  -2.1491339929E+001   1.8813658805E-001
  -2.1336725973E+001   1.9373621494E-001
  -2.1182112017E+001   2.0363588915E-001
  -2.1027498060E+001   2.2223835851E-001
  -2.0872884104E+001   2.5804744834E-001
  -2.0718270148E+001   3.2625568413E-001
  -2.0563656191E+001   4.5301544681E-001
  -2.0409042235E+001   6.8734602564E-001
  -2.0254428279E+001   1.1178402996E+000
  -2.0099814323E+001   1.8053337169E+000
  -1.9945200366E+001   2.5046982899E+000
  -1.9790586410E+001   2.6365841410E+000
  -1.9635972454E+001   2.0634266263E+000
  -1.9481358497E+001   1.3205893759E+000
  -1.9326744541E+001   8.0341263405E-001
  -1.9172130585E+001   5.1524355383E-001
  -1.9017516628E+001   3.5968381404E-001
  -1.8862902672E+001   2.7549331168E-001
  -1.8708288716E+001   2.3085239964E-001
  -1.8553674759E+001   2.0758069776E-001
  -1.8399060803E+001   1.9526524226E-001
  -1.8244446847E+001   1.8838182401E-001
  -1.8089832890E+001   1.8416876398E-001
  -1.7935218934E+001   1.8127543644E-001
  -1.7780604978E+001   1.7905451918E-001
  -1.7625991021E+001   1.7722148555E-001
  -1.7471377065E+001   1.7568305603E-001
  -1.7316763109E+001   1.7444052205E-001
  -1.7162149152E+001   1.7353005239E-001
  -1.7007535196E+001   1.7298533734E-001
  -1.6852921240E+001   1.7281787246E-001
  -1.6698307283E+001   1.7301129042E-001
  -1.6543693327E+001   1.7352736401E-001
  -1.6389079371E+001   1.7432605171E-001
  -1.6234465414E+001   1.7540317374E-001
  -1.6079851458E+001   1.7685041386E-001
  -1.5925237502E+001   1.7895230793E-001
  -1.5770623545E+001   1.8235817740E-001
  -1.5616009589E+001   1.8842321559E-001
  -1.5461395633E+001   1.9991707337E-001
  -1.5306781676E+001   2.2237618069E-001
  -1.5152167720E+001   2.6623001423E-001
  -1.4997553764E+001   3.4967810271E-001
  -1.4842939807E+001   5.0455927244E-001
  -1.4688325851E+001   7.9213028737E-001
  -1.4533711895E+001   1.3087896582E+000
  -1.4379097938E+001   2.0511266417E+000
  -1.4224483982E+001   2.6236305794E+000
  -1.4069870026E+001   2.4907359667E+000
  -1.3915256069E+001   1.7899438967E+000
  -1.3760642113E+001   1.1007196088E+000
  -1.3606028157E+001   6.6835038602E-001
  -1.3451414200E+001   4.3210272432E-001
  -1.3296800244E+001   3.0344248105E-001
  -1.3142186288E+001   2.3339920300E-001
  -1.2987572331E+001   1.9586328989E-001
  -1.2832958375E+001   1.7567535685E-001
  -1.2678344419E+001   1.6435782319E-001
  -1.2523730462E+001   1.5753189256E-001
  -1.2369116506E+001   1.5304422188E-001
  -1.2214502550E+001   1.4985787626E-001
  -1.2059888594E+001   1.4749447538E-001
  -1.1905274637E+001   1.4576482419E-001
  -1.1750660681E+001   1.4462848986E-001
  -1.1596046725E+001   1.4411222440E-001
  -1.1441432768E+001   1.4425891694E-001
  -1.1286818812E+001   1.4509658944E-001
  -1.1132204856E+001   1.4662360468E-001
  -1.0977590899E+001   1.4880632375E-001
  -1.0822976943E+001   1.5158842698E-001
  -1.0668362987E+001   1.5491544882E-001
  -1.0513749030E+001   1.5877824256E-001
  -1.0359135074E+001   1.6328262323E-001
  -1.0204521118E+001   1.6876599671E-001
  -1.0049907161E+001   1.7601254792E-001
  -9.8952932049E+000   1.8669092745E-001
  -9.7406792486E+000   2.0424849267E-001
  -9.5860652923E+000   2.3552375173E-001
  -9.4314513359E+000   2.9310320687E-001
  -9.2768373796E+000   3.9868663928E-001
  -9.1222234233E+000   5.9149640145E-001
  -8.9676094670E+000   9.4667636143E-001
  -8.8129955106E+000   1.5547174946E+000
  -8.6583815543E+000   2.3083114730E+000
  -8.5037675980E+000   2.6866419442E+000
  -8.3491536417E+000   2.3102303238E+000
  -8.1945396853E+000   1.5587967302E+000
  -8.0399257290E+000   9.5322563195E-001
  -7.8853117727E+000   6.0076092764E-001
  -7.7306978164E+000   4.1082431363E-001
  -7.5760838600E+000   3.0819230540E-001
  -7.4214699037E+000   2.5356633418E-001
  -7.2668559474E+000   2.2517974902E-001
  -7.1122419910E+000   2.1039381073E-001
  -6.9576280347E+000   2.0232948707E-001
  -6.8030140784E+000   1.9750543505E-001
  -6.6484001221E+000   1.9422298985E-001
  -6.4937861657E+000   1.9167206880E-001
  -6.3391722094E+000   1.8949453136E-001
  -6.1845582531E+000   1.8756953837E-001
  -6.0299442968E+000   1.8589657676E-001
  -5.8753303404E+000   1.8452484867E-001
  -5.7207163841E+000   1.8350867144E-001
  -5.5661024278E+000   1.8288200859E-001
  -5.4114884714E+000   1.8264863065E-001
  -5.2568745151E+000   1.8278442854E-001
  -5.1022605588E+000   1.8325262530E-001
  -4.9476466025E+000   1.8403551255E-001
  -4.7930326461E+000   1.8518629434E-001
  -4.6384186898E+000   1.8691115421E-001
  -4.4838047335E+000   1.8970945897E-001
  -4.3291907772E+000   1.9464198907E-001
  -4.1745768208E+000   2.0388698760E-001
  -4.0199628645E+000   2.2184755073E-001
  -3.8653489082E+000   2.5702437440E-001
  -3.7107349518E+000   3.2459890054E-001
  -3.5561209955E+000   4.5069840812E-001
  -3.4015070392E+000   6.8429232711E-001
  -3.2468930829E+000   1.1138844565E+000
  -3.0922791265E+000   1.8002403945E+000
  -2.9376651702E+000   2.4984258286E+000
  -2.7830512139E+000   2.6295632664E+000
  -2.6284372576E+000   2.0561540185E+000
  -2.4738233012E+000   1.3130556865E+000
  -2.3192093449E+000   7.9527885816E-001
  -2.1645953886E+000   5.0621798945E-001
  -2.0099814323E+000   3.4961028467E-001
  -1.8553674759E+000   2.6431538742E-001
  -1.7007535196E+000   2.1858194125E-001
  -1.5461395633E+000   1.9427620605E-001
  -1.3915256069E+000   1.8101611917E-001
  -1.2369116506E+000   1.7329950900E-001
  -1.0822976943E+000   1.6838287113E-001
  -9.2768373796E-001   1.6493174612E-001
  -7.7306978164E-001   1.6231292604E-001
  -6.1845582531E-001   1.6025347819E-001
  -4.6384186898E-001   1.5866900424E-001
  -3.0922791265E-001   1.5756709640E-001
  -1.5461395633E-001   1.5698790251E-001
   0.0000000000E+000   1.5696696077E-001
   1.5461395633E-001   1.5751548397E-001
   3.0922791265E-001   1.5861445891E-001
   4.6384186898E-001   1.6022021059E-001
   6.1845582531E-001   1.6228387743E-001
   7.7306978164E-001   1.6478850917E-001
   9.2768373796E-001   1.6780866248E-001
   1.0822976943E+000   1.7160734225E-001
   1.2369116506E+000   1.7680831569E-001
   1.3915256069E+000   1.8473777690E-001
   1.5461395633E+000   1.9813307065E-001
   1.7007535196E+000   2.2249392872E-001
   1.8553674759E+000   2.6820643017E-001
   2.0099814323E+000   3.5341798816E-001
   2.1645953886E+000   5.0990427852E-001
   2.3192093449E+000   7.9883605430E-001
   2.4738233012E+000   1.3164987040E+000
   2.6284372576E+000   2.0594871531E+000
   2.7830512139E+000   2.6327363797E+000
   2.9376651702E+000   2.5013308453E+000
   3.0922791265E+000   1.8027616345E+000
   3.2468930829E+000   1.1159519211E+000
   3.4015070392E+000   6.8588247189E-001
   3.5561209955E+000   4.5179845812E-001
   3.7107349518E+000   3.2518417089E-001
   3.8653489082E+000   2.5705686775E-001
   4.0199628645E+000   2.2128356753E-001
   4.1745768208E+000   2.0268585185E-001
   4.3291907772E+000   1.9277268130E-001
   4.4838047335E+000   1.8715467410E-001
   4.6384186898E+000   1.8366941398E-001
   4.7930326461E+000   1.8127269133E-001
   4.9476466025E+000   1.7948137877E-001
   5.1022605588E+000   1.7810433113E-001
   5.2568745151E+000   1.7710157429E-001
   5.4114884714E+000   1.7650193308E-001
   5.5661024278E+000   1.7635114051E-001
   5.7207163841E+000   1.7668021411E-001
   5.8753303404E+000   1.7749040918E-001
   6.0299442968E+000   1.7875103346E-001
   6.1845582531E+000   1.8040932630E-001
   6.3391722094E+000   1.8241587441E-001
   6.4937861657E+000   1.8476910011E-001
   6.6484001221E+000   1.8758577223E-001
   6.8030140784E+000   1.9121797916E-001
   6.9576280347E+000   1.9646792051E-001
   7.1122419910E+000   2.0502486107E-001
   7.2668559474E+000   2.2035975712E-001
   7.4214699037E+000   2.4934129207E-001
   7.5760838600E+000   3.0459997784E-001
   7.7306978164E+000   4.0790050579E-001
   7.8853117727E+000   5.9855583137E-001
   8.0399257290E+000   9.5184208560E-001
   8.1945396853E+000   1.5584210570E+000
   8.3491536417E+000   2.3109736468E+000
   8.5037675980E+000   2.6881773735E+000
   8.6583815543E+000   2.3100512321E+000
   8.8129955106E+000   1.5565366345E+000
   8.9676094670E+000   9.4894113123E-001
   9.1222234233E+000   5.9459052578E-001
   9.2768373796E+000   4.0283763861E-001
   9.4314513359E+000   2.9842311713E-001
   9.5860652923E+000   2.4205131216E-001
   9.7406792486E+000   2.1197332048E-001
   9.8952932049E+000   1.9557187074E-001
   1.0049907161E+001   1.8598943390E-001
   1.0204521118E+001   1.7976490423E-001
   1.0359135074E+001   1.7521789427E-001
   1.0513749030E+001   1.7155402299E-001
   1.0668362987E+001   1.6842780011E-001
   1.0822976943E+001   1.6572784155E-001
   1.0977590899E+001   1.6346012522E-001
   1.1132204856E+001   1.6167785842E-001
   1.1286818812E+001   1.6043741166E-001
   1.1441432768E+001   1.5977327735E-001
   1.1596046725E+001   1.5968844959E-001
   1.1750660681E+001   1.6015670512E-001
   1.1905274637E+001   1.6113754867E-001
   1.2059888594E+001   1.6260752626E-001
   1.2214502550E+001   1.6461162677E-001
   1.2369116506E+001   1.6734508644E-001
   1.2523730462E+001   1.7129371754E-001
   1.2678344419E+001   1.7750276529E-001
   1.2832958375E+001   1.8813403614E-001
   1.2987572331E+001   2.0757466945E-001
   1.3142186288E+001   2.4431152039E-001
   1.3296800244E+001   3.1351652303E-001
   1.3451414200E+001   4.4131637924E-001
   1.3606028157E+001   6.7670124551E-001
   1.3760642113E+001   1.1082300523E+000
   1.3915256069E+001   1.7966851805E+000
   1.4069870026E+001   2.4968616825E+000
   1.4224483982E+001   2.6293569142E+000
   1.4379097938E+001   2.0566390783E+000
   1.4533711895E+001   1.3141690270E+000
   1.4688325851E+001   7.9736876966E-001
   1.4842939807E+001   5.0961693309E-001
   1.4997553764E+001   3.5451623932E-001
   1.5152167720E+001   2.7081898763E-001
   1.5306781676E+001   2.2669610886E-001
   1.5461395633E+001   2.0395770247E-001
   1.5616009589E+001   1.9218273266E-001
   1.5770623545E+001   1.8584123453E-001
   1.5925237502E+001   1.8216806042E-001
   1.6079851458E+001   1.7981098520E-001
   1.6234465414E+001   1.7812255119E-001
   1.6389079371E+001   1.7681927732E-001
   1.6543693327E+001   1.7580990935E-001
   1.6698307283E+001   1.7509856034E-001
   1.6852921240E+001   1.7472481903E-001
   1.7007535196E+001   1.7472617699E-001
   1.7162149152E+001   1.7511807791E-001
   1.7316763109E+001   1.7588799751E-001
   1.7471377065E+001   1.7700118098E-001
   1.7625991021E+001   1.7842041510E-001
   1.7780604978E+001   1.8014342686E-001
   1.7935218934E+001   1.8226260630E-001
   1.8089832890E+001   1.8506169607E-001
   1.8244446847E+001   1.8918733515E-001
   1.8399060803E+001   1.9598954695E-001
   1.8553674759E+001   2.0822946847E-001
   1.8708288716E+001   2.3143083156E-001
   1.8862902672E+001   2.7600623634E-001
   1.9017516628E+001   3.6013587674E-001
   1.9172130585E+001   5.1563937621E-001
   1.9326744541E+001   8.0375689577E-001
   1.9481358497E+001   1.3208871147E+000
   1.9635972454E+001   2.0636841482E+000
   1.9790586410E+001   2.6368096166E+000
   1.9945200366E+001   2.5049002630E+000
   2.0099814323E+001   1.8055183360E+000
   2.0254428279E+001   1.1180103265E+000
   2.0409042235E+001   6.8750216480E-001
   2.0563656191E+001   4.5315788273E-001
   2.0718270148E+001   3.2638469392E-001
   2.0872884104E+001   2.5816348505E-001
   2.1027498060E+001   2.2234204184E-001
   2.1182112017E+001   2.0372798141E-001
   2.1336725973E+001   1.9381757507E-001
   2.1491339929E+001   1.8820811936E-001
   2.1645953886E+001   1.8472272244E-001
   2.1800567842E+001   1.8230208556E-001
   2.1955181798E+001   1.8044839686E-001
   2.2109795755E+001   1.7895727624E-001
   2.2264409711E+001   1.7777782910E-001
   2.2419023667E+001   1.7693093058E-001
   2.2573637624E+001   1.7645782714E-001
   2.2728251580E+001   1.7638889939E-001
   2.2882865536E+001   1.7672894754E-001
   2.3037479493E+001   1.7745528999E-001
   2.3192093449E+001   1.7852781388E-001
   2.3346707405E+001   1.7991433782E-001
   2.3501321362E+001   1.8163469840E-001
   2.3655935318E+001   1.8383040542E-001
   2.3810549274E+001   1.8688029143E-001
   2.3965163231E+001   1.9161362501E-001
   2.4119777187E+001   1.9974508816E-001
   2.4274391143E+001   2.1476677658E-001
   2.4429005100E+001   2.4356011204E-001
   2.4583619056E+001   2.9875394595E-001
   2.4738233012E+001   4.0209133808E-001
   2.4892846969E+001   5.9284394926E-001
   2.5047460925E+001   9.4623829112E-001
   2.5202074881E+001   1.5529095840E+000
   2.5356688838E+001   2.3055932078E+000
   2.5511302794E+001   2.6831135983E+000
   2.5665916750E+001   2.3055927931E+000
   2.5820530707E+001   1.5529087318E+000
   2.5975144663E+001   9.4623696037E-001
   2.6129758619E+001   5.9284208896E-001
   2.6284372576E+001   4.0208889423E-001
   2.6438986532E+001   2.9875086634E-001
   2.6593600488E+001   2.4355634822E-001
   2.6748214445E+001   2.1476228451E-001
   2.6902828401E+001   1.9973982877E-001
   2.7057442357E+001   1.9160756581E-001
   2.7212056314E+001   1.8687340911E-001
   2.7366670270E+001   1.8382268913E-001
   2.7521284226E+001   1.8162615336E-001
   2.7675898183E+001   1.7990498921E-001
   2.7830512139E+001   1.7851771106E-001
   2.7985126095E+001   1.7744451082E-001
   2.8139740052E+001   1.7671760336E-001
   2.8294354008E+001   1.7637714035E-001
   2.8448967964E+001   1.7644584765E-001
   2.8603581920E+001   1.7691897504E-001
   2.8758195877E+001   1.7776619752E-001
   2.8912809833E+001   1.7894632957E-001
   2.9067423789E+001   1.8043856145E-001
   2.9222037746E+001   1.8229385700E-001
   2.9376651702E+001   1.8471666834E-001
   2.9531265658E+001   1.8820488064E-001
   2.9685879615E+001   1.9381786520E-001
   2.9840493571E+001   2.0373258267E-001
   2.9995107527E+001   2.2235179769E-001
   3.0149721484E+001   2.5817929061E-001
   3.0304335440E+001   3.2640749213E-001
   3.0458949396E+001   4.5318867529E-001
   3.0613563353E+001   6.8754204103E-001
   3.0768177309E+001   1.1180605366E+000
   3.0922791265E+001   1.8055805339E+000
   3.1077405222E+001   2.5049770219E+000
   3.1232019178E+001   2.6369048646E+000
   3.1386633134E+001   2.0638028869E+000
   3.1541247091E+001   1.3210345848E+000
   3.1695861047E+001   8.0393810967E-001
   3.1850475003E+001   5.1585928293E-001
   3.2005088960E+001   3.6039965251E-001
   3.2159702916E+001   2.7631942814E-001
   3.2314316872E+001   2.3179945766E-001
   3.2468930829E+001   2.0866015075E-001
   3.2623544785E+001   1.9648964689E-001
   3.2778158741E+001   1.8976506865E-001
   3.2932772698E+001   1.8572623475E-001
   3.3087386654E+001   1.8302418099E-001
   3.3242000610E+001   1.8101343954E-001
   3.3396614567E+001   1.7941155515E-001
   3.3551228523E+001   1.7812753655E-001
   3.3705842479E+001   1.7716514908E-001
   3.3860456436E+001   1.7656316002E-001
