  -3.4015070392E+001   1.7600654284E-001
  -3.3860456436E+001   1.7621662552E-001
  -3.3705842479E+001   1.7682377184E-001
  -3.3551228523E+001   1.7779165743E-001
  -3.3396614567E+001   1.7908151300E-001
  -3.3242000610E+001   1.8068956586E-001
  -3.3087386654E+001   1.8270679323E-001
  -3.2932772698E+001   1.8541563181E-001
  -3.2778158741E+001   1.8946153305E-001
  -3.2623544785E+001   1.9619345685E-001
  -3.2468930829E+001   2.0837160354E-001
  -3.2314316872E+001   2.3151890349E-001
  -3.2159702916E+001   2.7604731368E-001
  -3.2005088960E+001   3.6013656966E-001
  -3.1850475003E+001   5.1560598472E-001
  -3.1695861047E+001   8.0369534100E-001
  -3.1541247091E+001   1.3208025536E+000
  -3.1386633134E+001   2.0635811651E+000
  -3.1232019178E+001   2.6366944827E+000
  -3.1077405222E+001   2.5047818616E+000
  -3.0922791265E+001   1.8054036766E+000
  -3.0768177309E+001   1.1179021115E+000
  -3.0613563353E+001   6.8740160023E-001
  -3.0458949396E+001   4.5306650326E-001
  -3.0304335440E+001   3.2630415790E-001
  -3.0149721484E+001   2.5809523194E-001
  -2.9995107527E+001   2.2228724029E-001
  -2.9840493571E+001   2.0368757659E-001
  -2.9685879615E+001   1.9379233351E-001
  -2.9531265658E+001   1.8819866016E-001
  -2.9376651702E+001   1.8472954050E-001
  -2.9222037746E+001   1.8232556782E-001
  -2.9067423789E+001   1.8048883062E-001
  -2.8912809833E+001   1.7901485036E-001
  -2.8758195877E+001   1.7785263171E-001
  -2.8603581920E+001   1.7702294701E-001
  -2.8448967964E+001   1.7656694075E-001
  -2.8294354008E+001   1.7651489648E-001
  -2.8139740052E+001   1.7687152509E-001
  -2.7985126095E+001   1.7761406386E-001
  -2.7830512139E+001   1.7870232521E-001
  -2.7675898183E+001   1.8010405626E-001
  -2.7521284226E+001   1.8183902235E-001
  -2.7366670270E+001   1.8404866155E-001
  -2.7212056314E+001   1.8711173775E-001
  -2.7057442357E+001   1.9185746182E-001
  -2.6902828401E+001   2.0000047955E-001
  -2.6748214445E+001   2.1503288294E-001
  -2.6593600488E+001   2.4383613238E-001
  -2.6438986532E+001   2.9903916844E-001
  -2.6284372576E+001   4.0238518907E-001
  -2.6129758619E+001   5.9314597530E-001
  -2.5975144663E+001   9.4654787757E-001
  -2.5820530707E+001   1.5532253949E+000
  -2.5665916750E+001   2.3059137035E+000
  -2.5511302794E+001   2.6834395992E+000
  -2.5356688838E+001   2.3059272218E+000
  -2.5202074881E+001   1.5532523954E+000
  -2.5047460925E+001   9.4658828695E-001
  -2.4892846969E+001   5.9319968224E-001
  -2.4738233012E+001   4.0245204257E-001
  -2.4583619056E+001   2.9911897676E-001
  -2.4429005100E+001   2.4392866209E-001
  -2.4274391143E+001   2.1513785783E-001
  -2.4119777187E+001   2.0011757931E-001
  -2.3965163231E+001   1.9198632015E-001
  -2.3810549274E+001   1.8725193981E-001
  -2.3655935318E+001   1.8419974096E-001
  -2.3501321362E+001   1.8200045750E-001
  -2.3346707405E+001   1.8027526583E-001
  -2.3192093449E+001   1.7888266306E-001
  -2.3037479493E+001   1.7780281318E-001
  -2.2882865536E+001   1.7706789184E-001
  -2.2728251580E+001   1.7671800248E-001
  -2.2573637624E+001   1.7677581667E-001
  -2.2419023667E+001   1.7723652586E-001
  -2.2264409711E+001   1.7806974324E-001
  -2.2109795755E+001   1.7923421730E-001
  -2.1955181798E+001   1.8070906760E-001
  -2.1800567842E+001   1.8254518343E-001
  -2.1645953886E+001   1.8494694335E-001
  -2.1491339929E+001   1.8841217079E-001
  -2.1336725973E+001   1.9400020486E-001
  -2.1182112017E+001   2.0388802802E-001
  -2.1027498060E+001   2.2247850878E-001
  -2.0872884104E+001   2.5827563466E-001
  -2.0718270148E+001   3.2647214241E-001
  -2.0563656191E+001   4.5322066060E-001
  -2.0409042235E+001   6.8754064488E-001
  -2.0254428279E+001   1.1180247243E+000
  -2.0099814323E+001   1.8055076496E+000
  -1.9945200366E+001   2.5048620480E+000
  -1.9790586410E+001   2.6367410325E+000
  -1.9635972454E+001   2.0635807926E+000
  -1.9481358497E+001   1.3207421280E+000
  -1.9326744541E+001   8.0356383670E-001
  -1.9172130585E+001   5.1539371650E-001
  -1.9017516628E+001   3.5983398888E-001
  -1.8862902672E+001   2.7564455953E-001
  -1.8708288716E+001   2.3100561451E-001
  -1.8553674759E+001   2.0773661628E-001
  -1.8399060803E+001   1.9542448553E-001
  -1.8244446847E+001   1.8854493366E-001
  -1.8089832890E+001   1.8433622812E-001
  -1.7935218934E+001   1.8144770487E-001
  -1.7780604978E+001   1.7923200741E-001
  -1.7625991021E+001   1.7740456884E-001
  -1.7471377065E+001   1.7587205699E-001
  -1.7316763109E+001   1.7463569626E-001
  -1.7162149152E+001   1.7373157565E-001
  -1.7007535196E+001   1.7319329639E-001
  -1.6852921240E+001   1.7303225908E-001
  -1.6698307283E+001   1.7323199720E-001
  -1.6543693327E+001   1.7375417981E-001
  -1.6389079371E+001   1.7455865517E-001
  -1.6234465414E+001   1.7564112471E-001
  -1.6079851458E+001   1.7709314458E-001
  -1.5925237502E+001   1.7919911757E-001
  -1.5770623545E+001   1.8260823468E-001
  -1.5616009589E+001   1.8867557297E-001
  -1.5461395633E+001   2.0017069433E-001
  -1.5306781676E+001   2.2262997970E-001
  -1.5152167720E+001   2.6648290874E-001
  -1.4997553764E+001   3.4992907287E-001
  -1.4842939807E+001   5.0480739160E-001
  -1.4688325851E+001   7.9237457246E-001
  -1.4533711895E+001   1.3090285595E+000
  -1.4379097938E+001   2.0513579400E+000
  -1.4224483982E+001   2.6238534503E+000
  -1.4069870026E+001   2.4909523740E+000
  -1.3915256069E+001   1.7901550243E+000
  -1.3760642113E+001   1.1009238083E+000
  -1.3606028157E+001   6.6854557961E-001
  -1.3451414200E+001   4.3228769262E-001
  -1.3296800244E+001   3.0361640800E-001
  -1.3142186288E+001   2.3356127356E-001
  -1.2987572331E+001   1.9601262266E-001
  -1.2832958375E+001   1.7581104634E-001
  -1.2678344419E+001   1.6447898951E-001
  -1.2523730462E+001   1.5763772019E-001
  -1.2369116506E+001   1.5313398553E-001
  -1.2214502550E+001   1.4993095279E-001
  -1.2059888594E+001   1.4755034218E-001
  -1.1905274637E+001   1.4580304725E-001
  -1.1750660681E+001   1.4464870705E-001
  -1.1596046725E+001   1.4411413044E-001
  -1.1441432768E+001   1.4424225570E-001
  -1.1286818812E+001   1.4506115673E-001
  -1.1132204856E+001   1.4656926317E-001
  -1.0977590899E+001   1.4873302944E-001
  -1.0822976943E+001   1.5149626472E-001
  -1.0668362987E+001   1.5480467234E-001
  -1.0513749030E+001   1.5864931364E-001
  -1.0359135074E+001   1.6313624539E-001
  -1.0204521118E+001   1.6860314065E-001
  -1.0049907161E+001   1.7583446907E-001
  -9.8952932049E+000   1.8649917094E-001
  -9.7406792486E+000   2.0404485592E-001
  -9.5860652923E+000   2.3531012870E-001
  -9.4314513359E+000   2.9288121125E-001
  -9.2768373796E+000   3.9845695796E-001
  -9.1222234233E+000   5.9125785135E-001
  -8.9676094670E+000   9.4642443522E-001
  -8.8129955106E+000   1.5544435895E+000
  -8.6583815543E+000   2.3080094148E+000
  -8.5037675980E+000   2.6863222271E+000
  -8.3491536417E+000   2.3099158351E+000
  -8.1945396853E+000   1.5584976840E+000
  -8.0399257290E+000   9.5293552526E-001
  -7.8853117727E+000   6.0047094709E-001
  -7.7306978164E+000   4.1052986957E-001
  -7.5760838600E+000   3.0789222828E-001
  -7.4214699037E+000   2.5326139694E-001
  -7.2668559474E+000   2.2487169594E-001
  -7.1122419910E+000   2.1008467886E-001
  -6.9576280347E+000   2.0202120505E-001
  -6.8030140784E+000   1.9719965437E-001
  -6.6484001221E+000   1.9392104268E-001
  -6.4937861657E+000   1.9137497290E-001
  -6.3391722094E+000   1.8920301064E-001
  -6.1845582531E+000   1.8728405455E-001
  -6.0299442968E+000   1.8561737289E-001
  -5.8753303404E+000   1.8425200181E-001
  -5.7207163841E+000   1.8324214879E-001
  -5.5661024278E+000   1.8262172042E-001
  -5.4114884714E+000   1.8239447350E-001
  -5.2568745151E+000   1.8253631406E-001
  -5.1022605588E+000   1.8301049261E-001
  -4.9476466025E+000   1.8379932456E-001
  -4.7930326461E+000   1.8495602094E-001
  -4.6384186898E+000   1.8668674809E-001
  -4.4838047335E+000   1.8949083126E-001
  -4.3291907772E+000   1.9442899068E-001
  -4.1745768208E+000   2.0367940172E-001
  -4.0199628645E+000   2.2164510611E-001
  -3.8653489082E+000   2.5682679971E-001
  -3.7107349518E+000   3.2440604422E-001
  -3.5561209955E+000   4.5051041815E-001
  -3.4015070392E+000   6.8410979041E-001
  -3.2468930829E+000   1.1137082369E+000
  -3.0922791265E+000   1.8000709775E+000
  -2.9376651702E+000   2.4982630353E+000
  -2.7830512139E+000   2.6294071164E+000
  -2.6284372576E+000   2.0560047456E+000
  -2.4738233012E+000   1.3129132079E+000
  -2.3192093449E+000   7.9514344878E-001
  -2.1645953886E+000   5.0609034875E-001
  -2.0099814323E+000   3.4949085549E-001
  -1.8553674759E+000   2.6420404894E-001
  -1.7007535196E+000   2.1847810713E-001
  -1.5461395633E+000   1.9417903703E-001
  -1.3915256069E+000   1.8092469666E-001
  -1.2369116506E+000   1.7321293282E-001
  -1.0822976943E+000   1.6830030059E-001
  -9.2768373796E-001   1.6485241016E-001
  -7.7306978164E-001   1.6223611668E-001
  -6.1845582531E-001   1.6017853328E-001
  -4.6384186898E-001   1.5859528390E-001
  -3.0922791265E-001   1.5749395859E-001
  -1.5461395633E-001   1.5691468296E-001
   0.0000000000E+000   1.5689296051E-001
   1.5461395633E-001   1.5743996553E-001
   3.0922791265E-001   1.5853665049E-001
   4.6384186898E-001   1.6013931636E-001
   6.1845582531E-001   1.6219909177E-001
   7.7306978164E-001   1.6469903363E-001
   9.2768373796E-001   1.6771372581E-001
   1.0822976943E+000   1.7150622565E-001
   1.2369116506E+000   1.7670038680E-001
   1.3915256069E+000   1.8462253464E-001
   1.5461395633E+000   1.9801019378E-001
   1.7007535196E+000   2.2236330266E-001
   1.8553674759E+000   2.6806810800E-001
   2.0099814323E+000   3.5327204421E-001
   2.1645953886E+000   5.0975050619E-001
   2.3192093449E+000   7.9867330862E-001
   2.4738233012E+000   1.3163238586E+000
   2.6284372576E+000   2.0592961192E+000
   2.7830512139E+000   2.6325307751E+000
   2.9376651702E+000   2.5011211256E+000
   3.0922791265E+000   1.8025560116E+000
   3.2468930829E+000   1.1157494075E+000
   3.4015070392E+000   6.8567923133E-001
   3.5561209955E+000   4.5159268341E-001
   3.7107349518E+000   3.2497588312E-001
   3.8653489082E+000   2.5684690753E-001
   4.0199628645E+000   2.2107307489E-001
   4.1745768208E+000   2.0247600778E-001
   4.3291907772E+000   1.9256458238E-001
   4.4838047335E+000   1.8694930408E-001
   4.6384186898E+000   1.8346766599E-001
   4.7930326461E+000   1.8107540044E-001
   4.9476466025E+000   1.7928934561E-001
   5.1022605588E+000   1.7791833358E-001
   5.2568745151E+000   1.7692237060E-001
   5.4114884714E+000   1.7633025957E-001
   5.5661024278E+000   1.7618770539E-001
   5.7207163841E+000   1.7652568696E-001
   5.8753303404E+000   1.7734540458E-001
   6.0299442968E+000   1.7861608674E-001
   6.1845582531E+000   1.8028486085E-001
   6.3391722094E+000   1.8230216208E-001
   6.4937861657E+000   1.8466621872E-001
   6.6484001221E+000   1.8749356698E-001
   6.8030140784E+000   1.9113603565E-001
   6.9576280347E+000   1.9639555609E-001
   7.1122419910E+000   2.0496114049E-001
   7.2668559474E+000   2.2030354811E-001
   7.4214699037E+000   2.4929139766E-001
   7.5760838600E+000   3.0455539776E-001
   7.7306978164E+000   4.0786084302E-001
   7.8853117727E+000   5.9852177581E-001
   8.0399257290E+000   9.5181581109E-001
   8.1945396853E+000   1.5584058290E+000
   8.3491536417E+000   2.3109710210E+000
   8.5037675980E+000   2.6881832920E+000
   8.6583815543E+000   2.3100581344E+000
   8.8129955106E+000   1.5565409550E+000
   8.9676094670E+000   9.4894505415E-001
   9.1222234233E+000   5.9459780297E-001
   9.2768373796E+000   4.0285073667E-001
   9.4314513359E+000   2.9844284568E-001
   9.5860652923E+000   2.4207724353E-001
   9.7406792486E+000   2.1200431220E-001
   9.8952932049E+000   1.9560651882E-001
   1.0049907161E+001   1.8602636967E-001
   1.0204521118E+001   1.7980294684E-001
   1.0359135074E+001   1.7525611818E-001
   1.0513749030E+001   1.7159178433E-001
   1.0668362987E+001   1.6846473913E-001
   1.0822976943E+001   1.6576386606E-001
   1.0977590899E+001   1.6349537922E-001
   1.1132204856E+001   1.6171268186E-001
   1.1286818812E+001   1.6047229725E-001
   1.1441432768E+001   1.5980882830E-001
   1.1596046725E+001   1.5972534029E-001
   1.1750660681E+001   1.6019564454E-001
   1.1905274637E+001   1.6117924590E-001
   1.2059888594E+001   1.6265265800E-001
   1.2214502550E+001   1.6466080806E-001
   1.2369116506E+001   1.6739884671E-001
   1.2523730462E+001   1.7135248441E-001
   1.2678344419E+001   1.7756685765E-001
   1.2832958375E+001   1.8820366726E-001
   1.2987572331E+001   2.0764996302E-001
   1.3142186288E+001   2.4439254719E-001
   1.3296800244E+001   3.1360336535E-001
   1.3451414200E+001   4.4140919726E-001
   1.3606028157E+001   6.7680022120E-001
   1.3760642113E+001   1.1083350178E+000
   1.3915256069E+001   1.7967953319E+000
   1.4069870026E+001   2.4969771100E+000
   1.4224483982E+001   2.6294808872E+000
   1.4379097938E+001   2.0567753704E+000
   1.4533711895E+001   1.3143178590E+000
   1.4688325851E+001   7.9752832750E-001
   1.4842939807E+001   5.0978582167E-001
   1.4997553764E+001   3.5469359802E-001
   1.5152167720E+001   2.7100401957E-001
   1.5306781676E+001   2.2688792406E-001
   1.5461395633E+001   2.0415533864E-001
   1.5616009589E+001   1.9238520105E-001
   1.5770623545E+001   1.8604755534E-001
   1.5925237502E+001   1.8237728863E-001
   1.6079851458E+001   1.8002222850E-001
   1.6234465414E+001   1.7833497915E-001
   1.6389079371E+001   1.7703212210E-001
   1.6543693327E+001   1.7602246053E-001
   1.6698307283E+001   1.7531015789E-001
   1.6852921240E+001   1.7493484783E-001
   1.7007535196E+001   1.7493406448E-001
   1.7162149152E+001   1.7532329462E-001
   1.7316763109E+001   1.7609005856E-001
   1.7471377065E+001   1.7719964636E-001
   1.7625991021E+001   1.7861488691E-001
   1.7780604978E+001   1.8033354323E-001
   1.7935218934E+001   1.8244803363E-001
   1.8089832890E+001   1.8524212320E-001
   1.8244446847E+001   1.8936247386E-001
   1.8399060803E+001   1.9615914226E-001
   1.8553674759E+001   2.0839331991E-001
   1.8708288716E+001   2.3158882493E-001
   1.8862902672E+001   2.7615838504E-001
   1.9017516628E+001   3.6028236838E-001
   1.9172130585E+001   5.1578058635E-001
   1.9326744541E+001   8.0389321651E-001
   1.9481358497E+001   1.3210184239E+000
   1.9635972454E+001   2.0638097094E+000
   1.9790586410E+001   2.6369301721E+000
   1.9945200366E+001   2.5050194236E+000
   2.0099814323E+001   1.8056389260E+000
   2.0254428279E+001   1.1181322295E+000
   2.0409042235E+001   6.8762469912E-001
   2.0563656191E+001   4.5328111080E-001
   2.0718270148E+001   3.2650897452E-001
   2.0872884104E+001   2.5828905706E-001
   2.1027498060E+001   2.2246894321E-001
   2.1182112017E+001   2.0385608546E-001
   2.1336725973E+001   1.9394663933E-001
   2.1491339929E+001   1.8833782662E-001
   2.1645953886E+001   1.8485271208E-001
   2.1800567842E+001   1.8243197420E-001
   2.1955181798E+001   1.8057778824E-001
   2.2109795755E+001   1.7908576219E-001
   2.2264409711E+001   1.7790498547E-001
   2.2419023667E+001   1.7705631261E-001
   2.2573637624E+001   1.7658096706E-001
   2.2728251580E+001   1.7650930739E-001
   2.2882865536E+001   1.7684611524E-001
   2.3037479493E+001   1.7756869437E-001
   2.3192093449E+001   1.7863691958E-001
   2.3346707405E+001   1.8001859643E-001
   2.3501321362E+001   1.8173354512E-001
   2.3655935318E+001   1.8392325540E-001
   2.3810549274E+001   1.8696653986E-001
   2.3965163231E+001   1.9169265522E-001
   2.4119777187E+001   1.9981629036E-001
   2.4274391143E+001   2.1482957784E-001
   2.4429005100E+001   2.4361401640E-001
   2.4583619056E+001   2.9879858371E-001
   2.4738233012E+001   4.0212651447E-001
   2.4892846969E+001   5.9286962632E-001
   2.5047460925E+001   9.4625430544E-001
   2.5202074881E+001   1.5529150839E+000
   2.5356688838E+001   2.3055871661E+000
   2.5511302794E+001   2.6830973707E+000
   2.5665916750E+001   2.3055698560E+000
   2.5820530707E+001   1.5528804629E+000
   2.5975144663E+001   9.4620237672E-001
   2.6129758619E+001   5.9280040466E-001
   2.6284372576E+001   4.0204003301E-001
   2.6438986532E+001   2.9869489818E-001
   2.6593600488E+001   2.4349320648E-001
   2.6748214445E+001   2.1469174707E-001
   2.6902828401E+001   1.9966156591E-001
   2.7057442357E+001   1.9152118853E-001
   2.7212056314E+001   1.8677850828E-001
   2.7366670270E+001   1.8371886433E-001
   2.7521284226E+001   1.8151303053E-001
   2.7675898183E+001   1.7978222750E-001
   2.7830512139E+001   1.7838500168E-001
   2.7985126095E+001   1.7730157217E-001
   2.8139740052E+001   1.7656417636E-001
   2.8294354008E+001   1.7621298652E-001
   2.8448967964E+001   1.7627075014E-001
   2.8603581920E+001   1.7673274139E-001
   2.8758195877E+001   1.7756866199E-001
   2.8912809833E+001   1.7873735305E-001
   2.9067423789E+001   1.8021802814E-001
   2.9222037746E+001   1.8206166888E-001
   2.9376651702E+001   1.8447274046E-001
   2.9531265658E+001   1.8794914149E-001
   2.9685879615E+001   1.9355026619E-001
   2.9840493571E+001   2.0345311858E-001
   2.9995107527E+001   2.2206053800E-001
   3.0149721484E+001   2.5787642071E-001
   3.0304335440E+001   3.2609336251E-001
   3.0458949396E+001   4.5286383844E-001
   3.0613563353E+001   6.8720717114E-001
   3.0768177309E+001   1.1177160142E+000
   3.0922791265E+001   1.8052259988E+000
   3.1077405222E+001   2.5046126828E+000
   3.1232019178E+001   2.6365338749E+000
   3.1386633134E+001   2.0634291933E+000
   3.1541247091E+001   1.3206592762E+000
   3.1695861047E+001   8.0356081042E-001
   3.1850475003E+001   5.1548024761E-001
   3.2005088960E+001   3.6001966752E-001
   3.2159702916E+001   2.7593928318E-001
   3.2314316872E+001   2.3141977692E-001
   3.2468930829E+001   2.0828140913E-001
   3.2623544785E+001   1.9611221914E-001
   3.2778158741E+001   1.8938927321E-001
   3.2932772698E+001   1.8535236790E-001
   3.3087386654E+001   1.8265254047E-001
   3.3242000610E+001   1.8064433688E-001
   3.3396614567E+001   1.7904531801E-001
   3.3551228523E+001   1.7776450439E-001
   3.3705842479E+001   1.7680566661E-001
   3.3860456436E+001   1.7620757195E-001
