  -3.4015070392E+001   1.7635644288E-001
  -3.3860456436E+001   1.7656182703E-001
  -3.3705842479E+001   1.7716393459E-001
  -3.3551228523E+001   1.7812644074E-001
  -3.3396614567E+001   1.7941057803E-001
  -3.3242000610E+001   1.8101258096E-001
  -3.3087386654E+001   1.8302344071E-001
  -3.2932772698E+001   1.8572561245E-001
  -3.2778158741E+001   1.8976456401E-001
  -3.2623544785E+001   1.9648925957E-001
  -3.2468930829E+001   2.0865988034E-001
  -3.2314316872E+001   2.3179930366E-001
  -3.2159702916E+001   2.7631938981E-001
  -3.2005088960E+001   3.6039972875E-001
  -3.1850475003E+001   5.1585947222E-001
  -3.1695861047E+001   8.0393841067E-001
  -3.1541247091E+001   1.3210349981E+000
  -3.1386633134E+001   2.0638034155E+000
  -3.1232019178E+001   2.6369055067E+000
  -3.1077405222E+001   2.5049777662E+000
  -3.0922791265E+001   1.8055813716E+000
  -3.0768177309E+001   1.1180614685E+000
  -3.0613563353E+001   6.8754306952E-001
  -3.0458949396E+001   4.5318979987E-001
  -3.0304335440E+001   3.2640871096E-001
  -3.0149721484E+001   2.5818060189E-001
  -2.9995107527E+001   2.2235319996E-001
  -2.9840493571E+001   2.0373407465E-001
  -2.9685879615E+001   1.9381944566E-001
  -2.9531265658E+001   1.8820654828E-001
  -2.9376651702E+001   1.8471842169E-001
  -2.9222037746E+001   1.8229569439E-001
  -2.9067423789E+001   1.8044048096E-001
  -2.8912809833E+001   1.7894832906E-001
  -2.8758195877E+001   1.7776827460E-001
  -2.8603581920E+001   1.7692112705E-001
  -2.8448967964E+001   1.7644807170E-001
  -2.8294354008E+001   1.7637943319E-001
  -2.8139740052E+001   1.7671996136E-001
  -2.7985126095E+001   1.7744692985E-001
  -2.7830512139E+001   1.7852018646E-001
  -2.7675898183E+001   1.7990751570E-001
  -2.7521284226E+001   1.8162872491E-001
  -2.7366670270E+001   1.8382529899E-001
  -2.7212056314E+001   1.8687604966E-001
  -2.7057442357E+001   1.9161022853E-001
  -2.6902828401E+001   1.9974250412E-001
  -2.6748214445E+001   2.1476496189E-001
  -2.6593600488E+001   2.4355901590E-001
  -2.6438986532E+001   2.9875351135E-001
  -2.6284372576E+001   4.0209150221E-001
  -2.6129758619E+001   5.9284464365E-001
  -2.5975144663E+001   9.4623944319E-001
  -2.5820530707E+001   1.5529111213E+000
  -2.5665916750E+001   2.3055950603E+000
  -2.5511302794E+001   2.6831156947E+000
  -2.5356688838E+001   2.3055950642E+000
  -2.5202074881E+001   1.5529111251E+000
  -2.5047460925E+001   9.4623943806E-001
  -2.4892846969E+001   5.9284461380E-001
  -2.4738233012E+001   4.0209142265E-001
  -2.4583619056E+001   2.9875334548E-001
  -2.4429005100E+001   2.4355871303E-001
  -2.4274391143E+001   2.1476445432E-001
  -2.4119777187E+001   1.9974170372E-001
  -2.3965163231E+001   1.9160902243E-001
  -2.3810549274E+001   1.8687429519E-001
  -2.3655935318E+001   1.8382281782E-001
  -2.3501321362E+001   1.8162529641E-001
  -2.3346707405E+001   1.7990286929E-001
  -2.3192093449E+001   1.7851399317E-001
  -2.3037479493E+001   1.7743879309E-001
  -2.2882865536E+001   1.7670940691E-001
  -2.2728251580E+001   1.7636589874E-001
  -2.2573637624E+001   1.7643089632E-001
  -2.2419023667E+001   1.7689954122E-001
  -2.2264409711E+001   1.7774139115E-001
  -2.2109795755E+001   1.7891513616E-001
  -2.1955181798E+001   1.8039983786E-001
  -2.1800567842E+001   1.8224633052E-001
  -2.1645953886E+001   1.8465894007E-001
  -2.1491339929E+001   1.8813543494E-001
  -2.1336725973E+001   1.9373508811E-001
  -2.1182112017E+001   2.0363479410E-001
  -2.1027498060E+001   2.2223730132E-001
  -2.0872884104E+001   2.5804643551E-001
  -2.0718270148E+001   3.2625472237E-001
  -2.0563656191E+001   4.5301454285E-001
  -2.0409042235E+001   6.8734518646E-001
  -2.0254428279E+001   1.1178395338E+000
  -2.0099814323E+001   1.8053330358E+000
  -1.9945200366E+001   2.5046977036E+000
  -1.9790586410E+001   2.6365836497E+000
  -1.9635972454E+001   2.0634262275E+000
  -1.9481358497E+001   1.3205890762E+000
  -1.9326744541E+001   8.0341244476E-001
  -1.9172130585E+001   5.1524348322E-001
  -1.9017516628E+001   3.5968386790E-001
  -1.8862902672E+001   2.7549349496E-001
  -1.8708288716E+001   2.3085271689E-001
  -1.8553674759E+001   2.0758115302E-001
  -1.8399060803E+001   1.9526583877E-001
  -1.8244446847E+001   1.8838256409E-001
  -1.8089832890E+001   1.8416964888E-001
  -1.7935218934E+001   1.8127646620E-001
  -1.7780604978E+001   1.7905569262E-001
  -1.7625991021E+001   1.7722280028E-001
  -1.7471377065E+001   1.7568450844E-001
  -1.7316763109E+001   1.7444210739E-001
  -1.7162149152E+001   1.7353176478E-001
  -1.7007535196E+001   1.7298716984E-001
  -1.6852921240E+001   1.7281981713E-001
  -1.6698307283E+001   1.7301333838E-001
  -1.6543693327E+001   1.7352950552E-001
  -1.6389079371E+001   1.7432827630E-001
  -1.6234465414E+001   1.7540547030E-001
  -1.6079851458E+001   1.7685277085E-001
  -1.5925237502E+001   1.7895471352E-001
  -1.5770623545E+001   1.8236061965E-001
  -1.5616009589E+001   1.8842568256E-001
  -1.5461395633E+001   1.9991955326E-001
  -1.5306781676E+001   2.2237866189E-001
  -1.5152167720E+001   2.6623248537E-001
  -1.4997553764E+001   3.4968055271E-001
  -1.4842939807E+001   5.0456169061E-001
  -1.4688325851E+001   7.9213266411E-001
  -1.4533711895E+001   1.3087919870E+000
  -1.4379097938E+001   2.0511289198E+000
  -1.4224483982E+001   2.6236328011E+000
  -1.4069870026E+001   2.4907381186E+000
  -1.3915256069E+001   1.7899459692E+000
  -1.3760642113E+001   1.1007216027E+000
  -1.3606028157E+001   6.6835230426E-001
  -1.3451414200E+001   4.3210456733E-001
  -1.3296800244E+001   3.0344424859E-001
  -1.3142186288E+001   2.3340089547E-001
  -1.2987572331E+001   1.9586490856E-001
  -1.2832958375E+001   1.7567690376E-001
  -1.2678344419E+001   1.6435930104E-001
  -1.2523730462E+001   1.5753330457E-001
  -1.2369116506E+001   1.5304557175E-001
  -1.2214502550E+001   1.4985916816E-001
  -1.2059888594E+001   1.4749571393E-001
  -1.1905274637E+001   1.4576601451E-001
  -1.1750660681E+001   1.4462963763E-001
  -1.1596046725E+001   1.4411333582E-001
  -1.1441432768E+001   1.4425999877E-001
  -1.1286818812E+001   1.4509764887E-001
  -1.1132204856E+001   1.4662464921E-001
  -1.0977590899E+001   1.4880736098E-001
  -1.0822976943E+001   1.5158946439E-001
  -1.0668362987E+001   1.5491649350E-001
  -1.0513749030E+001   1.5877930094E-001
  -1.0359135074E+001   1.6328370083E-001
  -1.0204521118E+001   1.6876709796E-001
  -1.0049907161E+001   1.7601367594E-001
  -9.8952932049E+000   1.8669208398E-001
  -9.7406792486E+000   2.0424967807E-001
  -9.5860652923E+000   2.3552496563E-001
  -9.4314513359E+000   2.9310444973E-001
  -9.2768373796E+000   3.9868791524E-001
  -9.1222234233E+000   5.9149772245E-001
  -8.9676094670E+000   9.4667775348E-001
  -8.8129955106E+000   1.5547190011E+000
  -8.6583815543E+000   2.3083131261E+000
  -8.5037675980E+000   2.6866437026E+000
  -8.3491536417E+000   2.3102320909E+000
  -8.1945396853E+000   1.5587984623E+000
  -8.0399257290E+000   9.5322735595E-001
  -7.8853117727E+000   6.0076267857E-001
  -7.7306978164E+000   4.1082610669E-001
  -7.5760838600E+000   3.0819413962E-001
  -7.4214699037E+000   2.5356819916E-001
  -7.2668559474E+000   2.2518162942E-001
  -7.1122419910E+000   2.1039568943E-001
  -6.9576280347E+000   2.0233134708E-001
  -6.8030140784E+000   1.9750726040E-001
  -6.6484001221E+000   1.9422476589E-001
  -6.4937861657E+000   1.9167378229E-001
  -6.3391722094E+000   1.8949617048E-001
  -6.1845582531E+000   1.8757109270E-001
  -6.0299442968E+000   1.8589803716E-001
  -5.8753303404E+000   1.8452620716E-001
  -5.7207163841E+000   1.8350992101E-001
  -5.5661024278E+000   1.8288314304E-001
  -5.4114884714E+000   1.8264964442E-001
  -5.2568745151E+000   1.8278531661E-001
  -5.1022605588E+000   1.8325338304E-001
  -4.9476466025E+000   1.8403613570E-001
  -4.7930326461E+000   1.8518677901E-001
  -4.6384186898E+000   1.8691149689E-001
  -4.4838047335E+000   1.8970965658E-001
  -4.3291907772E+000   1.9464203904E-001
  -4.1745768208E+000   2.0388688800E-001
  -4.0199628645E+000   2.2184730043E-001
  -3.8653489082E+000   2.5702397358E-001
  -3.7107349518E+000   3.2459835152E-001
  -3.5561209955E+000   4.5069771674E-001
  -3.4015070392E+000   6.8429150509E-001
  -3.2468930829E+000   1.1138835256E+000
  -3.0922791265E+000   1.8002393857E+000
  -2.9376651702E+000   2.4984247553E+000
  -2.7830512139E+000   2.6295620931E+000
  -2.6284372576E+000   2.0561527002E+000
  -2.4738233012E+000   1.3130542277E+000
  -2.3192093449E+000   7.9527729697E-001
  -2.1645953886E+000   5.0621636023E-001
  -2.0099814323E+000   3.4960861055E-001
  -1.8553674759E+000   2.6431368417E-001
  -1.7007535196E+000   2.1858022016E-001
  -1.5461395633E+000   1.9427447554E-001
  -1.3915256069E+000   1.8101438591E-001
  -1.2369116506E+000   1.7329777859E-001
  -1.0822976943E+000   1.6838114831E-001
  -9.2768373796E-001   1.6493003496E-001
  -7.7306978164E-001   1.6231123002E-001
  -6.1845582531E-001   1.6025180028E-001
  -4.6384186898E-001   1.5866734703E-001
  -3.0922791265E-001   1.5756546212E-001
  -1.5461395633E-001   1.5698629301E-001
   0.0000000000E+000   1.5696537743E-001
   1.5461395633E-001   1.5751392755E-001
   3.0922791265E-001   1.5861292939E-001
   4.6384186898E-001   1.6021870696E-001
   6.1845582531E-001   1.6228239750E-001
   7.7306978164E-001   1.6478704946E-001
   9.2768373796E-001   1.6780721811E-001
   1.0822976943E+000   1.7160590695E-001
   1.2369116506E+000   1.7680688187E-001
   1.3915256069E+000   1.8473633579E-001
   1.5461395633E+000   1.9813161252E-001
   1.7007535196E+000   2.2249244363E-001
   1.8553674759E+000   2.6820490985E-001
   2.0099814323E+000   3.5341642934E-001
   2.1645953886E+000   5.0990268778E-001
   2.3192093449E+000   7.9883445515E-001
   2.4738233012E+000   1.3164971449E+000
   2.6284372576E+000   2.0594856901E+000
   2.7830512139E+000   2.6327350027E+000
   2.9376651702E+000   2.5013294462E+000
   3.0922791265E+000   1.8027601275E+000
   3.2468930829E+000   1.1159503213E+000
   3.4015070392E+000   6.8588083234E-001
   3.5561209955E+000   4.5179681340E-001
   3.7107349518E+000   3.2518253398E-001
   3.8653489082E+000   2.5705523869E-001
   4.0199628645E+000   2.2128193950E-001
   4.1745768208E+000   2.0268421524E-001
   4.3291907772E+000   1.9277102627E-001
   4.4838047335E+000   1.8715299184E-001
   4.6384186898E+000   1.8366769708E-001
   4.7930326461E+000   1.8127093385E-001
   4.9476466025E+000   1.7947957617E-001
   5.1022605588E+000   1.7810248018E-001
   5.2568745151E+000   1.7709967296E-001
   5.4114884714E+000   1.7649998031E-001
   5.5661024278E+000   1.7634913608E-001
   5.7207163841E+000   1.7667815848E-001
   5.8753303404E+000   1.7748830345E-001
   6.0299442968E+000   1.7874887933E-001
   6.1845582531E+000   1.8040712618E-001
   6.3391722094E+000   1.8241363160E-001
   6.4937861657E+000   1.8476681890E-001
   6.6484001221E+000   1.8758345814E-001
   6.8030140784E+000   1.9121563898E-001
   6.9576280347E+000   1.9646556237E-001
   7.1122419910E+000   2.0502249426E-001
   7.2668559474E+000   2.2035739178E-001
   7.4214699037E+000   2.4933893826E-001
   7.5760838600E+000   3.0459764361E-001
   7.7306978164E+000   4.0789819416E-001
   7.8853117727E+000   5.9855353634E-001
   8.0399257290E+000   9.5183978778E-001
   8.1945396853E+000   1.5584187242E+000
   8.3491536417E+000   2.3109712591E+000
   8.5037675980E+000   2.6881749688E+000
   8.6583815543E+000   2.3100488877E+000
   8.8129955106E+000   1.5565343851E+000
   8.9676094670E+000   9.4893895380E-001
   9.1222234233E+000   5.9458838583E-001
   9.2768373796E+000   4.0283551585E-001
   9.4314513359E+000   2.9842100570E-001
   9.5860652923E+000   2.4204921589E-001
   9.7406792486E+000   2.1197124871E-001
   9.8952932049E+000   1.9556983484E-001
   1.0049907161E+001   1.8598744515E-001
   1.0204521118E+001   1.7976297277E-001
   1.0359135074E+001   1.7521602866E-001
   1.0513749030E+001   1.7155223011E-001
   1.0668362987E+001   1.6842608516E-001
   1.0822976943E+001   1.6572620811E-001
   1.0977590899E+001   1.6345857554E-001
   1.1132204856E+001   1.6167639363E-001
   1.1286818812E+001   1.6043603213E-001
   1.1441432768E+001   1.5977198297E-001
   1.1596046725E+001   1.5968724007E-001
   1.1750660681E+001   1.6015558023E-001
   1.1905274637E+001   1.6113650848E-001
   1.2059888594E+001   1.6260657130E-001
   1.2214502550E+001   1.6461075822E-001
   1.2369116506E+001   1.6734430621E-001
   1.2523730462E+001   1.7129302833E-001
   1.2678344419E+001   1.7750217067E-001
   1.2832958375E+001   1.8813354053E-001
   1.2987572331E+001   2.0757427808E-001
   1.3142186288E+001   2.4431123916E-001
   1.3296800244E+001   3.1351635817E-001
   1.3451414200E+001   4.4131633689E-001
   1.3606028157E+001   6.7670133176E-001
   1.3760642113E+001   1.1082302742E+000
   1.3915256069E+001   1.7966855463E+000
   1.4069870026E+001   2.4968621957E+000
   1.4224483982E+001   2.6293575660E+000
   1.4379097938E+001   2.0566398578E+000
   1.4533711895E+001   1.3141699365E+000
   1.4688325851E+001   7.9736981860E-001
   1.4842939807E+001   5.0961812849E-001
   1.4997553764E+001   3.5451758489E-001
   1.5152167720E+001   2.7082048519E-001
   1.5306781676E+001   2.2669775894E-001
   1.5461395633E+001   2.0395950436E-001
   1.5616009589E+001   1.9218468439E-001
   1.5770623545E+001   1.8584333296E-001
   1.5925237502E+001   1.8217030130E-001
   1.6079851458E+001   1.7981336332E-001
   1.6234465414E+001   1.7812506050E-001
   1.6389079371E+001   1.7682191104E-001
   1.6543693327E+001   1.7581266017E-001
   1.6698307283E+001   1.7510142054E-001
   1.6852921240E+001   1.7472778063E-001
   1.7007535196E+001   1.7472923184E-001
   1.7162149152E+001   1.7512121782E-001
   1.7316763109E+001   1.7589121429E-001
   1.7471377065E+001   1.7700446656E-001
   1.7625991021E+001   1.7842376159E-001
   1.7780604978E+001   1.8014682667E-001
   1.7935218934E+001   1.8226605220E-001
   1.8089832890E+001   1.8506518131E-001
   1.8244446847E+001   1.8919085350E-001
   1.8399060803E+001   1.9599309272E-001
   1.8553674759E+001   2.0823303652E-001
   1.8708288716E+001   2.3143441722E-001
   1.8862902672E+001   2.7600983531E-001
   1.9017516628E+001   3.6013948494E-001
   1.9172130585E+001   5.1564298974E-001
   1.9326744541E+001   8.0376051145E-001
   1.9481358497E+001   1.3208907318E+000
   1.9635972454E+001   2.0636877690E+000
   1.9790586410E+001   2.6368132389E+000
   1.9945200366E+001   2.5049038756E+000
   2.0099814323E+001   1.8055219308E+000
   2.0254428279E+001   1.1180139051E+000
   2.0409042235E+001   6.8750573077E-001
   2.0563656191E+001   4.5316143708E-001
   2.0718270148E+001   3.2638823655E-001
   2.0872884104E+001   2.5816701614E-001
   2.1027498060E+001   2.2234556207E-001
   2.1182112017E+001   2.0373149178E-001
   2.1336725973E+001   1.9382107676E-001
   2.1491339929E+001   1.8821161358E-001
   2.1645953886E+001   1.8472621032E-001
   2.1800567842E+001   1.8230556808E-001
   2.1955181798E+001   1.8045187483E-001
   2.2109795755E+001   1.7896075029E-001
   2.2264409711E+001   1.7778129971E-001
   2.2419023667E+001   1.7693439809E-001
   2.2573637624E+001   1.7646129175E-001
   2.2728251580E+001   1.7639236114E-001
   2.2882865536E+001   1.7673240633E-001
   2.3037479493E+001   1.7745874555E-001
   2.3192093449E+001   1.7853126579E-001
   2.3346707405E+001   1.7991778550E-001
   2.3501321362E+001   1.8163814115E-001
   2.3655935318E+001   1.8383384247E-001
   2.3810549274E+001   1.8688372196E-001
   2.3965163231E+001   1.9161704818E-001
   2.4119777187E+001   1.9974850307E-001
   2.4274391143E+001   2.1477018223E-001
   2.4429005100E+001   2.4356350727E-001
   2.4583619056E+001   2.9875732927E-001
   2.4738233012E+001   4.0209470757E-001
   2.4892846969E+001   5.9284730264E-001
   2.5047460925E+001   9.4624162672E-001
   2.5202074881E+001   1.5529129027E+000
   2.5356688838E+001   2.3055965112E+000
   2.5511302794E+001   2.6831168805E+000
   2.5665916750E+001   2.3055960408E+000
   2.5820530707E+001   1.5529119388E+000
   2.5975144663E+001   9.4624012830E-001
   2.6129758619E+001   5.9284521833E-001
   2.6284372576E+001   4.0209198300E-001
   2.6438986532E+001   2.9875391174E-001
   2.6593600488E+001   2.4355934775E-001
   2.6748214445E+001   2.1476523598E-001
   2.6902828401E+001   1.9974273020E-001
   2.7057442357E+001   1.9161041527E-001
   2.7212056314E+001   1.8687620464E-001
   2.7366670270E+001   1.8382542870E-001
   2.7521284226E+001   1.8162883483E-001
   2.7675898183E+001   1.7990761035E-001
   2.7830512139E+001   1.7852026957E-001
   2.7985126095E+001   1.7744700441E-001
   2.8139740052E+001   1.7672002972E-001
   2.8294354008E+001   1.7637949721E-001
   2.8448967964E+001   1.7644813280E-001
   2.8603581920E+001   1.7692118625E-001
   2.8758195877E+001   1.7776833265E-001
   2.8912809833E+001   1.7894838649E-001
   2.9067423789E+001   1.8044053810E-001
   2.9222037746E+001   1.8229575141E-001
   2.9376651702E+001   1.8471847869E-001
   2.9531265658E+001   1.8820660525E-001
   2.9685879615E+001   1.9381950254E-001
   2.9840493571E+001   2.0373413133E-001
   2.9995107527E+001   2.2235325631E-001
   3.0149721484E+001   2.5818065775E-001
   3.0304335440E+001   3.2640876616E-001
   3.0458949396E+001   4.5318985425E-001
   3.0613563353E+001   6.8754312291E-001
   3.0768177309E+001   1.1180615207E+000
   3.0922791265E+001   1.8055814225E+000
   3.1077405222E+001   2.5049778155E+000
   3.1232019178E+001   2.6369055544E+000
   3.1386633134E+001   2.0638034614E+000
   3.1541247091E+001   1.3210350421E+000
   3.1695861047E+001   8.0393845257E-001
   3.1850475003E+001   5.1585951190E-001
   3.2005088960E+001   3.6039976610E-001
   3.2159702916E+001   2.7631942473E-001
   3.2314316872E+001   2.3179933604E-001
   3.2468930829E+001   2.0865991008E-001
   3.2623544785E+001   1.9648928658E-001
   3.2778158741E+001   1.8976458823E-001
   3.2932772698E+001   1.8572563379E-001
   3.3087386654E+001   1.8302345912E-001
   3.3242000610E+001   1.8101259639E-001
   3.3396614567E+001   1.7941059042E-001
   3.3551228523E+001   1.7812645006E-001
   3.3705842479E+001   1.7716394082E-001
   3.3860456436E+001   1.7656183015E-001
