  -3.4015070392E+001   1.7634160646E-001
  -3.3860456436E+001   1.7654927929E-001
  -3.3705842479E+001   1.7715391274E-001
  -3.3551228523E+001   1.7811916703E-001
  -3.3396614567E+001   1.7940625350E-001
  -3.3242000610E+001   1.8101138016E-001
  -3.3087386654E+001   1.8302550720E-001
  -3.2932772698E+001   1.8573105480E-001
  -3.2778158741E+001   1.8977345188E-001
  -3.2623544785E+001   1.9650161937E-001
  -3.2468930829E+001   2.0867569057E-001
  -3.2314316872E+001   2.3181848993E-001
  -3.2159702916E+001   2.7634181994E-001
  -3.2005088960E+001   3.6042520838E-001
  -3.1850475003E+001   5.1588774609E-001
  -3.1695861047E+001   8.0396918860E-001
  -3.1541247091E+001   1.3210680269E+000
  -3.1386633134E+001   2.0638384946E+000
  -3.1232019178E+001   2.6369422237E+000
  -3.1077405222E+001   2.5050153281E+000
  -3.0922791265E+001   1.8056190855E+000
  -3.0768177309E+001   1.1180990291E+000
  -3.0613563353E+001   6.8758026273E-001
  -3.0458949396E+001   4.5322633837E-001
  -3.0304335440E+001   3.2644429491E-001
  -3.0149721484E+001   2.5821497686E-001
  -2.9995107527E+001   2.2238617163E-001
  -2.9840493571E+001   2.0376550734E-001
  -2.9685879615E+001   1.9384925793E-001
  -2.9531265658E+001   1.8823470834E-001
  -2.9376651702E+001   1.8474494296E-001
  -2.9222037746E+001   1.8232063134E-001
  -2.9067423789E+001   1.8046392547E-001
  -2.8912809833E+001   1.7897040695E-001
  -2.8758195877E+001   1.7778914209E-001
  -2.8603581920E+001   1.7694096655E-001
  -2.8448967964E+001   1.7646708668E-001
  -2.8294354008E+001   1.7639784228E-001
  -2.8139740052E+001   1.7673799184E-001
  -2.7985126095E+001   1.7746481102E-001
  -2.7830512139E+001   1.7853814343E-001
  -2.7675898183E+001   1.7992576389E-001
  -2.7521284226E+001   1.8164746543E-001
  -2.7366670270E+001   1.8384471469E-001
  -2.7212056314E+001   1.8689630152E-001
  -2.7057442357E+001   1.9163145175E-001
  -2.6902828401E+001   1.9976480388E-001
  -2.6748214445E+001   2.1478840859E-001
  -2.6593600488E+001   2.4358364016E-001
  -2.6438986532E+001   2.9877929901E-001
  -2.6284372576E+001   4.0211839064E-001
  -2.6129758619E+001   5.9287252782E-001
  -2.5975144663E+001   9.4626821631E-001
  -2.5820530707E+001   1.5529407505E+000
  -2.5665916750E+001   2.3056255233E+000
  -2.5511302794E+001   2.6831466576E+000
  -2.5356688838E+001   2.3056259255E+000
  -2.5202074881E+001   1.5529415687E+000
  -2.5047460925E+001   9.4626947714E-001
  -2.4892846969E+001   5.9287426802E-001
  -2.4738233012E+001   4.0212065456E-001
  -2.4583619056E+001   2.9878213550E-001
  -2.4429005100E+001   2.4358709922E-001
  -2.4274391143E+001   2.1479253751E-001
  -2.4119777187E+001   1.9976964268E-001
  -2.3965163231E+001   1.9163702763E-001
  -2.3810549274E+001   1.8690262239E-001
  -2.3655935318E+001   1.8385176184E-001
  -2.3501321362E+001   1.8165518523E-001
  -2.3346707405E+001   1.7993405848E-001
  -2.3192093449E+001   1.7854686046E-001
  -2.3037479493E+001   1.7747373258E-001
  -2.2882865536E+001   1.7674682254E-001
  -2.2728251580E+001   1.7640619683E-001
  -2.2573637624E+001   1.7647447740E-001
  -2.2419023667E+001   1.7694679143E-001
  -2.2264409711E+001   1.7779267379E-001
  -2.2109795755E+001   1.7897078382E-001
  -2.1955181798E+001   1.8046014547E-001
  -2.1800567842E+001   1.8231154933E-001
  -2.1645953886E+001   1.8472927238E-001
  -2.1491339929E+001   1.8821102903E-001
  -2.1336725973E+001   1.9381603315E-001
  -2.1182112017E+001   2.0372111467E-001
  -2.1027498060E+001   2.2232895178E-001
  -2.0872884104E+001   2.5814329445E-001
  -2.0718270148E+001   3.2635658739E-001
  -2.0563656191E+001   4.5312112847E-001
  -2.0409042235E+001   6.8745613830E-001
  -2.0254428279E+001   1.1179544862E+000
  -2.0099814323E+001   1.8054516719E+000
  -1.9945200366E+001   2.5048195899E+000
  -1.9790586410E+001   2.6367079382E+000
  -1.9635972454E+001   2.0635519458E+000
  -1.9481358497E+001   1.3207156116E+000
  -1.9326744541E+001   8.0353937793E-001
  -1.9172130585E+001   5.1537032517E-001
  -1.9017516628E+001   3.5981007636E-001
  -1.8862902672E+001   2.7561854798E-001
  -1.8708288716E+001   2.3097614092E-001
  -1.8553674759E+001   2.0770252637E-001
  -1.8399060803E+001   1.9538478964E-001
  -1.8244446847E+001   1.8849876819E-001
  -1.8089832890E+001   1.8428282723E-001
  -1.7935218934E+001   1.8138638334E-001
  -1.7780604978E+001   1.7916215522E-001
  -1.7625991021E+001   1.7732565607E-001
  -1.7471377065E+001   1.7578364518E-001
  -1.7316763109E+001   1.7453745125E-001
  -1.7162149152E+001   1.7362327789E-001
  -1.7007535196E+001   1.7307484684E-001
  -1.6852921240E+001   1.7290368098E-001
  -1.6698307283E+001   1.7309343578E-001
  -1.6543693327E+001   1.7360590249E-001
  -1.6389079371E+001   1.7440105423E-001
  -1.6234465414E+001   1.7547472273E-001
  -1.6079851458E+001   1.7691860080E-001
  -1.5925237502E+001   1.7901723106E-001
  -1.5770623545E+001   1.8241993922E-001
  -1.5616009589E+001   1.8848191976E-001
  -1.5461395633E+001   1.9997282110E-001
  -1.5306781676E+001   2.2242906661E-001
  -1.5152167720E+001   2.6628012117E-001
  -1.4997553764E+001   3.4972549464E-001
  -1.4842939807E+001   5.0460398950E-001
  -1.4688325851E+001   7.9217236232E-001
  -1.4533711895E+001   1.3088291690E+000
  -1.4379097938E+001   2.0511636759E+000
  -1.4224483982E+001   2.6236648866E+000
  -1.4069870026E+001   2.4907667624E+000
  -1.3915256069E+001   1.7899704441E+000
  -1.3760642113E+001   1.1007416305E+000
  -1.3606028157E+001   6.6836778963E-001
  -1.3451414200E+001   4.3211539737E-001
  -1.3296800244E+001   3.0345032303E-001
  -1.3142186288E+001   2.3340217327E-001
  -1.2987572331E+001   1.9586141375E-001
  -1.2832958375E+001   1.7566871414E-001
  -1.2678344419E+001   1.6434653758E-001
  -1.2523730462E+001   1.5751612526E-001
  -1.2369116506E+001   1.5302416802E-001
  -1.2214502550E+001   1.4983376206E-001
  -1.2059888594E+001   1.4746655533E-001
  -1.1905274637E+001   1.4573337830E-001
  -1.1750660681E+001   1.4459382090E-001
  -1.1596046725E+001   1.4407465479E-001
  -1.1441432768E+001   1.4421878495E-001
  -1.1286818812E+001   1.4505424410E-001
  -1.1132204856E+001   1.4657939930E-001
  -1.0977590899E+001   1.4876060778E-001
  -1.0822976943E+001   1.5154153646E-001
  -1.0668362987E+001   1.5486769579E-001
  -1.0513749030E+001   1.5872990391E-001
  -1.0359135074E+001   1.6323392991E-001
  -1.0204521118E+001   1.6871712413E-001
  -1.0049907161E+001   1.7596360834E-001
  -9.8952932049E+000   1.8664196534E-001
  -9.7406792486E+000   2.0419948488E-001
  -9.5860652923E+000   2.3547461596E-001
  -9.4314513359E+000   2.9305382330E-001
  -9.2768373796E+000   3.9863688795E-001
  -9.1222234233E+000   5.9144621760E-001
  -8.9676094670E+000   9.4662581656E-001
  -8.8129955106E+000   1.5546668305E+000
  -8.6583815543E+000   2.3082607451E+000
  -8.5037675980E+000   2.6865902967E+000
  -8.3491536417E+000   2.3101763113E+000
  -8.1945396853E+000   1.5587397222E+000
  -8.0399257290E+000   9.5316600280E-001
  -7.8853117727E+000   6.0069922527E-001
  -7.7306978164E+000   4.1076087650E-001
  -7.5760838600E+000   3.0812729647E-001
  -7.4214699037E+000   2.5349982311E-001
  -7.2668559474E+000   2.2511177525E-001
  -7.1122419910E+000   2.1032443309E-001
  -6.9576280347E+000   2.0225881488E-001
  -6.8030140784E+000   1.9743364138E-001
  -6.6484001221E+000   1.9415031327E-001
  -6.4937861657E+000   1.9159880928E-001
  -6.3391722094E+000   1.8942104257E-001
  -6.1845582531E+000   1.8749621687E-001
  -6.0299442968E+000   1.8582384824E-001
  -5.8753303404E+000   1.8445315174E-001
  -5.7207163841E+000   1.8343843985E-001
  -5.5661024278E+000   1.8281365300E-001
  -5.4114884714E+000   1.8258252113E-001
  -5.2568745151E+000   1.8272087913E-001
  -5.1022605588E+000   1.8319188147E-001
  -4.9476466025E+000   1.8397774261E-001
  -4.7930326461E+000   1.8513158520E-001
  -4.6384186898E+000   1.8685951154E-001
  -4.4838047335E+000   1.8966081153E-001
  -4.3291907772E+000   1.9459619654E-001
  -4.1745768208E+000   2.0384385124E-001
  -4.0199628645E+000   2.2180682616E-001
  -3.8653489082E+000   2.5698578521E-001
  -3.7107349518E+000   3.2456215002E-001
  -3.5561209955E+000   4.5066318556E-001
  -3.4015070392E+000   6.8425831005E-001
  -3.2468930829E+000   1.1138513275E+000
  -3.0922791265E+000   1.8002078762E+000
  -2.9376651702E+000   2.4983936111E+000
  -2.7830512139E+000   2.6295308325E+000
  -2.6284372576E+000   2.0561207959E+000
  -2.4738233012E+000   1.3130213205E+000
  -2.3192093449E+000   7.9524311433E-001
  -2.1645953886E+000   5.0618062792E-001
  -2.0099814323E+000   3.4957108200E-001
  -1.8553674759E+000   2.6427416211E-001
  -1.7007535196E+000   2.1853855432E-001
  -1.5461395633E+000   1.9423056013E-001
  -1.3915256069E+000   1.8096816335E-001
  -1.2369116506E+000   1.7324924715E-001
  -1.0822976943E+000   1.6833037068E-001
  -9.2768373796E-001   1.6487714547E-001
  -7.7306978164E-001   1.6225643955E-001
  -6.1845582531E-001   1.6019539811E-001
  -4.6384186898E-001   1.5860969902E-001
  -3.0922791265E-001   1.5750700488E-001
  -1.5461395633E-001   1.5692752384E-001
   0.0000000000E+000   1.5690684013E-001
   1.5461395633E-001   1.5745619466E-001
   3.0922791265E-001   1.5855658143E-001
   4.6384186898E-001   1.6016430968E-001
   6.1845582531E-001   1.6223047836E-001
   7.7306978164E-001   1.6473807479E-001
   9.2768373796E-001   1.6776157244E-001
   1.0822976943E+000   1.7156387577E-001
   1.2369116506E+000   1.7676863830E-001
   1.3915256069E+000   1.8470193187E-001
   1.5461395633E+000   1.9810097877E-001
   1.7007535196E+000   2.2246540815E-001
   1.8553674759E+000   2.6818125566E-001
   2.0099814323E+000   3.5339600403E-001
   2.1645953886E+000   5.0988556426E-001
   2.3192093449E+000   7.9882116306E-001
   2.4738233012E+000   1.3164889079E+000
   2.6284372576E+000   2.0594838462E+000
   2.7830512139E+000   2.6327386673E+000
   2.9376651702E+000   2.5013346450E+000
   3.0922791265E+000   1.8027636872E+000
   3.2468930829E+000   1.1159523772E+000
   3.4015070392E+000   6.8588278250E-001
   3.5561209955E+000   4.5179949144E-001
   3.7107349518E+000   3.2518607018E-001
   3.8653489082E+000   2.5705933830E-001
   4.0199628645E+000   2.2128609437E-001
   4.1745768208E+000   2.0268785778E-001
   4.3291907772E+000   1.9277363136E-001
   4.4838047335E+000   1.8715412799E-001
   4.6384186898E+000   1.8366704513E-001
   4.7930326461E+000   1.8126829078E-001
   4.9476466025E+000   1.7947485269E-001
   5.1022605588E+000   1.7809569417E-001
   5.2568745151E+000   1.7709093874E-001
   5.4114884714E+000   1.7648949418E-001
   5.5661024278E+000   1.7633715913E-001
   5.7207163841E+000   1.7666499774E-001
   5.8753303404E+000   1.7747429265E-001
   6.0299442968E+000   1.7873436013E-001
   6.1845582531E+000   1.8039243061E-001
   6.3391722094E+000   1.8239906652E-001
   6.4937861657E+000   1.8475265319E-001
   6.6484001221E+000   1.8756991312E-001
   6.8030140784E+000   1.9120288227E-001
   6.9576280347E+000   1.9645370480E-001
   7.1122419910E+000   2.0501159020E-001
   7.2668559474E+000   2.2034744568E-001
   7.4214699037E+000   2.4932992479E-001
   7.5760838600E+000   3.0458955102E-001
   7.7306978164E+000   4.0789109234E-001
   7.8853117727E+000   5.9854766380E-001
   8.0399257290E+000   9.5183566636E-001
   8.1945396853E+000   1.5584172116E+000
   8.3491536417E+000   2.3109730237E+000
   8.5037675980E+000   2.6881793290E+000
   8.6583815543E+000   2.3100540654E+000
   8.8129955106E+000   1.5565394442E+000
   8.9676094670E+000   9.4894421309E-001
   9.1222234233E+000   5.9459438723E-001
   9.2768373796E+000   4.0284252863E-001
   9.4314513359E+000   2.9842907704E-001
   9.5860652923E+000   2.4205828239E-001
   9.7406792486E+000   2.1198121187E-001
   9.8952932049E+000   1.9558061252E-001
   1.0049907161E+001   1.8599900147E-001
   1.0204521118E+001   1.7977533041E-001
   1.0359135074E+001   1.7522927046E-001
   1.0513749030E+001   1.7156649492E-001
   1.0668362987E+001   1.6844156020E-001
   1.0822976943E+001   1.6574311884E-001
   1.0977590899E+001   1.6347717390E-001
   1.1132204856E+001   1.6169694583E-001
   1.1286818812E+001   1.6045880678E-001
   1.1441432768E+001   1.5979724046E-001
   1.1596046725E+001   1.5971522358E-001
   1.1750660681E+001   1.6018650847E-001
   1.1905274637E+001   1.6117057008E-001
   1.2059888594E+001   1.6264392046E-001
   1.2214502550E+001   1.6465151124E-001
   1.2369116506E+001   1.6738853848E-001
   1.2523730462E+001   1.7134077179E-001
   1.2678344419E+001   1.7755341189E-001
   1.2832958375E+001   1.8818821958E-001
   1.2987572331E+001   2.0763228721E-001
   1.3142186288E+001   2.4437241843E-001
   1.3296800244E+001   3.1358048541E-001
   1.3451414200E+001   4.4138311589E-001
   1.3606028157E+001   6.7677039819E-001
   1.3760642113E+001   1.1083012415E+000
   1.3915256069E+001   1.7967580273E+000
   1.4069870026E+001   2.4969355902E+000
   1.4224483982E+001   2.6294308091E+000
   1.4379097938E+001   2.0567118755E+000
   1.4533711895E+001   1.3142402548E+000
   1.4688325851E+001   7.9743836538E-001
   1.4842939807E+001   5.0968486597E-001
   1.4997553764E+001   3.5458245624E-001
   1.5152167720E+001   2.7088346093E-001
   1.5306781676E+001   2.2675885235E-001
   1.5461395633E+001   2.0401876689E-001
   1.5616009589E+001   1.9224219977E-001
   1.5770623545E+001   1.8589921337E-001
   1.5925237502E+001   1.8222468428E-001
   1.6079851458E+001   1.7986640850E-001
   1.6234465414E+001   1.7817694630E-001
   1.6389079371E+001   1.7687283146E-001
   1.6543693327E+001   1.7586282138E-001
   1.6698307283E+001   1.7515103701E-001
   1.6852921240E+001   1.7477707035E-001
   1.7007535196E+001   1.7477841069E-001
   1.7162149152E+001   1.7517049315E-001
   1.7316763109E+001   1.7594077833E-001
   1.7471377065E+001   1.7705449003E-001
   1.7625991021E+001   1.7847438809E-001
   1.7780604978E+001   1.8019816794E-001
   1.7935218934E+001   1.8231818438E-001
   1.8089832890E+001   1.8511814168E-001
   1.8244446847E+001   1.8924463734E-001
   1.8399060803E+001   1.9604764998E-001
   1.8553674759E+001   2.0828826802E-001
   1.8708288716E+001   2.3149017074E-001
   1.8862902672E+001   2.7606590160E-001
   1.9017516628E+001   3.6019559429E-001
   1.9172130585E+001   5.1569881412E-001
   1.9326744541E+001   8.0381569148E-001
   1.9481358497E+001   1.3209449493E+000
   1.9635972454E+001   2.0637407630E+000
   1.9790586410E+001   2.6368645417E+000
   1.9945200366E+001   2.5049526456E+000
   2.0099814323E+001   1.8055674355E+000
   2.0254428279E+001   1.1180558104E+000
   2.0409042235E+001   6.8754380363E-001
   2.0563656191E+001   4.5319538048E-001
   2.0718270148E+001   3.2641775001E-001
   2.0872884104E+001   2.5819185361E-001
   2.1027498060E+001   2.2236554663E-001
   2.1182112017E+001   2.0374651404E-001
   2.1336725973E+001   1.9383109023E-001
   2.1491339929E+001   1.8821662981E-001
   2.1645953886E+001   1.8472629404E-001
   2.1800567842E+001   1.8230083257E-001
   2.1955181798E+001   1.8044247765E-001
   2.2109795755E+001   1.7894688923E-001
   2.2264409711E+001   1.7776320840E-001
   2.2419023667E+001   1.7691234105E-001
   2.2573637624E+001   1.7643555844E-001
   2.2728251580E+001   1.7636325913E-001
   2.2882865536E+001   1.7670025384E-001
   2.3037479493E+001   1.7742386394E-001
   2.3192093449E+001   1.7849397234E-001
   2.3346707405E+001   1.7987838700E-001
   2.3501321362E+001   1.8159692834E-001
   2.3655935318E+001   1.8379108514E-001
   2.3810549274E+001   1.8683966445E-001
   2.3965163231E+001   1.9157190467E-001
   2.4119777187E+001   1.9970245250E-001
   2.4274391143E+001   2.1472336284E-001
   2.4429005100E+001   2.4351601089E-001
   2.4583619056E+001   2.9870919573E-001
   2.4738233012E+001   4.0204592049E-001
   2.4892846969E+001   5.9279779512E-001
   2.5047460925E+001   9.4619132157E-001
   2.5202074881E+001   1.5528617879E+000
   2.5356688838E+001   2.3055445766E+000
   2.5511302794E+001   2.6830637952E+000
   2.5665916750E+001   2.3055411977E+000
   2.5820530707E+001   1.5528550073E+000
   2.5975144663E+001   9.4618109890E-001
   2.6129758619E+001   5.9278408010E-001
   2.6284372576E+001   4.0202866045E-001
   2.6438986532E+001   2.9868834052E-001
   2.6593600488E+001   2.4349151514E-001
   2.6748214445E+001   2.1469518683E-001
   2.6902828401E+001   1.9967056310E-001
   2.7057442357E+001   1.9153627730E-001
   2.7212056314E+001   1.8680028613E-001
   2.7366670270E+001   1.8374795817E-001
   2.7521284226E+001   1.8155007437E-001
   2.7675898183E+001   1.7982785141E-001
   2.7830512139E+001   1.7843982890E-001
   2.7985126095E+001   1.7736621970E-001
   2.8139740052E+001   1.7663925454E-001
   2.8294354008E+001   1.7629909503E-001
   2.8448967964E+001   1.7636847027E-001
   2.8603581920E+001   1.7684262611E-001
   2.8758195877E+001   1.7769122665E-001
   2.8912809833E+001   1.7887306896E-001
   2.9067423789E+001   1.8036732030E-001
   2.9222037746E+001   1.8222491677E-001
   2.9376651702E+001   1.8465027867E-001
   2.9531265658E+001   1.8814125539E-001
   2.9685879615E+001   1.9375717817E-001
   2.9840493571E+001   2.0367496295E-001
   2.9995107527E+001   2.2229732454E-001
   3.0149721484E+001   2.5812798822E-001
   3.0304335440E+001   3.2635932454E-001
   3.0458949396E+001   4.5314354428E-001
   3.0613563353E+001   6.8749980058E-001
   3.0768177309E+001   1.1180210517E+000
   3.0922791265E+001   1.8055437423E+000
   3.1077405222E+001   2.5049427648E+000
   3.1232019178E+001   2.6368725817E+000
   3.1386633134E+001   2.0637719105E+000
   3.1541247091E+001   1.3210046322E+000
   3.1695861047E+001   8.0390910934E-001
   3.1850475003E+001   5.1583110229E-001
   3.2005088960E+001   3.6037211377E-001
   3.2159702916E+001   2.7629238161E-001
   3.2314316872E+001   2.3177280800E-001
   3.2468930829E+001   2.0863385787E-001
   3.2623544785E+001   1.9646372120E-001
   3.2778158741E+001   1.8973956576E-001
   3.2932772698E+001   1.8570125018E-001
   3.3087386654E+001   1.8299984531E-001
   3.3242000610E+001   1.8098991384E-001
   3.3396614567E+001   1.7938902699E-001
   3.3551228523E+001   1.7810621589E-001
   3.3705842479E+001   1.7714526375E-001
   3.3860456436E+001   1.7654495032E-001
