  -3.4015070392E+001   1.7636323762E-001
  -3.3860456436E+001   1.7656852114E-001
  -3.3705842479E+001   1.7717045145E-001
  -3.3551228523E+001   1.7813270557E-001
  -3.3396614567E+001   1.7941651853E-001
  -3.3242000610E+001   1.8101812774E-001
  -3.3087386654E+001   1.8302852775E-001
  -3.2932772698E+001   1.8573017766E-001
  -3.2778158741E+001   1.8976855012E-001
  -3.2623544785E+001   1.9649261539E-001
  -3.2468930829E+001   2.0866256259E-001
  -3.2314316872E+001   2.3180127904E-001
  -3.2159702916E+001   2.7632063743E-001
  -3.2005088960E+001   3.6040024246E-001
  -3.1850475003E+001   5.1585926136E-001
  -3.1695861047E+001   8.0393749315E-001
  -3.1541247091E+001   1.3210333796E+000
  -3.1386633134E+001   2.0638010865E+000
  -3.1232019178E+001   2.6369025267E+000
  -3.1077405222E+001   2.5049743169E+000
  -3.0922791265E+001   1.8055776067E+000
  -3.0768177309E+001   1.1180574234E+000
  -3.0613563353E+001   6.8753875512E-001
  -3.0458949396E+001   4.5318525544E-001
  -3.0304335440E+001   3.2640398714E-001
  -3.0149721484E+001   2.5817574387E-001
  -2.9995107527E+001   2.2234824397E-001
  -2.9840493571E+001   2.0372904935E-001
  -2.9685879615E+001   1.9381437428E-001
  -2.9531265658E+001   1.8820145064E-001
  -2.9376651702E+001   1.8471331588E-001
  -2.9222037746E+001   1.8229059797E-001
  -2.9067423789E+001   1.8043541175E-001
  -2.8912809833E+001   1.7894330544E-001
  -2.8758195877E+001   1.7776331555E-001
  -2.8603581920E+001   1.7691625214E-001
  -2.8448967964E+001   1.7644330103E-001
  -2.8294354008E+001   1.7637478756E-001
  -2.8139740052E+001   1.7671546245E-001
  -2.7985126095E+001   1.7744260037E-001
  -2.7830512139E+001   1.7851605029E-001
  -2.7675898183E+001   1.7990359787E-001
  -2.7521284226E+001   1.8162505148E-001
  -2.7366670270E+001   1.8382189693E-001
  -2.7212056314E+001   1.8687294696E-001
  -2.7057442357E+001   1.9160745463E-001
  -2.6902828401E+001   1.9974009083E-001
  -2.6748214445E+001   2.1476294475E-001
  -2.6593600488E+001   2.4355743590E-001
  -2.6438986532E+001   2.9875241688E-001
  -2.6284372576E+001   4.0209095069E-001
  -2.6129758619E+001   5.9284470024E-001
  -2.5975144663E+001   9.4624016891E-001
  -2.5820530707E+001   1.5529125506E+000
  -2.5665916750E+001   2.3055972223E+000
  -2.5511302794E+001   2.6831187144E+000
  -2.5356688838E+001   2.3055991486E+000
  -2.5202074881E+001   1.5529163897E+000
  -2.5047460925E+001   9.4624589260E-001
  -2.4892846969E+001   5.9285226382E-001
  -2.4738233012E+001   4.0210029096E-001
  -2.4583619056E+001   2.9876344992E-001
  -2.4429005100E+001   2.4357005487E-001
  -2.4274391143E+001   2.1477701731E-001
  -2.4119777187E+001   1.9975545612E-001
  -2.3965163231E+001   1.9162391943E-001
  -2.3810549274E+001   1.8689028110E-001
  -2.3655935318E+001   1.8383982797E-001
  -2.3501321362E+001   1.8164325867E-001
  -2.3346707405E+001   1.7992170512E-001
  -2.3192093449E+001   1.7853361840E-001
  -2.3037479493E+001   1.7745911847E-001
  -2.2882865536E+001   1.7673033877E-001
  -2.2728251580E+001   1.7638733965E-001
  -2.2573637624E+001   1.7645274603E-001
  -2.2419023667E+001   1.7692169759E-001
  -2.2264409711E+001   1.7776375117E-001
  -2.2109795755E+001   1.7893759680E-001
  -2.1955181798E+001   1.8042229693E-001
  -2.1800567842E+001   1.8226868738E-001
  -2.1645953886E+001   1.8468109646E-001
  -2.1491339929E+001   1.8815729604E-001
  -2.1336725973E+001   1.9375656405E-001
  -2.1182112017E+001   2.0365580188E-001
  -2.1027498060E+001   2.2225776715E-001
  -2.0872884104E+001   2.5806629743E-001
  -2.0718270148E+001   3.2627393300E-001
  -2.0563656191E+001   4.5303307134E-001
  -2.0409042235E+001   6.8736301537E-001
  -2.0254428279E+001   1.1178566427E+000
  -2.0099814323E+001   1.8053493848E+000
  -1.9945200366E+001   2.5047132865E+000
  -1.9790586410E+001   2.6365985875E+000
  -1.9635972454E+001   2.0634406787E+000
  -1.9481358497E+001   1.3206030864E+000
  -1.9326744541E+001   8.0342599963E-001
  -1.9172130585E+001   5.1525659250E-001
  -1.9017516628E+001   3.5969656225E-001
  -1.8862902672E+001   2.7550580477E-001
  -1.8708288716E+001   2.3086466497E-001
  -1.8553674759E+001   2.0759275485E-001
  -1.8399060803E+001   1.9527710429E-001
  -1.8244446847E+001   1.8839349942E-001
  -1.8089832890E+001   1.8418025775E-001
  -1.7935218934E+001   1.8128675098E-001
  -1.7780604978E+001   1.7906565476E-001
  -1.7625991021E+001   1.7723244032E-001
  -1.7471377065E+001   1.7569382574E-001
  -1.7316763109E+001   1.7445109959E-001
  -1.7162149152E+001   1.7354042741E-001
  -1.7007535196E+001   1.7299549596E-001
  -1.6852921240E+001   1.7282779714E-001
  -1.6698307283E+001   1.7302095989E-001
  -1.6543693327E+001   1.7353675324E-001
  -1.6389079371E+001   1.7433513190E-001
  -1.6234465414E+001   1.7541191218E-001
  -1.6079851458E+001   1.7685877404E-001
  -1.5925237502E+001   1.7896024980E-001
  -1.5770623545E+001   1.8236565814E-001
  -1.5616009589E+001   1.8843019095E-001
  -1.5461395633E+001   1.9992349968E-001
  -1.5306781676E+001   2.2238201748E-001
  -1.5152167720E+001   2.6623522736E-001
  -1.4997553764E+001   3.4968266764E-001
  -1.4842939807E+001   5.0456317635E-001
  -1.4688325851E+001   7.9213352460E-001
  -1.4533711895E+001   1.3087922124E+000
  -1.4379097938E+001   2.0511284813E+000
  -1.4224483982E+001   2.6236317281E+000
  -1.4069870026E+001   2.4907365499E+000
  -1.3915256069E+001   1.7899440119E+000
  -1.3760642113E+001   1.1007192538E+000
  -1.3606028157E+001   6.6834954435E-001
  -1.3451414200E+001   4.3210140886E-001
  -1.3296800244E+001   3.0344071491E-001
  -1.3142186288E+001   2.3339700396E-001
  -1.2987572331E+001   1.9586066753E-001
  -1.2832958375E+001   1.7567231371E-001
  -1.2678344419E+001   1.6435435660E-001
  -1.2523730462E+001   1.5752799644E-001
  -1.2369116506E+001   1.5303988825E-001
  -1.2214502550E+001   1.4985309627E-001
  -1.2059888594E+001   1.4748923978E-001
  -1.1905274637E+001   1.4575912342E-001
  -1.1750660681E+001   1.4462231406E-001
  -1.1596046725E+001   1.4410556348E-001
  -1.1441432768E+001   1.4425176118E-001
  -1.1286818812E+001   1.4508893061E-001
  -1.1132204856E+001   1.4661543779E-001
  -1.0977590899E+001   1.4879764940E-001
  -1.0822976943E+001   1.5157925407E-001
  -1.0668362987E+001   1.5490579742E-001
  -1.0513749030E+001   1.5876814641E-001
  -1.0359135074E+001   1.6327213163E-001
  -1.0204521118E+001   1.6875517549E-001
  -1.0049907161E+001   1.7600147934E-001
  -9.8952932049E+000   1.8667970878E-001
  -9.7406792486E+000   2.0423723200E-001
  -9.5860652923E+000   2.3551255756E-001
  -9.4314513359E+000   2.9309216700E-001
  -9.2768373796E+000   3.9867578791E-001
  -9.1222234233E+000   5.9148567582E-001
  -8.9676094670E+000   9.4666554343E-001
  -8.8129955106E+000   1.5547061938E+000
  -8.6583815543E+000   2.3082994310E+000
  -8.5037675980E+000   2.6866296531E+000
  -8.3491536417E+000   2.3102188228E+000
  -8.1945396853E+000   1.5587864964E+000
  -8.0399257290E+000   9.5321637810E-001
  -7.8853117727E+000   6.0075222362E-001
  -7.7306978164E+000   4.1081589402E-001
  -7.5760838600E+000   3.0818405508E-001
  -7.4214699037E+000   2.5355823139E-001
  -7.2668559474E+000   2.2517182289E-001
  -7.1122419910E+000   2.1038610882E-001
  -6.9576280347E+000   2.0232205475E-001
  -6.8030140784E+000   1.9749830553E-001
  -6.6484001221E+000   1.9421618054E-001
  -6.4937861657E+000   1.9166558053E-001
  -6.3391722094E+000   1.8948834906E-001
  -6.1845582531E+000   1.8756363283E-001
  -6.0299442968E+000   1.8589090735E-001
  -5.8753303404E+000   1.8451936665E-001
  -5.7207163841E+000   1.8350332329E-001
  -5.5661024278E+000   1.8287673891E-001
  -5.4114884714E+000   1.8264338407E-001
  -5.2568745151E+000   1.8277915043E-001
  -5.1022605588E+000   1.8324726109E-001
  -4.9476466025E+000   1.8403000609E-001
  -4.7930326461E+000   1.8518058557E-001
  -4.6384186898E+000   1.8690517686E-001
  -4.4838047335E+000   1.8970313890E-001
  -4.3291907772E+000   1.9463524367E-001
  -4.1745768208E+000   2.0387972715E-001
  -4.0199628645E+000   2.2183968440E-001
  -3.8653489082E+000   2.5701582639E-001
  -3.7107349518E+000   3.2458964198E-001
  -3.5561209955E+000   4.5068850464E-001
  -3.4015070392E+000   6.8428199823E-001
  -3.2468930829E+000   1.1138741335E+000
  -3.0922791265E+000   1.8002306353E+000
  -2.9376651702E+000   2.4984168049E+000
  -2.7830512139E+000   2.6295542722E+000
  -2.6284372576E+000   2.0561441564E+000
  -2.4738233012E+000   1.3130448815E+000
  -2.3192093449E+000   7.9526765534E-001
  -2.1645953886E+000   5.0620691753E-001
  -2.0099814323E+000   3.4959965054E-001
  -1.8553674759E+000   2.6430531474E-001
  -1.7007535196E+000   2.1857243395E-001
  -1.5461395633E+000   1.9426720204E-001
  -1.3915256069E+000   1.8100753015E-001
  -1.2369116506E+000   1.7329124318E-001
  -1.0822976943E+000   1.6837484308E-001
  -9.2768373796E-001   1.6492388014E-001
  -7.7306978164E-001   1.6230515689E-001
  -6.1845582531E-001   1.6024575038E-001
  -4.6384186898E-001   1.5866127036E-001
  -3.0922791265E-001   1.5755931487E-001
  -1.5461395633E-001   1.5698003530E-001
   0.0000000000E+000   1.5695897169E-001
   1.5461395633E-001   1.5750733785E-001
   3.0922791265E-001   1.5860612184E-001
   4.6384186898E-001   1.6021165117E-001
   6.1845582531E-001   1.6227506873E-001
   7.7306978164E-001   1.6477943124E-001
   9.2768373796E-001   1.6779930489E-001
   1.0822976943E+000   1.7159770661E-001
   1.2369116506E+000   1.7679841770E-001
   1.3915256069E+000   1.8472764797E-001
   1.5461395633E+000   1.9812275820E-001
   1.7007535196E+000   2.2248349379E-001
   1.8553674759E+000   2.6819593939E-001
   2.0099814323E+000   3.5340749814E-001
   2.1645953886E+000   5.0989381223E-001
   2.3192093449E+000   7.9882556473E-001
   2.4738233012E+000   1.3164880352E+000
   2.6284372576E+000   2.0594761364E+000
   2.7830512139E+000   2.6327252241E+000
   2.9376651702E+000   2.5013202720E+000
   3.0922791265E+000   1.8027522034E+000
   3.2468930829E+000   1.1159436111E+000
   3.4015070392E+000   6.8587504445E-001
   3.5561209955E+000   4.5179176919E-001
   3.7107349518E+000   3.2517819121E-001
   3.8653489082E+000   2.5705163587E-001
   4.0199628645E+000   2.2127915562E-001
   4.1745768208E+000   2.0268234038E-001
   4.3291907772E+000   1.9277014183E-001
   4.4838047335E+000   1.8715316033E-001
   4.6384186898E+000   1.8366895832E-001
   4.7930326461E+000   1.8127330398E-001
   4.9476466025E+000   1.7948304784E-001
   5.1022605588E+000   1.7810702353E-001
   5.2568745151E+000   1.7710523747E-001
   5.4114884714E+000   1.7650649769E-001
   5.5661024278E+000   1.7635652404E-001
   5.7207163841E+000   1.7668632524E-001
   5.8753303404E+000   1.7749715277E-001
   6.0299442968E+000   1.7875831587E-001
   6.1845582531E+000   1.8041706092E-001
   6.3391722094E+000   1.8242398686E-001
   6.4937861657E+000   1.8477753272E-001
   6.6484001221E+000   1.8759448742E-001
   6.8030140784E+000   1.9122696134E-001
   6.9576280347E+000   1.9647717658E-001
   7.1122419910E+000   2.0503441915E-001
   7.2668559474E+000   2.2036966166E-001
   7.4214699037E+000   2.4935159043E-001
   7.5760838600E+000   3.0461069198E-001
   7.7306978164E+000   4.0791158724E-001
   7.8853117727E+000   5.9856710232E-001
   8.0399257290E+000   9.5185316224E-001
   8.1945396853E+000   1.5584313288E+000
   8.3491536417E+000   2.3109826669E+000
   8.5037675980E+000   2.6881856526E+000
   8.6583815543E+000   2.3100600019E+000
   8.8129955106E+000   1.5565464614E+000
   8.9676094670E+000   9.4895164819E-001
   9.1222234233E+000   5.9460120009E-001
   9.2768373796E+000   4.0284815567E-001
   9.4314513359E+000   2.9843335920E-001
   9.5860652923E+000   2.4206128154E-001
   9.7406792486E+000   2.1198308239E-001
   9.8952932049E+000   1.9558151105E-001
   1.0049907161E+001   1.8599903324E-001
   1.0204521118E+001   1.7977452590E-001
   1.0359135074E+001   1.7522758016E-001
   1.0513749030E+001   1.7156379300E-001
   1.0668362987E+001   1.6843765335E-001
   1.0822976943E+001   1.6573775875E-001
   1.0977590899E+001   1.6347007227E-001
   1.1132204856E+001   1.6168779040E-001
   1.1286818812E+001   1.6044727698E-001
   1.1441432768E+001   1.5978302145E-001
   1.1596046725E+001   1.5969801811E-001
   1.1750660681E+001   1.6016604617E-001
   1.1905274637E+001   1.6114661444E-001
   1.2059888594E+001   1.6261627399E-001
   1.2214502550E+001   1.6462001938E-001
   1.2369116506E+001   1.6735309289E-001
   1.2523730462E+001   1.7130131330E-001
   1.2678344419E+001   1.7750993292E-001
   1.2832958375E+001   1.8814076603E-001
   1.2987572331E+001   2.0758096095E-001
   1.3142186288E+001   2.4431738348E-001
   1.3296800244E+001   3.1352198094E-001
   1.3451414200E+001   4.4132147100E-001
   1.3606028157E+001   6.7670602392E-001
   1.3760642113E+001   1.1082345698E+000
   1.3915256069E+001   1.7966894765E+000
   1.4069870026E+001   2.4968658349E+000
   1.4224483982E+001   2.6293611164E+000
   1.4379097938E+001   2.0566435363E+000
   1.4533711895E+001   1.3141738062E+000
   1.4688325851E+001   7.9737384511E-001
   1.4842939807E+001   5.0962227823E-001
   1.4997553764E+001   3.5452183241E-001
   1.5152167720E+001   2.7082479739E-001
   1.5306781676E+001   2.2670209099E-001
   1.5461395633E+001   2.0396380208E-001
   1.5616009589E+001   1.9218888741E-001
   1.5770623545E+001   1.8584737726E-001
   1.5925237502E+001   1.8217412129E-001
   1.6079851458E+001   1.7981689347E-001
   1.6234465414E+001   1.7812823651E-001
   1.6389079371E+001   1.7682467057E-001
   1.6543693327E+001   1.7581494319E-001
   1.6698307283E+001   1.7510316952E-001
   1.6852921240E+001   1.7472894074E-001
   1.7007535196E+001   1.7472975130E-001
   1.7162149152E+001   1.7512104820E-001
   1.7316763109E+001   1.7589031099E-001
   1.7471377065E+001   1.7700278914E-001
   1.7625991021E+001   1.7842127401E-001
   1.7780604978E+001   1.8014349735E-001
   1.7935218934E+001   1.8226185410E-001
   1.8089832890E+001   1.8506009209E-001
   1.8244446847E+001   1.8918485594E-001
   1.8399060803E+001   1.9598617562E-001
   1.8553674759E+001   2.0822519602E-001
   1.8708288716E+001   2.3142565847E-001
   1.8862902672E+001   2.7600017448E-001
   1.9017516628E+001   3.6012895117E-001
   1.9172130585E+001   5.1563162552E-001
   1.9326744541E+001   8.0374836533E-001
   1.9481358497E+001   1.3208778372E+000
   1.9635972454E+001   2.0636741413E+000
   1.9790586410E+001   2.6367989594E+000
   1.9945200366E+001   2.5048891437E+000
   2.0099814323E+001   1.8055069136E+000
   2.0254428279E+001   1.1179986469E+000
   2.0409042235E+001   6.8749024640E-001
   2.0563656191E+001   4.5314576544E-001
   2.0718270148E+001   3.2637242353E-001
   2.0872884104E+001   2.5815109786E-001
   2.1027498060E+001   2.2232956145E-001
   2.1182112017E+001   2.0371542005E-001
   2.1336725973E+001   1.9380493574E-001
   2.1491339929E+001   1.8819539786E-001
   2.1645953886E+001   1.8470990918E-001
   2.1800567842E+001   1.8228916697E-001
   2.1955181798E+001   1.8043535641E-001
   2.2109795755E+001   1.7894409508E-001
   2.2264409711E+001   1.7776448648E-001
   2.2419023667E+001   1.7691740419E-001
   2.2573637624E+001   1.7644409355E-001
   2.2728251580E+001   1.7637493452E-001
   2.2882865536E+001   1.7671472733E-001
   2.3037479493E+001   1.7744079099E-001
   2.3192093449E+001   1.7851301382E-001
   2.3346707405E+001   1.7989921607E-001
   2.3501321362E+001   1.8161923635E-001
   2.3655935318E+001   1.8381458685E-001
   2.3810549274E+001   1.8686410307E-001
   2.3965163231E+001   1.9159705748E-001
   2.4119777187E+001   1.9972813724E-001
   2.4274391143E+001   2.1474944499E-001
   2.4429005100E+001   2.4354241141E-001
   2.4583619056E+001   2.9873589900E-001
   2.4738233012E+001   4.0207298052E-001
   2.4892846969E+001   5.9282532884E-001
   2.5047460925E+001   9.4621945702E-001
   2.5202074881E+001   1.5528905665E+000
   2.5356688838E+001   2.3055740381E+000
   2.5511302794E+001   2.6830944016E+000
   2.5665916750E+001   2.3055737748E+000
   2.5820530707E+001   1.5528900186E+000
   2.5975144663E+001   9.4621858709E-001
   2.6129758619E+001   5.9282409090E-001
   2.6284372576E+001   4.0207132721E-001
   2.6438986532E+001   2.9873378620E-001
   2.6593600488E+001   2.4353980012E-001
   2.6748214445E+001   2.1474630180E-001
   2.6902828401E+001   1.9972443474E-001
   2.7057442357E+001   1.9159277565E-001
   2.7212056314E+001   1.8685923171E-001
   2.7366670270E+001   1.8380912860E-001
   2.7521284226E+001   1.8161321012E-001
   2.7675898183E+001   1.7989266062E-001
   2.7830512139E+001   1.7850599174E-001
   2.7985126095E+001   1.7743339277E-001
   2.8139740052E+001   1.7670707607E-001
   2.8294354008E+001   1.7636719097E-001
   2.8448967964E+001   1.7643646132E-001
   2.8603581920E+001   1.7691013521E-001
   2.8758195877E+001   1.7775788636E-001
   2.8912809833E+001   1.7893852820E-001
   2.9067423789E+001   1.8043125018E-001
   2.9222037746E+001   1.8228701544E-001
   2.9376651702E+001   1.8471027564E-001
   2.9531265658E+001   1.8819891598E-001
   2.9685879615E+001   1.9381230864E-001
   2.9840493571E+001   2.0372741653E-001
   2.9995107527E+001   2.2234700822E-001
   3.0149721484E+001   2.5817487002E-001
   3.0304335440E+001   3.2640344071E-001
   3.0458949396E+001   4.5318500277E-001
   3.0613563353E+001   6.8753876341E-001
   3.0768177309E+001   1.1180576609E+000
   3.0922791265E+001   1.8055780425E+000
   3.1077405222E+001   2.5049749215E+000
   3.1232019178E+001   2.6369032716E+000
   3.1386633134E+001   2.0638019444E+000
   3.1541247091E+001   1.3210343247E+000
   3.1695861047E+001   8.0393850090E-001
   3.1850475003E+001   5.1586030850E-001
   3.2005088960E+001   3.6040130724E-001
   3.2159702916E+001   2.7632169951E-001
   3.2314316872E+001   2.3180231958E-001
   3.2468930829E+001   2.0866356423E-001
   3.2623544785E+001   1.9649356230E-001
   3.2778158741E+001   1.8976942802E-001
   3.2932772698E+001   1.8573097380E-001
   3.3087386654E+001   1.8302923096E-001
   3.3242000610E+001   1.8101872845E-001
   3.3396614567E+001   1.7941700872E-001
   3.3551228523E+001   1.7813307883E-001
   3.3705842479E+001   1.7717070296E-001
   3.3860456436E+001   1.7656864771E-001
