  -3.4015070392E+001   1.7470467117E-001
  -3.3860456436E+001   1.7489345668E-001
  -3.3705842479E+001   1.7546057312E-001
  -3.3551228523E+001   1.7637070209E-001
  -3.3396614567E+001   1.7758672053E-001
  -3.3242000610E+001   1.7910709641E-001
  -3.3087386654E+001   1.8102556166E-001
  -3.2932772698E+001   1.8362769881E-001
  -3.2778158741E+001   1.8756233108E-001
  -3.2623544785E+001   1.9418182210E-001
  -3.2468930829E+001   2.0624960802E-001
  -3.2314316872E+001   2.2929150248E-001
  -3.2159702916E+001   2.7372183458E-001
  -3.2005088960E+001   3.5772209743E-001
  -3.1850475003E+001   5.1311290390E-001
  -3.1695861047E+001   8.0113595489E-001
  -3.1541247091E+001   1.3181937468E+000
  -3.1386633134E+001   2.0609442287E+000
  -3.1232019178E+001   2.6340416907E+000
  -3.1077405222E+001   2.5021078702E+000
  -3.0922791265E+001   1.8027079651E+000
  -3.0768177309E+001   1.1152022329E+000
  -3.0613563353E+001   6.8471840412E-001
  -3.0458949396E+001   4.5041539478E-001
  -3.0304335440E+001   3.2369710989E-001
  -3.0149721484E+001   2.5554282494E-001
  -2.9995107527E+001   2.1979876682E-001
  -2.9840493571E+001   2.0127047234E-001
  -2.9685879615E+001   1.9145158554E-001
  -2.9531265658E+001   1.8593634542E-001
  -2.9376651702E+001   1.8254453248E-001
  -2.9222037746E+001   1.8021343472E-001
  -2.9067423789E+001   1.7844193401E-001
  -2.8912809833E+001   1.7702263057E-001
  -2.8758195877E+001   1.7590204509E-001
  -2.8603581920E+001   1.7509901135E-001
  -2.8448967964E+001   1.7465334841E-001
  -2.8294354008E+001   1.7459466421E-001
  -2.8139740052E+001   1.7492765987E-001
  -2.7985126095E+001   1.7563023079E-001
  -2.7830512139E+001   1.7666350425E-001
  -2.7675898183E+001   1.7799717000E-001
  -2.7521284226E+001   1.7965350732E-001
  -2.7366670270E+001   1.8177694561E-001
  -2.7212056314E+001   1.8474957951E-001
  -2.7057442357E+001   1.8940411289E-001
  -2.6902828401E+001   1.9745864797E-001
  -2.6748214445E+001   2.1240849972E-001
  -2.6593600488E+001   2.4113794086E-001
  -2.6438986532E+001   2.9627816661E-001
  -2.6284372576E+001   3.9957401450E-001
  -2.6129758619E+001   5.9029865657E-001
  -2.5975144663E+001   9.4368112272E-001
  -2.5820530707E+001   1.5503613976E+000
  -2.5665916750E+001   2.3030762303E+000
  -2.5511302794E+001   2.6806379180E+000
  -2.5356688838E+001   2.3031577435E+000
  -2.5202074881E+001   1.5505246065E+000
  -2.5047460925E+001   9.4392639058E-001
  -2.4892846969E+001   5.9062652457E-001
  -2.4738233012E+001   3.9998519793E-001
  -2.4583619056E+001   2.9677355053E-001
  -2.4429005100E+001   2.4171857520E-001
  -2.4274391143E+001   2.1307559351E-001
  -2.4119777187E+001   1.9821356247E-001
  -2.3965163231E+001   1.9024835340E-001
  -2.3810549274E+001   1.8568478568E-001
  -2.3655935318E+001   1.8280488050E-001
  -2.3501321362E+001   1.8077604495E-001
  -2.3346707405E+001   1.7921628131E-001
  -2.3192093449E+001   1.7798124160E-001
  -2.3037479493E+001   1.7704871087E-001
  -2.2882865536E+001   1.7644904524E-001
  -2.2728251580E+001   1.7622114345E-001
  -2.2573637624E+001   1.7638711560E-001
  -2.2419023667E+001   1.7694224513E-001
  -2.2264409711E+001   1.7785688795E-001
  -2.2109795755E+001   1.7909116923E-001
  -2.1955181798E+001   1.8062618178E-001
  -2.1800567842E+001   1.8251531627E-001
  -2.1645953886E+001   1.8496587198E-001
  -2.1491339929E+001   1.8847885979E-001
  -2.1336725973E+001   1.9411688577E-001
  -2.1182112017E+001   2.0406007783E-001
  -2.1027498060E+001   2.2271413662E-001
  -2.0872884104E+001   2.5858539955E-001
  -2.0718270148E+001   3.2686833898E-001
  -2.0563656191E+001   4.5371672509E-001
  -2.0409042235E+001   6.8815123161E-001
  -2.0254428279E+001   1.1187677111E+000
  -2.0099814323E+001   1.8064060866E+000
  -1.9945200366E+001   2.5059353057E+000
  -1.9790586410E+001   2.6379899276E+000
  -1.9635972454E+001   2.0650008663E+000
  -1.9481358497E+001   1.3223462101E+000
  -1.9326744541E+001   8.0537350061E-001
  -1.9172130585E+001   5.1742580053E-001
  -1.9017516628E+001   3.6210034543E-001
  -1.8862902672E+001   2.7815467089E-001
  -1.8708288716E+001   2.3376717505E-001
  -1.8553674759E+001   2.1075503269E-001
  -1.8399060803E+001   1.9870221976E-001
  -1.8244446847E+001   1.9208095313E-001
  -1.8089832890E+001   1.8812561808E-001
  -1.7935218934E+001   1.8548146697E-001
  -1.7780604978E+001   1.8349705883E-001
  -1.7625991021E+001   1.8188393679E-001
  -1.7471377065E+001   1.8054524136E-001
  -1.7316763109E+001   1.7947915998E-001
  -1.7162149152E+001   1.7871932197E-001
  -1.7007535196E+001   1.7829750068E-001
  -1.6852921240E+001   1.7822393304E-001
  -1.6698307283E+001   1.7848167185E-001
  -1.6543693327E+001   1.7903259635E-001
  -1.6389079371E+001   1.7983744940E-001
  -1.6234465414E+001   1.8089348155E-001
  -1.6079851458E+001   1.8229438858E-001
  -1.5925237502E+001   1.8432719730E-001
  -1.5770623545E+001   1.8764406267E-001
  -1.5616009589E+001   1.9360320195E-001
  -1.5461395633E+001   2.0497733479E-001
  -1.5306781676E+001   2.2730586884E-001
  -1.5152167720E+001   2.7102100605E-001
  -1.4997553764E+001   3.5432454149E-001
  -1.4842939807E+001   5.0905707789E-001
  -1.4688325851E+001   7.9647741378E-001
  -1.4533711895E+001   1.3129872666E+000
  -1.4379097938E+001   2.0551752981E+000
  -1.4224483982E+001   2.6275131947E+000
  -1.4069870026E+001   2.4944092560E+000
  -1.3915256069E+001   1.7933653012E+000
  -1.3760642113E+001   1.1038686921E+000
  -1.3606028157E+001   6.7121919896E-001
  -1.3451414200E+001   4.3468549181E-001
  -1.3296800244E+001   3.0573498853E-001
  -1.3142186288E+001   2.3540000788E-001
  -1.2987572331E+001   1.9757349497E-001
  -1.2832958375E+001   1.7709759017E-001
  -1.2678344419E+001   1.6549532382E-001
  -1.2523730462E+001   1.5838794610E-001
  -1.2369116506E+001   1.5362183999E-001
  -1.2214502550E+001   1.5015959889E-001
  -1.2059888594E+001   1.4752225868E-001
  -1.1905274637E+001   1.4552003135E-001
  -1.1750660681E+001   1.4411200800E-001
  -1.1596046725E+001   1.4332471348E-001
  -1.1441432768E+001   1.4320117869E-001
  -1.1286818812E+001   1.4377003293E-001
  -1.1132204856E+001   1.4503078225E-001
  -1.0977590899E+001   1.4695150824E-001
  -1.0822976943E+001   1.4947819330E-001
  -1.0668362987E+001   1.5255921172E-001
  -1.0513749030E+001   1.5618869520E-001
  -1.0359135074E+001   1.6047602520E-001
  -1.0204521118E+001   1.6576228301E-001
  -1.0049907161E+001   1.7283526217E-001
  -9.8952932049E+000   1.8336695891E-001
  -9.7406792486E+000   2.0080741355E-001
  -9.5860652923E+000   2.3199620196E-001
  -9.4314513359E+000   2.8951757600E-001
  -9.2768373796E+000   3.9506381535E-001
  -9.1222234233E+000   5.8784300286E-001
  -8.9676094670E+000   9.4297620563E-001
  -8.8129955106E+000   1.5509288803E+000
  -8.6583815543E+000   2.3044069121E+000
  -8.5037675980E+000   2.6826901165E+000
  -8.3491536417E+000   2.3063739748E+000
  -8.1945396853E+000   1.5551130604E+000
  -8.0399257290E+000   9.4969896744E-001
  -7.8853117727E+000   5.9736001953E-001
  -7.7306978164E+000   4.0754023398E-001
  -7.5760838600E+000   3.0503502901E-001
  -7.4214699037E+000   2.5055579532E-001
  -7.2668559474E+000   2.2233909898E-001
  -7.1122419910E+000   2.0774448903E-001
  -6.9576280347E+000   1.9988823627E-001
  -6.8030140784E+000   1.9528294610E-001
  -6.6484001221E+000   1.9222349664E-001
  -6.4937861657E+000   1.8989341404E-001
  -6.3391722094E+000   1.8792851963E-001
  -6.1845582531E+000   1.8620253105E-001
  -6.0299442968E+000   1.8471029909E-001
  -5.8753303404E+000   1.8349736318E-001
  -5.7207163841E+000   1.8261546910E-001
  -5.5661024278E+000   1.8209718024E-001
  -5.4114884714E+000   1.8194609655E-001
  -5.2568745151E+000   1.8213920963E-001
  -5.1022605588E+000   1.8264212600E-001
  -4.9476466025E+000   1.8344075826E-001
  -4.7930326461E+000   1.8459303817E-001
  -4.6384186898E+000   1.8631075229E-001
  -4.4838047335E+000   1.8909942729E-001
  -4.3291907772E+000   1.9402618263E-001
  -4.1745768208E+000   2.0327529109E-001
  -4.0199628645E+000   2.2125471883E-001
  -3.8653489082E+000   2.5646726925E-001
  -3.7107349518E+000   3.2409136508E-001
  -3.5561209955E+000   4.5024396784E-001
  -3.4015070392E+000   6.8387576683E-001
  -3.2468930829E+000   1.1134645561E+000
  -3.0922791265E+000   1.7997610929E+000
  -2.9376651702E+000   2.4978787909E+000
  -2.7830512139E+000   2.6290469527E+000
  -2.6284372576E+000   2.0557927054E+000
  -2.4738233012E+000   1.3128772945E+000
  -2.3192093449E+000   7.9523497509E-001
  -2.1645953886E+000   5.0625861624E-001
  -2.0099814323E+000   3.4970987276E-001
  -1.8553674759E+000   2.6446875444E-001
  -1.7007535196E+000   2.1879600796E-001
  -1.5461395633E+000   1.9456254727E-001
  -1.3915256069E+000   1.8138534051E-001
  -1.2369116506E+000   1.7375796034E-001
  -1.0822976943E+000   1.6893116015E-001
  -9.2768373796E-001   1.6556426656E-001
  -7.7306978164E-001   1.6301794358E-001
  -6.1845582531E-001   1.6101361026E-001
  -4.6384186898E-001   1.5946202230E-001
  -3.0922791265E-001   1.5836695901E-001
  -1.5461395633E-001   1.5776590653E-001
   0.0000000000E+000   1.5769291055E-001
   1.5461395633E-001   1.5815880784E-001
   3.0922791265E-001   1.5914523365E-001
   4.6384186898E-001   1.6061008260E-001
   6.1845582531E-001   1.6250688289E-001
   7.7306978164E-001   1.6482179277E-001
   9.2768373796E-001   1.6763308502E-001
   1.0822976943E+000   1.7120795838E-001
   1.2369116506E+000   1.7617469542E-001
   1.3915256069E+000   1.8386415350E-001
   1.5461395633E+000   1.9701833503E-001
   1.7007535196E+000   2.2114154708E-001
   1.8553674759E+000   2.6662439392E-001
   2.0099814323E+000   3.5161886878E-001
   2.1645953886E+000   5.0790550394E-001
   2.3192093449E+000   7.9666107458E-001
   2.4738233012E+000   1.3141791478E+000
   2.6284372576E+000   2.0570580973E+000
   2.7830512139E+000   2.6302135876E+000
   2.9376651702E+000   2.4987001636E+000
   3.0922791265E+000   1.8000154330E+000
   3.2468930829E+000   1.1131136098E+000
   3.4015070392E+000   6.8298754291E-001
   3.5561209955E+000   4.4887818321E-001
   3.7107349518E+000   3.2226482607E-001
   3.8653489082E+000   2.5416172757E-001
   4.0199628645E+000   2.1843345782E-001
   4.1745768208E+000   1.9989900834E-001
   4.3291907772E+000   1.9006447322E-001
   4.4838047335E+000   1.8453731731E-001
   4.6384186898E+000   1.8115173209E-001
   4.7930326461E+000   1.7885997927E-001
   4.9476466025E+000   1.7717540287E-001
   5.1022605588E+000   1.7590347280E-001
   5.2568745151E+000   1.7500110693E-001
   5.4114884714E+000   1.7449441760E-001
   5.5661024278E+000   1.7442692637E-001
   5.7207163841E+000   1.7482803566E-001
   5.8753303404E+000   1.7569807305E-001
   6.0299442968E+000   1.7700619209E-001
   6.1845582531E+000   1.7870031866E-001
   6.3391722094E+000   1.8073259362E-001
   6.4937861657E+000   1.8310382706E-001
   6.6484001221E+000   1.8593389890E-001
   6.8030140784E+000   1.8957854892E-001
   6.9576280347E+000   1.9484393769E-001
   7.1122419910E+000   2.0342330725E-001
   7.2668559474E+000   2.1879108492E-001
   7.4214699037E+000   2.4781782385E-001
   7.5760838600E+000   3.0313242062E-001
   7.7306978164E+000   4.0649228846E-001
   7.8853117727E+000   5.9719568732E-001
   8.0399257290E+000   9.5049520077E-001
   8.1945396853E+000   1.5570283356E+000
   8.3491536417E+000   2.3094964086E+000
   8.5037675980E+000   2.6866803358E+000
   8.6583815543E+000   2.3086719360E+000
   8.8129955106E+000   1.5553359967E+000
   8.9676094670E+000   9.4787493088E-001
   9.1222234233E+000   5.9359428581E-001
   9.2768373796E+000   4.0187215269E-001
   9.4314513359E+000   2.9747405243E-001
   9.5860652923E+000   2.4112051290E-001
   9.7406792486E+000   2.1107133594E-001
   9.8952932049E+000   1.9471211176E-001
   1.0049907161E+001   1.8518450595E-001
   1.0204521118E+001   1.7902485692E-001
   1.0359135074E+001   1.7454956944E-001
   1.0513749030E+001   1.7096090088E-001
   1.0668362987E+001   1.6791011166E-001
   1.0822976943E+001   1.6528290052E-001
   1.0977590899E+001   1.6308285324E-001
   1.1132204856E+001   1.6136144525E-001
   1.1286818812E+001   1.6017404018E-001
   1.1441432768E+001   1.5955485036E-001
   1.1596046725E+001   1.5950727094E-001
   1.1750660681E+001   1.6000608528E-001
   1.1905274637E+001   1.6101231698E-001
   1.2059888594E+001   1.6250443286E-001
   1.2214502550E+001   1.6452961643E-001
   1.2369116506E+001   1.6728543223E-001
   1.2523730462E+001   1.7126001389E-001
   1.2678344419E+001   1.7750079243E-001
   1.2832958375E+001   1.8817150777E-001
   1.2987572331E+001   2.0766084184E-001
   1.3142186288E+001   2.4445658116E-001
   1.3296800244E+001   3.1373069168E-001
   1.3451414200E+001   4.4160893507E-001
   1.3606028157E+001   6.7708028972E-001
   1.3760642113E+001   1.1087037427E+000
   1.3915256069E+001   1.7972615677E+000
   1.4069870026E+001   2.4975389865E+000
   1.4224483982E+001   2.6301130142E+000
   1.4379097938E+001   2.0574501350E+000
   1.4533711895E+001   1.3150342282E+000
   1.4688325851E+001   7.9830206219E-001
   1.4842939807E+001   5.1063139031E-001
   1.4997553764E+001   3.5562115619E-001
   1.5152167720E+001   2.7202131033E-001
   1.5306781676E+001   2.2800075261E-001
   1.5461395633E+001   2.0536707841E-001
   1.5616009589E+001   1.9369626222E-001
   1.5770623545E+001   1.8745504170E-001
   1.5925237502E+001   1.8387482217E-001
   1.6079851458E+001   1.8159992807E-001
   1.6234465414E+001   1.7997960562E-001
   1.6389079371E+001   1.7872739348E-001
   1.6543693327E+001   1.7774951611E-001
   1.6698307283E+001   1.7704813265E-001
   1.6852921240E+001   1.7666151552E-001
   1.7007535196E+001   1.7662651482E-001
   1.7162149152E+001   1.7695862112E-001
   1.7316763109E+001   1.7764604262E-001
   1.7471377065E+001   1.7865542648E-001
   1.7625991021E+001   1.7995159836E-001
   1.7780604978E+001   1.8153490606E-001
   1.7935218934E+001   1.8350085617E-001
   1.8089832890E+001   1.8613667936E-001
   1.8244446847E+001   1.9009271308E-001
   1.8399060803E+001   1.9672270454E-001
   1.8553674759E+001   2.0879135050E-001
   1.8708288716E+001   2.3182560324E-001
   1.8862902672E+001   2.7624079331E-001
   1.9017516628E+001   3.6021925538E-001
   1.9172130585E+001   5.1558228840E-001
   1.9326744541E+001   8.0357215809E-001
   1.9481358497E+001   1.3205917570E+000
   1.9635972454E+001   2.0632991004E+000
   1.9790586410E+001   2.6363483513E+000
   1.9945200366E+001   2.5043616132E+000
   2.0099814323E+001   1.8049053453E+000
   2.0254428279E+001   1.1173413603E+000
   2.0409042235E+001   6.8679846061E-001
   2.0563656191E+001   4.5243606279E-001
   2.0718270148E+001   3.2565829721E-001
   2.0872884104E+001   2.5744457303E-001
   2.1027498060E+001   2.2164120682E-001
   2.1182112017E+001   2.0305380057E-001
   2.1336725973E+001   1.9317605542E-001
   2.1491339929E+001   1.8760226601E-001
   2.1645953886E+001   1.8415226598E-001
   2.1800567842E+001   1.8176339053E-001
   2.1955181798E+001   1.7993456016E-001
   2.2109795755E+001   1.7845840359E-001
   2.2264409711E+001   1.7728145883E-001
   2.2419023667E+001   1.7642256537E-001
   2.2573637624E+001   1.7592153583E-001
   2.2728251580E+001   1.7580795942E-001
   2.2882865536E+001   1.7608650623E-001
   2.3037479493E+001   1.7673502866E-001
   2.3192093449E+001   1.7771459957E-001
   2.3346707405E+001   1.7899484351E-001
   2.3501321362E+001   1.8059796463E-001
   2.3655935318E+001   1.8266830792E-001
   2.3810549274E+001   1.8558787514E-001
   2.3965163231E+001   1.9018926940E-001
   2.4119777187E+001   1.9819048478E-001
   2.4274391143E+001   2.1308672140E-001
   2.4429005100E+001   2.4176213142E-001
   2.4583619056E+001   2.9684778516E-001
   2.4738233012E+001   4.0008839219E-001
   2.4892846969E+001   5.9075699446E-001
   2.5047460925E+001   9.4408248942E-001
   2.5202074881E+001   1.5507047254E+000
   2.5356688838E+001   2.3033603098E+000
   2.5511302794E+001   2.6808613927E+000
   2.5665916750E+001   2.3033191061E+000
   2.5820530707E+001   1.5506221984E+000
   2.5975144663E+001   9.4395840508E-001
   2.6129758619E+001   5.9059101291E-001
   2.6284372576E+001   3.9988007567E-001
   2.6438986532E+001   2.9659660390E-001
   2.6593600488E+001   2.4146746688E-001
   2.6748214445E+001   2.1274786844E-001
   2.6902828401E+001   1.9780665408E-001
   2.7057442357E+001   1.8975959109E-001
   2.7212056314E+001   1.8511140387E-001
   2.7366670270E+001   1.8214402878E-001
   2.7521284226E+001   1.8002479981E-001
   2.7675898183E+001   1.7837165955E-001
   2.7830512139E+001   1.7704021518E-001
   2.7985126095E+001   1.7600822317E-001
   2.8139740052E+001   1.7530602891E-001
   2.8294354008E+001   1.7497253955E-001
   2.8448967964E+001   1.7502989337E-001
   2.8603581920E+001   1.7547342214E-001
   2.8758195877E+001   1.7627355015E-001
   2.8912809833E+001   1.7739048985E-001
   2.9067423789E+001   1.7880543812E-001
   2.9222037746E+001   1.8057190428E-001
   2.9376651702E+001   1.8289731741E-001
   2.9531265658E+001   1.8628282420E-001
   2.9685879615E+001   1.9179116443E-001
   2.9840493571E+001   2.0160258478E-001
   2.9995107527E+001   2.2012287277E-001
   3.0149721484E+001   2.5585841010E-001
   3.0304335440E+001   3.2400368514E-001
   3.0458949396E+001   4.5071249558E-001
   3.0613563353E+001   6.8500558986E-001
   3.0768177309E+001   1.1154790863E+000
   3.0922791265E+001   1.8029740918E+000
   3.1077405222E+001   2.5023628979E+000
   3.1232019178E+001   2.6342852691E+000
   3.1386633134E+001   2.0611760286E+000
   3.1541247091E+001   1.3184134600E+000
   3.1695861047E+001   8.0134329349E-001
   3.1850475003E+001   5.1330759993E-001
   3.2005088960E+001   3.5790390255E-001
   3.2159702916E+001   2.7389051973E-001
   3.2314316872E+001   2.2944685746E-001
   3.2468930829E+001   2.0639144119E-001
   3.2623544785E+001   1.9430996021E-001
   3.2778158741E+001   1.8767661891E-001
   3.2932772698E+001   1.8372799893E-001
   3.3087386654E+001   1.8111175429E-001
   3.3242000610E+001   1.7917907926E-001
   3.3396614567E+001   1.7764440853E-001
   3.3551228523E+001   1.7641402733E-001
   3.3705842479E+001   1.7548948481E-001
   3.3860456436E+001   1.7490792099E-001
