   0.000        -11.24936962        -11.24936962         -7.09224510         -7.09224510         -7.09224510
   0.054        -11.18077087        -11.18077087         -7.06240320         -7.06240320         -7.06240320
   0.108        -10.97826672        -10.97826672         -7.05283689         -7.05283689         -7.05283689
   0.161        -10.65075684        -10.65075684         -7.06286383         -7.06286383         -7.06286383
   0.215        -10.21279430        -10.21279430         -7.09116459         -7.09116459         -7.09116459
   0.269         -9.68379974         -9.68379974         -7.13587093         -7.13587093         -7.13587093
   0.323         -9.08657837         -9.08657837         -7.19466400         -7.19466400         -7.19466400
   0.376         -8.44517231         -8.44517231         -7.26487684         -7.26487684         -7.26487684
   0.430         -7.78255653         -7.78255653         -7.34358788         -7.34358788         -7.34358788
   0.484         -7.11871338         -7.11871338         -7.42770720         -7.42770720         -7.42770720
   0.538         -6.46972370         -6.46972370         -7.51406002         -7.51406002         -7.51406002
   0.591         -5.84793520         -5.84793520         -7.59948397         -7.59948397         -7.59948397
   0.645         -5.26300478         -5.26300478         -7.68092871         -7.68092871         -7.68092871
   0.699         -4.72329712         -4.72329712         -7.75555992         -7.75555992         -7.75555992
   0.753         -4.23705482         -4.23705482         -7.82085133         -7.82085133         -7.82085133
   0.807         -3.81299615         -3.81299615         -7.87464952         -7.87464952         -7.87464952
   0.860         -3.46026421         -3.46026421         -7.91520119         -7.91520119         -7.91520119
   0.914         -3.18781328         -3.18781328         -7.94114733         -7.94114733         -7.94114733
   0.968         -3.00349545         -3.00349545         -7.95149612         -7.95149612         -7.95149612
   1.022         -2.91310620         -2.91310620         -7.94558001         -7.94558001         -7.94558001
   1.075         -2.91963840         -2.91963840         -7.92302227         -7.92302227         -7.92302227
   1.129         -3.02286696         -3.02286696         -7.88371086         -7.88371086         -7.88371086
   1.183         -3.21938753         -3.21938753         -7.82779360         -7.82779360         -7.82779360
   1.237         -3.50306892         -3.50306892         -7.75568438         -7.75568438         -7.75568438
   1.290         -3.86585426         -3.86585426         -7.66809225         -7.66809225         -7.66809225
   1.344         -4.29871178         -4.29871178         -7.56605864         -7.56605864         -7.56605864
   1.398         -4.79253340         -4.79253340         -7.45099354         -7.45099354         -7.45099354
   1.452         -5.33867216         -5.33867216         -7.32470512         -7.32470512         -7.32470512
   1.506         -5.92892313         -5.92892313         -7.18940115         -7.18940115         -7.18940115
   1.559         -6.55482578         -6.55482578         -7.04765368         -7.04765368         -7.04765368
   1.613         -7.20642853         -7.20642853         -6.90233231         -6.90233231         -6.90233231
   1.667         -7.87092543         -7.87092543         -6.75650930         -6.75650930         -6.75650930
   1.721         -8.53169823         -8.53169823         -6.61335421         -6.61335421         -6.61335421
   1.774         -9.16825962         -9.16825962         -6.50572252         -6.50572252         -6.50572252
   1.828         -9.75738239         -9.75738239         -6.40699959         -6.40699959         -6.40699959
   1.882        -10.27503777        -10.27503777         -6.32007694         -6.32007694         -6.32007694
   1.936        -10.69877148        -10.69877148         -6.24758005         -6.24758005         -6.24758005
   1.989        -11.00975704        -11.00975704         -6.19177246         -6.19177246         -6.19177246
   2.043        -11.19418240        -11.19418240         -6.15445328         -6.15445328         -6.15445328
   2.097        -11.24394703        -11.24394703         -6.13685894         -6.13685894         -6.13685894
   2.151        -11.15687370        -11.15687370         -6.13958120         -6.13958120         -6.13958120
   2.205        -10.93676567        -10.93676567         -6.16252518         -6.16252518         -6.16252518
   2.258        -10.59331131        -10.59331131         -6.20491838         -6.20491838         -6.20491838
   2.312        -10.14179516        -10.14179516         -6.26536083         -6.26536083         -6.26536083
   2.366         -9.60219860         -9.60219860         -6.34191704         -6.34191704         -6.34191704
   2.420         -8.99763298         -8.99763298         -6.43221474         -6.43221474         -6.43221474
   2.473         -8.35212898         -8.35212898         -6.53354692         -6.53354692         -6.53354692
   2.527         -7.68834543         -7.68834543         -6.64296389         -6.64296389         -6.64296389
   2.581         -7.02577019         -7.02577019         -6.75735903         -6.75735903         -6.75735903
   2.635         -6.37993288         -6.37993288         -6.87355375         -6.87355375         -6.87355375
   2.688         -5.76274252         -5.76274252         -6.98839474         -6.98839474         -6.98839474
   2.742         -5.18359470         -5.18359470         -7.09885454         -7.09885454         -7.09885454
   2.796         -4.65078259         -4.65078259         -7.20213699         -7.20213699         -7.20213699
   2.850         -4.17258883         -4.17258883         -7.29576302         -7.29576302         -7.29576302
   2.904         -3.75781202         -3.75781202         -7.37763262         -7.37763262         -7.37763262
   2.957         -3.41561198         -3.41561198         -7.44604778         -7.44604778         -7.44604778
   3.011         -3.15484977         -3.15484977         -7.49970150         -7.49970150         -7.49970150
   3.065         -2.98315120         -2.98315120         -7.53764868         -7.53764868         -7.53764868
   3.119         -2.90596986         -2.90596986         -7.55926275         -7.55926275         -7.55926275
   3.172         -2.92586899         -2.92586899         -7.56420517         -7.56420517         -7.56420517
   3.226         -3.04218364         -3.04218364         -7.55239868         -7.55239868         -7.55239868
   3.280         -3.25110030         -3.25110030         -7.52402592         -7.52402592         -7.52402592
   3.334         -3.54617119         -3.54617119         -7.47954035         -7.47954035         -7.47954035
   3.388         -3.91915107         -3.91915107         -7.41969395         -7.41969395         -7.41969395
   3.441         -4.36094618         -4.36094618         -7.34557486         -7.34557486         -7.34557486
   3.495         -4.86249447         -4.86249447         -7.25864744         -7.25864744         -7.25864744
   3.549         -5.41522741         -5.41522741         -7.16077518         -7.16077518         -7.16077518
   3.603         -6.01095247         -6.01095247         -7.05421686         -7.05421686         -7.05421686
   3.656         -6.64108896         -6.64108896         -6.94159126         -6.94159126         -6.94159126
   3.710         -7.29538107         -7.29538107         -6.82580090         -6.82580090         -6.82580090
   3.764         -7.96053839         -7.96053839         -6.70993757         -6.70993757         -6.70993757
   3.818         -8.61938667         -8.61938667         -6.59717703         -6.59717703         -6.59717703
   3.871         -9.25099087         -9.25099087         -6.49067926         -6.49067926         -6.49067926
   3.925         -9.83186150         -9.83186150         -6.39349651         -6.39349651         -6.39349651
   3.979        -10.33806515        -10.33806515         -6.30849028         -6.30849028         -6.30849028
   4.033        -10.74752998        -10.74752998         -6.23824167         -6.23824167         -6.23824167
   4.087        -11.04204655        -11.04204655         -6.18495750         -6.18495750         -6.18495750
   4.140        -11.20855331        -11.20855331         -6.15036535         -6.15036535         -6.15036535
   4.194        -11.23974705        -11.23974705         -6.13561821         -6.13561821         -6.13561821
   4.248        -11.13427162        -11.13427162         -6.14121485         -6.14121485         -6.14121485
   4.302        -10.89673805        -10.89673805         -6.16696739         -6.16696739         -6.16696739
   4.355        -10.53762913        -10.53762913         -6.21201181         -6.21201181         -6.21201181
   4.409        -10.07293224        -10.07293224         -6.27487087         -6.27487087         -6.27487087
   4.463         -9.52316952         -9.52316952         -6.35354233         -6.35354233         -6.35354233
   4.517         -8.91170597         -8.91170597         -6.44560242         -6.44560242         -6.44560242
   4.570         -8.26253033         -8.26253033         -6.54830551         -6.54830551         -6.54830551
   4.624         -7.59794521         -7.59794521         -6.65867519         -6.65867519         -6.65867519
   4.678         -6.93692446         -6.93692446         -6.77358961         -6.77358961         -6.77358961
   4.732         -6.29445696         -6.29445696         -6.88986683         -6.88986683         -6.88986683
   4.786         -5.68203449         -5.68203449         -7.00436401         -7.00436401         -7.00436401
   4.839         -5.10882568         -5.10882568         -7.11407900         -7.11407900         -7.11407900
   4.893         -4.58305883         -4.58305883         -7.21625233         -7.21625233         -7.21625233
   4.947         -4.11307812         -4.11307812         -7.30845451         -7.30845451         -7.30845451
   5.001         -3.70775199         -3.70775199         -7.38863707         -7.38863707         -7.38863707
   5.054         -3.37624907         -3.37624907         -7.45515585         -7.45515585         -7.45515585
   5.108         -3.12731814         -3.12731814         -7.50675392         -7.50675392         -7.50675392
   5.162         -2.96834135         -2.96834135         -7.54253054         -7.54253054         -7.54253054
   5.216         -2.90441418         -2.90441418         -7.56189871         -7.56189871         -7.56189871
   5.269         -2.93767047         -2.93767047         -7.56455421         -7.56455421         -7.56455421
   5.323         -3.06699991         -3.06699991         -7.55045414         -7.55045414         -7.55045414
   5.377         -3.28819060         -3.28819060         -7.51981449         -7.51981449         -7.51981449
   5.431         -3.59449863         -3.59449863         -7.47312546         -7.47312546         -7.47312546
   5.485         -3.97750473         -3.97750473         -7.41118097         -7.41118097         -7.41118097
   5.538         -4.42807579         -4.42807579         -7.33511591         -7.33511591         -7.33511591
   5.592         -4.93719530         -4.93719530         -7.24644566         -7.24644566         -7.24644566
   5.646         -5.49636555         -5.49636555         -7.14708614         -7.14708614         -7.14708614
   5.700         -6.09740782         -6.09740782         -7.03934717         -7.03934717         -7.03934717
   5.753         -6.73159313         -6.73159313         -6.92588806         -6.92588806         -6.92588806
   5.807         -7.38831854         -7.38831854         -6.80964041         -6.80964041         -6.80964041
   5.861         -8.05380249         -8.05380249         -6.69371176         -6.69371176         -6.69371176
   5.915         -8.71032047         -8.71032047         -6.58127880         -6.58127880         -6.58127880
   5.968         -9.33648968         -9.33648968         -6.47549009         -6.47549009         -6.47549009
   6.022         -9.90863323         -9.90863323         -6.37937593         -6.37937593         -6.37937593
   6.076        -10.40291882        -10.40291882         -6.29576254         -6.29576254         -6.29576254
   6.130        -10.79771328        -10.79771328         -6.22718573         -6.22718573         -6.22718573
   6.184        -11.07543373        -11.07543373         -6.17579269         -6.17579269         -6.17579269
   6.237        -11.22377872        -11.22377872         -6.14324093         -6.14324093         -6.14324093
   6.291        -11.23625565        -11.23625565         -6.13059902         -6.13059902         -6.13059902
   6.345        -11.11231613        -11.11231613         -6.13827801         -6.13827801         -6.13827801
   6.399        -10.85736752        -10.85736752         -6.16599989         -6.16599989         -6.16599989
   6.452        -10.48267078        -10.48267078         -6.21281958         -6.21281958         -6.21281958
   6.506        -10.00490379        -10.00490379         -6.27718782         -6.27718782         -6.27718782
   6.560         -9.44507885         -9.44507885         -6.35704613         -6.35704613         -6.35704613
   6.614         -8.82678032         -8.82678032         -6.44992781         -6.44992781         -6.44992781
   6.667         -8.17387772         -8.17387772         -6.55305624         -6.55305624         -6.55305624
   6.721         -7.50829697         -7.50829697         -6.66343594         -6.66343594         -6.66343594
   6.775         -6.84846354         -6.84846354         -6.77793646         -6.77793646         -6.77793646
   6.829         -6.20884085         -6.20884085         -6.89337921         -6.89337921         -6.89337921
   6.883         -5.60051727         -5.60051727         -7.00663662         -7.00663662         -7.00663662
   6.936         -5.03244162         -5.03244162         -7.11473513         -7.11473513         -7.11473513
   6.990         -4.51281309         -4.51281309         -7.21495581         -7.21495581         -7.21495581
   7.044         -4.05002356         -4.05002356         -7.30491590         -7.30491590         -7.30491590
   7.098         -3.65300655         -3.65300655         -7.38261700         -7.38261700         -7.38261700
   7.151         -3.33091712         -3.33091712         -7.44646311         -7.44646311         -7.44646311
   7.205         -3.09237456         -3.09237456         -7.49523926         -7.49523926         -7.49523926
   7.259         -2.94449210         -2.94449210         -7.52807856         -7.52807856         -7.52807856
   7.313         -2.89199185         -2.89199185         -7.54442263         -7.54442263         -7.54442263
   7.366         -2.93656826         -2.93656826         -7.54399061         -7.54399061         -7.54399061
   7.420         -3.07666588         -3.07666588         -7.52676105         -7.52676105         -7.52676105
   7.474         -3.30768585         -3.30768585         -7.49297380         -7.49297380         -7.49297380
   7.528         -3.62260461         -3.62260461         -7.44314480         -7.44314480         -7.44314480
   7.582         -4.01285124         -4.01285124         -7.37810040         -7.37810040         -7.37810040
   7.635         -4.46928263         -4.46928263         -7.29901552         -7.29901552         -7.29901552
   7.689         -4.98295498         -4.98295498         -7.20745087         -7.20745087         -7.20745087
   7.743         -5.54548120         -5.54548120         -7.10537004         -7.10537004         -7.10537004
   7.797         -6.14871120         -6.14871120         -6.99513006         -6.99513006         -6.99513006
   7.850         -6.78379536         -6.78379536         -6.87942982         -6.87942982         -6.87942982
   7.904         -7.43984032         -7.43984032         -6.76123190         -6.76123190         -6.76123190
   7.958         -8.10262680         -8.10262680         -6.64366102         -6.64366102         -6.64366102
   8.012         -8.75397491         -8.75397491         -6.52990198         -6.52990198         -6.52990198
   8.065         -9.37214756         -9.37214756         -6.42309856         -6.42309856         -6.42309856
   8.119         -9.93337917         -9.93337917         -6.32626677         -6.32626677         -6.32626677
   8.173        -10.41404629        -10.41404629         -6.24221087         -6.24221087         -6.24221087
   8.227        -10.79297066        -10.79297066         -6.17343140         -6.17343140         -6.17343140
   8.281        -11.05323219        -11.05323219         -6.12202883         -6.12202883         -6.12202883
   8.334        -11.18328667        -11.18328667         -6.08959818         -6.08959818         -6.08959818
   8.388        -11.17739296        -11.17739296         -6.07713413         -6.07713413         -6.07713413
   8.442        -11.03577232        -11.03577232         -6.08496428         -6.08496428         -6.08496428
   8.496        -10.76458549        -10.76458549         -6.11272192         -6.11272192         -6.11272192
   8.549        -10.37579727        -10.37579727         -6.15937138         -6.15937138         -6.15937138
   8.603         -9.88665295         -9.88665295         -6.22327805         -6.22327805         -6.22327805
   8.657         -9.31853676         -9.31853676         -6.30230141         -6.30230141         -6.30230141
   8.711         -8.69508934         -8.69508934         -6.39389801         -6.39389801         -6.39389801
   8.765         -8.03989983         -8.03989983         -6.49522257         -6.49522257         -6.49522257
   8.818         -7.37433624         -7.37433624         -6.60321522         -6.60321522         -6.60321522
   8.872         -6.71616507         -6.71616507         -6.71469402         -6.71469402         -6.71469402
   8.926         -6.07921267         -6.07921267         -6.82644224         -6.82644224         -6.82644224
   8.980         -5.47409725         -5.47409725         -6.93531275         -6.93531275         -6.93531275
   9.033         -4.90953922         -4.90953922         -7.03832960         -7.03832960         -7.03832960
   9.087         -4.39368773         -4.39368773         -7.13278866         -7.13278866         -7.13278866
   9.141         -3.93501258         -3.93501258         -7.21632957         -7.21632957         -7.21632957
   9.195         -3.54254413         -3.54254413         -7.28697968         -7.28697968         -7.28697968
   9.248         -3.22547841         -3.22547841         -7.34315872         -7.34315872         -7.34315872
   9.302         -2.99237156         -2.99237156         -7.38365316         -7.38365316         -7.38365316
   9.356         -2.85016918         -2.85016918         -7.40757608         -7.40757608         -7.40757608
   9.410         -2.80333591         -2.80333591         -7.41432190         -7.41432190         -7.41432190
   9.464         -2.85326171         -2.85326171         -7.40353537         -7.40353537         -7.40353537
   9.517         -2.99810624         -2.99810624         -7.37508583         -7.37508583         -7.37508583
   9.571         -3.23303938         -3.23303938         -7.32906866         -7.32906866         -7.32906866
   9.625         -3.55091929         -3.55091929         -7.26581573         -7.26581573         -7.26581573
   9.679         -3.94318771         -3.94318771         -7.18592596         -7.18592596         -7.18592596
   9.732         -4.40082693         -4.40082693         -7.09030056         -7.09030056         -7.09030056
   9.786         -4.91509581         -4.91509581         -6.98018360         -6.98018360         -6.98018360
   9.840         -5.47777843         -5.47777843         -6.85718012         -6.85718012         -6.85718012
   9.894         -6.08078861         -6.08078861         -6.72325373         -6.72325373         -6.72325373
   9.947         -6.71512938         -6.71512938         -6.58068895         -6.58068895         -6.58068895
  10.001         -7.36951590         -7.36951590         -6.43202877         -6.43202877         -6.43202877
  10.055         -8.02911091         -8.02911091         -6.27998924         -6.27998924         -6.27998924
  10.109         -8.67500591         -8.67500591         -6.12736845         -6.12736845         -6.12736845
  10.163         -9.28475857         -9.28475857         -5.97695827         -5.97695827         -5.97695827
  10.216         -9.83403206         -9.83403206         -5.83144951         -5.83144951         -5.83144951
  10.270        -10.29887199        -10.29887199         -5.69333792         -5.69333792         -5.69333792
  10.324        -10.65800476        -10.65800476         -5.56482172         -5.56482172         -5.56482172
  10.378        -10.89464474        -10.89464474         -5.44770145         -5.44770145         -5.44770145
  10.431        -10.99756718        -10.99756718         -5.34329081         -5.34329081         -5.34329081
  10.485        -10.96157646        -10.96157646         -5.25235987         -5.25235987         -5.25235987
  10.539        -10.78763390        -10.78763390         -5.17512608         -5.17512608         -5.17512608
  10.593        -10.48281479        -10.48281479         -5.11129284         -5.11129284         -5.11129284
  10.646        -10.06007385        -10.06007385         -5.06012583         -5.06012583         -5.06012583
  10.700         -9.53758621         -9.53758621         -5.02054405         -5.02054405         -5.02054405
  10.754         -8.93735313         -8.93735313         -4.99121046         -4.99121046         -4.99121046
  10.808         -8.28317928         -8.28317928         -4.97060347         -4.97060347         -4.97060347
  10.862         -7.59828234         -7.59828234         -4.95706320         -4.95706320         -4.95706320
  10.915         -6.90315294         -6.90315294         -4.94883394         -4.94883394         -4.94883394
  10.969         -6.21425390         -6.21425390         -4.94409132         -4.94409132         -4.94409132
  11.023         -5.54390097         -5.54390097         -4.94097662         -4.94097662         -4.94097662
  11.077         -4.90103626         -4.90103626         -4.93763733         -4.93763733         -4.93763733
  11.130         -4.29259014         -4.29259014         -4.93226528         -4.93226528         -4.93226528
  11.184         -3.72472024         -3.72472024         -4.92313480         -4.92313480         -4.92313480
  11.238         -3.20361042         -3.20361042         -4.90863419         -4.90863419         -4.90863419
  11.292         -2.73561740         -2.73561740         -4.88729000         -4.88729000         -4.88729000
  11.345         -2.32687807         -2.32687807         -4.85778522         -4.85778522         -4.85778522
  11.399         -1.98262954         -1.98262954         -4.81896973         -4.81896973         -4.81896973
  11.453         -1.70648623         -1.70648623         -4.76986933         -4.76986933         -4.76986933
  11.507         -1.49992239         -1.49992239         -4.70968533         -4.70968533         -4.70968533
  11.561         -1.36207521         -1.36207521         -4.63779020         -4.63779020         -4.63779020
  11.614         -1.28991711         -1.28991711         -4.55372143         -4.55372143         -4.55372143
  11.668         -1.27871883         -1.27871883         -4.45717764         -4.45717764         -4.45717764
  11.722         -1.32268465         -1.32268465         -4.34802914         -4.34802914         -4.34802914
  11.776         -1.41557598         -1.41557598         -4.22634554         -4.22634554         -4.22634554
  11.829         -1.55113983         -1.55113983         -4.09243774         -4.09243774         -4.09243774
  11.883         -1.72320569         -1.72320569         -3.94690871         -3.94690871         -3.94690871
  11.937         -1.92542875         -1.92542875         -3.79069710         -3.79069710         -3.79069710
  11.991         -2.15077043         -2.15077043         -3.62509513         -3.62509513         -3.62509513
  12.044         -2.39096570         -2.39096570         -3.45173788         -3.45173788         -3.45173788
  12.098         -2.63624525         -2.63624525         -3.27255774         -3.27255774         -3.27255774
  12.152         -2.87550116         -2.87550116         -3.08971334         -3.08971334         -3.08971334
  12.206         -3.09693885         -3.09693885         -2.90550208         -2.90550208         -2.90550208
  12.260         -3.28902054         -3.28902054         -2.72226620         -2.72226620         -2.72226620
  12.313         -3.44145966         -3.44145966         -2.54229236         -2.54229236         -2.54229236
  12.367         -3.54598165         -3.54598165         -2.36771226         -2.36771226         -2.36771226
  12.421         -3.59677267         -3.59677267         -2.20040703         -2.20040703         -2.20040703
  12.475         -3.59066129         -3.59066129         -2.04192114         -2.04192114         -2.04192114
  12.528         -3.52713585         -3.52713585         -1.89340484         -1.89340484         -1.89340484
  12.582         -3.40834165         -3.40834165         -1.75558853         -1.75558853         -1.75558853
  12.636         -3.23899269         -3.23899269         -1.62880003         -1.62880003         -1.62880003
  12.690         -3.02614355         -3.02614355         -1.51301622         -1.51301622         -1.51301622
  12.743         -2.77865696         -2.77865696         -1.40793753         -1.40793753         -1.40793753
  12.797         -2.50635648         -2.50635648         -1.31306326         -1.31306326         -1.31306326
  12.851         -2.21898627         -2.21898627         -1.22775602         -1.22775602         -1.22775602
  12.905         -1.92523110         -1.92523110         -1.15128374         -1.15128374         -1.15128374
  12.959         -1.63208973         -1.63208973         -1.08284163         -1.08284163         -1.08284163
  13.012         -1.34471607         -1.34471607         -1.02155936         -1.02155936         -1.02155936
  13.066         -1.06672490         -1.06672490         -0.96650261         -0.96650261         -0.96650261
  13.120         -0.80075872         -0.80075872         -0.91667736         -0.91667736         -0.91667736
  13.174         -0.54905397         -0.54905397         -0.87104011         -0.87104011         -0.87104011
  13.227         -0.31382328         -0.31382328         -0.82851726         -0.82851726         -0.82851726
  13.281         -0.09737209         -0.09737209         -0.78803164         -0.78803164         -0.78803164
  13.335          0.09802172          0.09802172         -0.74853295         -0.74853295         -0.74853295
  13.389          0.27036715          0.27036715         -0.70902801         -0.70902801         -0.70902801
  13.442          0.41824025          0.41824025         -0.66860563         -0.66860563         -0.66860563
  13.496          0.54099488          0.54099488         -0.62645388         -0.62645388         -0.62645388
  13.550          0.63884187          0.63884187         -0.58186811         -0.58186811         -0.58186811
  13.604          0.71279234          0.71279234         -0.53425187         -0.53425187         -0.53425187
  13.658          0.76448941          0.76448941         -0.48311624         -0.48311624         -0.48311624
  13.711          0.79598463          0.79598463         -0.42808124         -0.42808124         -0.42808124
  13.765          0.80952376          0.80952376         -0.36888528         -0.36888528         -0.36888528
  13.819          0.80740768          0.80740768         -0.30540180         -0.30540180         -0.30540180
  13.873          0.79194671          0.79194671         -0.23766056         -0.23766056         -0.23766056
  13.926          0.76552159          0.76552159         -0.16586667         -0.16586667         -0.16586667
  13.980          0.73069435          0.73069435         -0.09040993         -0.09040993         -0.09040993
  14.034          0.69030344          0.69030344         -0.01186027         -0.01186027         -0.01186027
  14.088          0.64747107          0.64747107          0.06905187          0.06905187          0.06905187
  14.141          0.60550410          0.60550410          0.15146668          0.15146668          0.15146668
  14.195          0.56769037          0.56769037          0.23443325          0.23443325          0.23443325
  14.249          0.53706247          0.53706247          0.31695098          0.31695098          0.31695098
  14.303          0.51618570          0.51618570          0.39801201          0.39801201          0.39801201
  14.357          0.50700819          0.50700819          0.47664416          0.47664416          0.47664416
  14.410          0.51078480          0.51078480          0.55195326          0.55195326          0.55195326
  14.464          0.52805185          0.52805185          0.62316209          0.62316209          0.62316209
  14.518          0.55862671          0.55862671          0.68964076          0.68964076          0.68964076
  14.572          0.60163420          0.60163420          0.75092345          0.75092345          0.75092345
  14.625          0.65557522          0.65557522          0.80670768          0.80670768          0.80670768
  14.679          0.71845925          0.71845925          0.85683727          0.85683727          0.85683727
  14.733          0.78801292          0.78801292          0.90127492          0.90127492          0.90127492
  14.787          0.86193782          0.86193782          0.94007200          0.94007200          0.94007200
  14.841          0.93815410          0.93815410          0.97334403          0.97334403          0.97334403
  14.894          1.01497519          1.01497519          1.00125754          1.00125754          1.00125754
  14.948          1.09115791          1.09115791          1.02402747          1.02402747          1.02402747
  15.002          1.16583943          1.16583943          1.04192340          1.04192340          1.04192340
  15.056          1.23840058          1.23840058          1.05527830          1.05527830          1.05527830
  15.109          1.30831301          1.30831301          1.06449485          1.06449485          1.06449485
  15.163          1.37502635          1.37502635          1.07004416          1.07004416          1.07004416
  15.217          1.43791640          1.43791640          1.07245779          1.07245779          1.07245779
  15.271          1.49629819          1.49629819          1.07231069          1.07231069          1.07231069
  15.324          1.54947519          1.54947519          1.07020140          1.07020140          1.07020140
  15.378          1.59680986          1.59680986          1.06672966          1.06672966          1.06672966
  15.432          1.63777077          1.63777077          1.06247520          1.06247520          1.06247520
  15.486          1.67197800          1.67197800          1.05798125          1.05798125          1.05798125
  15.540          1.69919395          1.69919395          1.05373955          1.05373955          1.05373955
  15.593          1.71930766          1.71930766          1.05018055          1.05018055          1.05018055
  15.647          1.73229265          1.73229265          1.04766548          1.04766548          1.04766548
  15.701          1.73815739          1.73815739          1.04648077          1.04648077          1.04648077
  15.755          1.73691726          1.73691726          1.04683518          1.04683518          1.04683518
  15.808          1.72856677          1.72856677          1.04885900          1.04885900          1.04885900
  15.862          1.71308744          1.71308744          1.05260575          1.05260575          1.05260575
  15.916          1.69047403          1.69047403          1.05805707          1.05805707          1.05805707
  15.970          1.66076887          1.66076887          1.06512988          1.06512988          1.06512988
  16.023          1.62411571          1.62411571          1.07368433          1.07368433          1.07368433
  16.077          1.58078980          1.58078980          1.08353364          1.08353364          1.08353364
  16.131          1.53122175          1.53122175          1.09445345          1.09445345          1.09445345
  16.185          1.47597957          1.47597957          1.10619140          1.10619140          1.10619140
  16.239          1.41573536          1.41573536          1.11847770          1.11847770          1.11847770
  16.292          1.35120320          1.35120320          1.13103509          1.13103509          1.13103509
  16.346          1.28306377          1.28306377          1.14359081          1.14359081          1.14359081
  16.400          1.21192050          1.21192050          1.15588820          1.15588820          1.15588820
  16.454          1.13829446          1.13829446          1.16769636          1.16769636          1.16769636
  16.507          1.06268668          1.06268668          1.17881835          1.17881835          1.17881835
  16.561          0.98570400          0.98570400          1.18909466          1.18909466          1.18909466
  16.615          0.90822017          0.90822017          1.19840324          1.19840324          1.19840324
  16.669          0.83151680          0.83151680          1.20665622          1.20665622          1.20665622
  16.722          0.75734609          0.75734609          1.21379435          1.21379435          1.21379435
  16.776          0.68787807          0.68787807          1.21978343          1.21978343          1.21978343
  16.830          0.62552595          0.62552595          1.22460997          1.22460997          1.22460997
  16.884          0.57270664          0.57270664          1.22828043          1.22828043          1.22828043
  16.938          0.53158319          0.53158319          1.23081994          1.23081994          1.23081994
  16.991          0.50385183          0.50385183          1.23227310          1.23227310          1.23227310
  17.045          0.49059638          0.49059638          1.23270285          1.23270285          1.23270285
  17.099          0.49220875          0.49220875          1.23218870          1.23218870          1.23218870
  17.153          0.50836641          0.50836641          1.23082483          1.23082483          1.23082483
  17.206          0.53805363          0.53805363          1.22871637          1.22871637          1.22871637
  17.260          0.57963216          0.57963216          1.22597504          1.22597504          1.22597504
  17.314          0.63098085          0.63098085          1.22271669          1.22271669          1.22271669
  17.368          0.68970197          0.68970197          1.21905744          1.21905744          1.21905744
  17.421          0.75338018          0.75338018          1.21511257          1.21511257          1.21511257
  17.475          0.81982541          0.81982541          1.21099532          1.21099532          1.21099532
  17.529          0.88726234          0.88726234          1.20681691          1.20681691          1.20681691
  17.583          0.95439357          0.95439357          1.20268738          1.20268738          1.20268738
  17.637          1.02034903          1.02034903          1.19871616          1.19871616          1.19871616
  17.690          1.08454859          1.08454859          1.19501173          1.19501173          1.19501173
  17.744          1.14654064          1.14654064          1.19168150          1.19168150          1.19168150
  17.798          1.20587230          1.20587230          1.18883049          1.18883049          1.18883049
  17.852          1.26201725          1.26201725          1.18655932          1.18655932          1.18655932
  17.905          1.31437123          1.31437123          1.18496251          1.18496251          1.18496251
  17.959          1.36229932          1.36229932          1.18412626          1.18412626          1.18412626
  18.013          1.40520561          1.40520561          1.18412745          1.18412745          1.18412745
  18.067          1.44260561          1.44260561          1.18503308          1.18503308          1.18503308
  18.120          1.47418022          1.47418022          1.18690085          1.18690085          1.18690085
  18.174          1.49981725          1.49981725          1.18977976          1.18977976          1.18977976
  18.228          1.51962280          1.51962280          1.19371080          1.19371080          1.19371080
  18.282          1.53390706          1.53390706          1.19872606          1.19872606          1.19872606
  18.336          1.54316044          1.54316044          1.20484591          1.20484591          1.20484591
  18.389          1.54800200          1.54800200          1.21207285          1.21207285          1.21207285
  18.443          1.54913807          1.54913807          1.22038412          1.22038412          1.22038412
  18.497          1.54730248          1.54730248          1.22972226          1.22972226          1.22972226
  18.551          1.54321885          1.54321885          1.23998702          1.23998702          1.23998702
  18.604          1.53755963          1.53755963          1.25103092          1.25103092          1.25103092
  18.658          1.53092003          1.53092003          1.26265776          1.26265776          1.26265776
  18.712          1.52379572          1.52379572          1.27462709          1.27462709          1.27462709
  18.766          1.51657259          1.51657259          1.28666115          1.28666115          1.28666115
  18.819          1.50952542          1.50952542          1.29845643          1.29845643          1.29845643
  18.873          1.50282311          1.50282311          1.30969596          1.30969596          1.30969596
  18.927          1.49653697          1.49653697          1.32006371          1.32006371          1.32006371
  18.981          1.49065852          1.49065852          1.32925820          1.32925820          1.32925820
  19.035          1.48511958          1.48511958          1.33700562          1.33700562          1.33700562
  19.088          1.47981942          1.47981942          1.34307075          1.34307075          1.34307075
  19.142          1.47464824          1.47464824          1.34726393          1.34726393          1.34726393
  19.196          1.46949887          1.46949887          1.34944260          1.34944260          1.34944260
  19.250          1.46428192          1.46428192          1.34950888          1.34950888          1.34950888
  19.303          1.45892847          1.45892847          1.34740186          1.34740186          1.34740186
  19.357          1.45339060          1.45339060          1.34308958          1.34308958          1.34308958
  19.411          1.44763577          1.44763577          1.33656096          1.33656096          1.33656096
  19.465          1.44164944          1.44164944          1.32782090          1.32782090          1.32782090
  19.518          1.43543696          1.43543696          1.31689036          1.31689036          1.31689036
  19.572          1.42902291          1.42902291          1.30381083          1.30381083          1.30381083
  19.626          1.42245734          1.42245734          1.28865230          1.28865230          1.28865230
  19.680          1.41581023          1.41581023          1.27152073          1.27152073          1.27152073
  19.734          1.40916574          1.40916574          1.25256574          1.25256574          1.25256574
  19.787          1.40260017          1.40260017          1.23198187          1.23198187          1.23198187
  19.841          1.39617050          1.39617050          1.21000719          1.21000719          1.21000719
  19.895          1.38988030          1.38988030          1.18691599          1.18691599          1.18691599
  19.949          1.38366508          1.38366508          1.16300774          1.16300774          1.16300774
  20.002          1.37737179          1.37737179          1.13859522          1.13859522          1.13859522
  20.056          1.37074852          1.37074852          1.11399090          1.11399090          1.11399090
  20.110          1.36343861          1.36343861          1.08949423          1.08949423          1.08949423
  20.164          1.35498273          1.35498273          1.06537914          1.06537914          1.06537914
  20.218          1.34482574          1.34482574          1.04188430          1.04188430          1.04188430
  20.271          1.33233428          1.33233428          1.01920474          1.01920474          1.01920474
  20.325          1.31682861          1.31682861          0.99748755          0.99748755          0.99748755
  20.379          1.29761624          1.29761624          0.97683269          0.97683269          0.97683269
  20.433          1.27403224          1.27403224          0.95729667          0.95729667          0.95729667
  20.486          1.24549210          1.24549210          0.93890035          0.93890035          0.93890035
  20.540          1.21154201          1.21154201          0.92163783          0.92163783          0.92163783
  20.594          1.17190230          1.17190230          0.90548432          0.90548432          0.90548432
  20.648          1.12649727          1.12649727          0.89040238          0.89040238          0.89040238
  20.701          1.07546747          1.07546747          0.87634492          0.87634492          0.87634492
  20.755          1.01915419          1.01915419          0.86325663          0.86325663          0.86325663
  20.809          0.95806491          0.95806491          0.85107344          0.85107344          0.85107344
  20.863          0.89281708          0.89281708          0.83972204          0.83972204          0.83972204
  20.917          0.82406104          0.82406104          0.82911932          0.82911932          0.82911932
  20.970          0.75241393          0.75241393          0.81917304          0.81917304          0.81917304
  21.024          0.67841214          0.67841214          0.80978304          0.80978304          0.80978304
  21.078          0.60251647          0.60251647          0.80084318          0.80084318          0.80084318
  21.132          0.52518147          0.52518147          0.79224336          0.79224336          0.79224336
  21.185          0.44698521          0.44698521          0.78387141          0.78387141          0.78387141
  21.239          0.36878836          0.36878836          0.77561426          0.77561426          0.77561426
  21.293          0.29186708          0.29186708          0.76735872          0.76735872          0.76735872
  21.347          0.21795554          0.21795554          0.75899124          0.75899124          0.75899124
  21.400          0.14917272          0.14917272          0.75039726          0.75039726          0.75039726
  21.454          0.08783938          0.08783938          0.74146092          0.74146092          0.74146092
  21.508          0.03623099          0.03623099          0.73206478          0.73206478          0.73206478
  21.562         -0.00365897         -0.00365897          0.72209048          0.72209048          0.72209048
  21.616         -0.03030846         -0.03030846          0.71142066          0.71142066          0.71142066
  21.669         -0.04277866         -0.04277866          0.69994158          0.69994158          0.69994158
  21.723         -0.04076884         -0.04076884          0.68754685          0.68754685          0.68754685
  21.777         -0.02463166         -0.02463166          0.67414105          0.67414105          0.67414105
  21.831          0.00464047          0.00464047          0.65964317          0.65964317          0.65964317
  21.884          0.04546820          0.04546820          0.64398962          0.64398962          0.64398962
  21.938          0.09580518          0.09580518          0.62713546          0.62713546          0.62713546
  21.992          0.15332226          0.15332226          0.60905540          0.60905540          0.60905540
  22.046          0.21564800          0.21564800          0.58974403          0.58974403          0.58974403
  22.099          0.28061336          0.28061336          0.56921607          0.56921607          0.56921607
  22.153          0.34643257          0.34643257          0.54750818          0.54750818          0.54750818
  22.207          0.41177085          0.41177085          0.52468187          0.52468187          0.52468187
  22.261          0.47570315          0.47570315          0.50082827          0.50082827          0.50082827
  22.315          0.53757733          0.53757733          0.47607210          0.47607210          0.47607210
  22.368          0.59686005          0.59686005          0.45057499          0.45057499          0.45057499
  22.422          0.65300691          0.65300691          0.42453471          0.42453471          0.42453471
  22.476          0.70539665          0.70539665          0.39818105          0.39818105          0.39818105
  22.530          0.75332868          0.75332868          0.37176785          0.37176785          0.37176785
  22.583          0.79607344          0.79607344          0.34556270          0.34556270          0.34556270
  22.637          0.83293647          0.83293647          0.31983587          0.31983587          0.31983587
  22.691          0.86332273          0.86332273          0.29484969          0.29484969          0.29484969
  22.745          0.88677907          0.88677907          0.27084872          0.27084872          0.27084872
  22.798          0.90300280          0.90300280          0.24805056          0.24805056          0.24805056
  22.852          0.91182983          0.91182983          0.22663695          0.22663695          0.22663695
  22.906          0.91319323          0.91319323          0.20674430          0.20674430          0.20674430
  22.960          0.90708232          0.90708232          0.18845430          0.18845430          0.18845430
  23.014          0.89350164          0.89350164          0.17178495          0.17178495          0.17178495
  23.067          0.87244302          0.87244302          0.15668318          0.15668318          0.15668318
  23.121          0.84388548          0.84388548          0.14301984          0.14301984          0.14301984
  23.175          0.80781096          0.80781096          0.13058786          0.13058786          0.13058786
  23.229          0.76424539          0.76424539          0.11910331          0.11910331          0.11910331
  23.282          0.71330094          0.71330094          0.10820904          0.10820904          0.10820904
  23.336          0.65522105          0.65522105          0.09748045          0.09748045          0.09748045
  23.390          0.59040296          0.59040296          0.08643332          0.08643332          0.08643332
  23.444          0.51939976          0.51939976          0.07453397          0.07453397          0.07453397
  23.497          0.44288656          0.44288656          0.06121247          0.06121247          0.06121247
  23.551          0.36160922          0.36160922          0.04587926          0.04587926          0.04587926
  23.605          0.27631536          0.27631536          0.02794508          0.02794508          0.02794508
  23.659          0.18770319          0.18770319          0.00684261          0.00684261          0.00684261
  23.713          0.09640645          0.09640645         -0.01795291         -0.01795291         -0.01795291
  23.766          0.00304060          0.00304060         -0.04690716         -0.04690716         -0.04690716
  23.820         -0.09169068         -0.09169068         -0.08041723         -0.08041723         -0.08041723
  23.874         -0.18684994         -0.18684994         -0.11881044         -0.11881044         -0.11881044
  23.928         -0.28114080         -0.28114080         -0.16234985         -0.16234985         -0.16234985
  23.981         -0.37285078         -0.37285078         -0.21124299         -0.21124299         -0.21124299
  24.035         -0.45991319         -0.45991319         -0.26564780         -0.26564780         -0.26564780
  24.089         -0.54008037         -0.54008037         -0.32567081         -0.32567081         -0.32567081
  24.143         -0.61116713         -0.61116713         -0.39135370         -0.39135370         -0.39135370
  24.196         -0.67129141         -0.67129141         -0.46264914         -0.46264914         -0.46264914
  24.250         -0.71906501         -0.71906501         -0.53939056         -0.53939056         -0.53939056
  24.304         -0.75369936         -0.75369936         -0.62126464         -0.62126464         -0.62126464
  24.358         -0.77505368         -0.77505368         -0.70779377         -0.70779377         -0.70779377
  24.412         -0.78364849         -0.78364849         -0.79833567         -0.79833567         -0.79833567
  24.465         -0.78067005         -0.78067005         -0.89209968         -0.89209968         -0.89209968
  24.519         -0.76795506         -0.76795506         -0.98817730         -0.98817730         -0.98817730
  24.573         -0.74794823         -0.74794823         -1.08558142         -1.08558142         -1.08558142
  24.627         -0.72357458         -0.72357458         -1.18328905         -1.18328905         -1.18328905
  24.680         -0.69804919         -0.69804919         -1.28028417         -1.28028417         -1.28028417
  24.734         -0.67464644         -0.67464644         -1.37560058         -1.37560058         -1.37560058
  24.788         -0.65649867         -0.65649867         -1.46836388         -1.46836388         -1.46836388
  24.842         -0.64647400         -0.64647400         -1.55783010         -1.55783010         -1.55783010
  24.895         -0.64717185         -0.64717185         -1.64341688         -1.64341688         -1.64341688
  24.949         -0.66100186         -0.66100186         -1.72472405         -1.72472405         -1.72472405
  25.003         -0.69028878         -0.69028878         -1.80153787         -1.80153787         -1.80153787
  25.057         -0.73732507         -0.73732507         -1.87382221         -1.87382221         -1.87382221
  25.111         -0.80433708         -0.80433708         -1.94169950         -1.94169950         -1.94169950
  25.164         -0.89334500         -0.89334500         -2.00542903         -2.00542903         -2.00542903
  25.218         -1.00595677         -1.00595677         -2.06539011         -2.06539011         -2.06539011
  25.272         -1.14314687         -1.14314687         -2.12207222         -2.12207222         -2.12207222
  25.326         -1.30508995         -1.30508995         -2.17607379         -2.17607379         -2.17607379
  25.379         -1.49110818         -1.49110818         -2.22810197         -2.22810197         -2.22810197
  25.433         -1.69974971         -1.69974971         -2.27897310         -2.27897310         -2.27897310
  25.487         -1.92899668         -1.92899668         -2.32960343         -2.32960343         -2.32960343
  25.541         -2.17655158         -2.17655158         -2.38099170         -2.38099170         -2.38099170
  25.594         -2.44009042         -2.44009042         -2.43419552         -2.43419552         -2.43419552
  25.648         -2.71738935         -2.71738935         -2.49029994         -2.49029994         -2.49029994
  25.702         -3.00620437         -3.00620437         -2.55038643         -2.55038643         -2.55038643
  25.756         -3.30389547         -3.30389547         -2.61550641         -2.61550641         -2.61550641
  25.810         -3.60684562         -3.60684562         -2.68666101         -2.68666101         -2.68666101
  25.863         -3.90990019         -3.90990019         -2.76479030         -2.76479030         -2.76479030
  25.917         -4.20605659         -4.20605659         -2.85076809         -2.85076809         -2.85076809
  25.971         -4.48661137         -4.48661137         -2.94540024         -2.94540024         -2.94540024
  26.025         -4.74179220         -4.74179220         -3.04941750         -3.04941750         -3.04941750
  26.078         -4.96174479         -4.96174479         -3.16345358         -3.16345358         -3.16345358
  26.132         -5.13757181         -5.13757181         -3.28800464         -3.28800464         -3.28800464
  26.186         -5.26218939         -5.26218939         -3.42336535         -3.42336535         -3.42336535
  26.240         -5.33086348         -5.33086348         -3.56955433         -3.56955433         -3.56955433
  26.294         -5.34145832         -5.34145832         -3.72624016         -3.72624016         -3.72624016
  26.347         -5.29448891         -5.29448891         -3.89269018         -3.89269018         -3.89269018
  26.401         -5.19317055         -5.19317055         -4.06775475         -4.06775475         -4.06775475
  26.455         -5.04335213         -5.04335213         -4.24988747         -4.24988747         -4.24988747
  26.509         -4.85339212         -4.85339212         -4.43720865         -4.43720865         -4.43720865
  26.562         -4.63367224         -4.63367224         -4.62758636         -4.62758636         -4.62758636
  26.616         -4.39584446         -4.39584446         -4.81873274         -4.81873274         -4.81873274
  26.670         -4.15183878         -4.15183878         -5.00830555         -5.00830555         -5.00830555
  26.724         -3.91289997         -3.91289997         -5.19400644         -5.19400644         -5.19400644
  26.777         -3.68892598         -3.68892598         -5.37367535         -5.37367535         -5.37367535
  26.831         -3.48828888         -3.48828888         -5.54538107         -5.54538107         -5.54538107
  26.885         -3.31810403         -3.31810403         -5.70749092         -5.70749092         -5.70749092
  26.939         -3.18477130         -3.18477130         -5.85871410         -5.85871410         -5.85871410
  26.993         -3.09448218         -3.09448218         -5.99811840         -5.99811840         -5.99811840
  27.046         -3.05349922         -3.05349922         -6.12510633         -6.12510633         -6.12510633
  27.100         -3.06805229         -3.06805229         -6.23937368         -6.23937368         -6.23937368
  27.154         -3.14391994         -3.14391994         -6.34086037         -6.34086037         -6.34086037
  27.208         -3.28581429         -3.28581429         -6.42970467         -6.42970467         -6.42970467
  27.261         -3.49673820         -3.49673820         -6.50621796         -6.50621796         -6.50621796
  27.315         -3.77752590         -3.77752590         -6.57087374         -6.57087374         -6.57087374
  27.369         -4.12667465         -4.12667465         -6.62431002         -6.62431002         -6.62431002
  27.423         -4.54053020         -4.54053020         -6.66733646         -6.66733646         -6.66733646
  27.476         -5.01381874         -5.01381874         -6.70093822         -6.70093822         -6.70093822
  27.530         -5.54035711         -5.54035711         -6.72627544         -6.72627544         -6.72627544
  27.584         -6.11374140         -6.11374140         -6.74467659         -6.74467659         -6.74467659
  27.638         -6.72774839         -6.72774839         -6.75762510         -6.75762510         -6.75762510
  27.692         -7.37616014         -7.37616014         -6.76674366         -6.76674366         -6.76674366
  27.745         -8.05201435         -8.05201435         -6.77376747         -6.77376747         -6.77376747
  27.799         -8.74632359         -8.74632359         -6.78051567         -6.78051567         -6.78051567
  27.853         -9.44674110         -9.44674110         -6.78885221         -6.78885221         -6.78885221
  27.907        -10.13675594        -10.13675594         -6.80064583         -6.80064583         -6.80064583
  27.960        -10.79584408        -10.79584408         -6.81773186         -6.81773186         -6.81773186
  28.014        -11.40076256        -11.40076256         -6.84187794         -6.84187794         -6.84187794
  28.068        -11.92768383        -11.92768383         -6.87475204         -6.87475204         -6.87475204
  28.122        -12.35455513        -12.35455513         -6.91788578         -6.91788578         -6.91788578
  28.175        -12.66320896        -12.66320896         -6.97262383         -6.97262383         -6.97262383
  28.229        -12.84066200        -12.84066200         -7.04005241         -7.04005241         -7.04005241
  28.283        -12.87985611        -12.87985611         -7.12090874         -7.12090874         -7.12090874
  28.337        -12.77983665        -12.77983665         -7.21548986         -7.21548986         -7.21548986
  28.391        -12.54583359        -12.54583359         -7.32357693         -7.32357693         -7.32357693
  28.444        -12.18910599        -12.18910599         -7.44439363         -7.44439363         -7.44439363
  28.498        -11.72650242        -11.72650242         -7.57661915         -7.57661915         -7.57661915
  28.552        -11.17934799        -11.17934799         -7.71844435         -7.71844435         -7.71844435
  28.606        -10.57165718        -10.57165718         -7.86765909         -7.86765909         -7.86765909
  28.659         -9.92782974         -9.92782974         -8.02175617         -8.02175617         -8.02175617
  28.713         -9.27036285         -9.27036285         -8.17803097         -8.17803097         -8.17803097
  28.767         -8.61821175         -8.61821175         -8.33368015         -8.33368015         -8.33368015
  28.821         -7.98624849         -7.98624849         -8.48589325         -8.48589325         -8.48589325
  28.874         -7.38579035         -7.38579035         -8.63193989         -8.63193989         -8.63193989
  28.928         -6.82584572         -6.82584572         -8.76926804         -8.76926804         -8.76926804
  28.982         -6.31451273         -6.31451273         -8.89557934         -8.89557934         -8.89557934
  29.036         -5.86001015         -5.86001015         -9.00889969         -9.00889969         -9.00889969
  29.090         -5.47107458         -5.47107458         -9.10761547         -9.10761547         -9.10761547
  29.143         -5.15671730         -5.15671730         -9.19047642         -9.19047642         -9.19047642
  29.197         -4.92548370         -4.92548370         -9.25657177         -9.25657177         -9.25657177
  29.251         -4.78451443         -4.78451443         -9.30530071         -9.30530071         -9.30530071
  29.305         -4.73861790         -4.73861790         -9.33632851         -9.33632851         -9.33632851
  29.358         -4.78962994         -4.78962994         -9.34955788         -9.34955788         -9.34955788
  29.412         -4.93614435         -4.93614435         -9.34511948         -9.34511948         -9.34511948
  29.466         -5.17368269         -5.17368269         -9.32337093         -9.32337093         -9.32337093
  29.520         -5.49528217         -5.49528217         -9.28492069         -9.28492069         -9.28492069
  29.573         -5.89235687         -5.89235687         -9.23065758         -9.23065758         -9.23065758
  29.627         -6.35568857         -6.35568857         -9.16179943         -9.16179943         -9.16179943
  29.681         -6.87620926         -6.87620926         -9.07993317         -9.07993317         -9.07993317
  29.735         -7.44540119         -7.44540119         -8.98703480         -8.98703480         -8.98703480
  29.789         -8.05506420         -8.05506420         -8.88547134         -8.88547134         -8.88547134
  29.842         -8.69641399         -8.69641399         -8.77795410         -8.77795410         -8.77795410
  29.896         -9.35875988         -9.35875988         -8.66746426         -8.66746426         -8.66746426
  29.950        -10.02819347        -10.02819347         -8.55715752         -8.55715752         -8.55715752
  30.004        -10.68688488        -10.68688488         -8.45025539         -8.45025539         -8.45025539
  30.057        -11.31340408        -11.31340408         -8.34994888         -8.34994888         -8.34994888
  30.111        -11.88410664        -11.88410664         -8.25930309         -8.25930309         -8.25930309
  30.165        -12.37535381        -12.37535381         -8.18116951         -8.18116951         -8.18116951
  30.219        -12.76573849        -12.76573849         -8.11809731         -8.11809731         -8.11809731
  30.272        -13.03802872        -13.03802872         -8.07223129         -8.07223129         -8.07223129
  30.326        -13.18028450        -13.18028450         -8.04520893         -8.04520893         -8.04520893
  30.380        -13.18636608        -13.18636608         -8.03806877         -8.03806877         -8.03806877
  30.434        -13.05605602        -13.05605602         -8.05117702         -8.05117702         -8.05117702
  30.488        -12.79510880        -12.79510880         -8.08420849         -8.08420849         -8.08420849
  30.541        -12.41508007        -12.41508007         -8.13616753         -8.13616753         -8.13616753
  30.595        -11.93288898        -11.93288898         -8.20545673         -8.20545673         -8.20545673
  30.649        -11.36973286        -11.36973286         -8.28997421         -8.28997421         -8.28997421
  30.703        -10.74927521        -10.74927521         -8.38721657         -8.38721657         -8.38721657
  30.756        -10.09534168        -10.09534168         -8.49437809         -8.49437809         -8.49437809
  30.810         -9.42971706         -9.42971706         -8.60843945         -8.60843945         -8.60843945
  30.864         -8.77067184         -8.77067184         -8.72625351         -8.72625351         -8.72625351
  30.918         -8.13248253         -8.13248253         -8.84463406         -8.84463406         -8.84463406
  30.971         -7.52610302         -7.52610302         -8.96045303         -8.96045303         -8.96045303
  31.025         -6.96044111         -6.96044111         -9.07074642         -9.07074642         -9.07074642
  31.079         -6.44369078         -6.44369078         -9.17281151         -9.17281151         -9.17281151
  31.133         -5.98427010         -5.98427010         -9.26428986         -9.26428986         -9.26428986
  31.187         -5.59114981         -5.59114981         -9.34321690         -9.34321690         -9.34321690
  31.240         -5.27348089         -5.27348089         -9.40802765         -9.40802765         -9.40802765
  31.294         -5.03985071         -5.03985071         -9.45754814         -9.45754814         -9.45754814
  31.348         -4.89728498         -4.89728498         -9.49095058         -9.49095058         -9.49095058
  31.402         -4.85038757         -4.85038757         -9.50771713         -9.50771713         -9.50771713
  31.455         -4.90071201         -4.90071201         -9.50760841         -9.50760841         -9.50760841
  31.509         -5.04656410         -5.04656410         -9.49064636         -9.49064636         -9.49064636
  31.563         -5.28321409         -5.28321409         -9.45711327         -9.45711327         -9.45711327
  31.617         -5.60354757         -5.60354757         -9.40756989         -9.40756989         -9.40756989
  31.671         -5.99894381         -5.99894381         -9.34288692         -9.34288692         -9.34288692
  31.724         -6.46023512         -6.46023512         -9.26428318         -9.26428318         -9.26428318
  31.778         -6.97848940         -6.97848940         -9.17336178         -9.17336178         -9.17336178
  31.832         -7.54530525         -7.54530525         -9.07212639         -9.07212639         -9.07212639
  31.886         -8.15247917         -8.15247917         -8.96296787         -8.96296787         -8.96296787
  31.939         -8.79105473         -8.79105473         -8.84861279         -8.84861279         -8.84861279
  31.993         -9.44993877         -9.44993877         -8.73204231         -8.73204231         -8.73204231
  32.047        -10.11466122        -10.11466122         -8.61639214         -8.61639214         -8.61639214
  32.101        -10.76679134        -10.76679134         -8.50484848         -8.50484848         -8.50484848
  32.154        -11.38438225        -11.38438225         -8.40054798         -8.40054798         -8.40054798
  32.208        -11.94357014        -11.94357014         -8.30649376         -8.30649376         -8.30649376
  32.262        -12.42075634        -12.42075634         -8.22546864         -8.22546864         -8.22546864
  32.316        -12.79491615        -12.79491615         -8.15994549         -8.15994549         -8.15994549
  32.370        -13.04936981        -13.04936981         -8.11198997         -8.11198997         -8.11198997
  32.423        -13.17285347        -13.17285347         -8.08315849         -8.08315849         -8.08315849
  32.477        -13.15993881        -13.15993881         -8.07439995         -8.07439995         -8.07439995
  32.531        -13.01117516        -13.01117516         -8.08599854         -8.08599854         -8.08599854
  32.585        -12.73307037        -12.73307037         -8.11754608         -8.11754608         -8.11754608
  32.638        -12.33791161        -12.33791161         -8.16797638         -8.16797638         -8.16797638
  32.692        -11.84326744        -11.84326744         -8.23563480         -8.23563480         -8.23563480
  32.746        -11.27077103        -11.27077103         -8.31837463         -8.31837463         -8.31837463
  32.800        -10.64427662        -10.64427662         -8.41365910         -8.41365910         -8.41365910
  32.853         -9.98742676         -9.98742676         -8.51866055         -8.51866055         -8.51866055
  32.907         -9.32162476         -9.32162476         -8.63034916         -8.63034916         -8.63034916
  32.961         -8.66458130         -8.66458130         -8.74557304         -8.74557304         -8.74557304
  33.015         -8.03008556         -8.03008556         -8.86115456         -8.86115456         -8.86115456
  33.069         -7.42873764         -7.42873764         -8.97398376         -8.97398376         -8.97398376
  33.122         -6.86925840         -6.86925840         -9.08112621         -9.08112621         -9.08112621
  33.176         -6.35983896         -6.35983896         -9.17992020         -9.17992020         -9.17992020
  33.230         -5.90896034         -5.90896034         -9.26805401         -9.26805401         -9.26805401
  33.284         -5.52565241         -5.52565241         -9.34360981         -9.34360981         -9.34360981
  33.337         -5.21903658         -5.21903658         -9.40507030         -9.40507030         -9.40507030
  33.391         -4.99753904         -4.99753904         -9.45129681         -9.45129681         -9.45129681
  33.445         -4.86790323         -4.86790323         -9.48149490         -9.48149490         -9.48149490
  33.499         -4.83433723         -4.83433723         -9.49517250         -9.49517250         -9.49517250
  33.552         -4.89795780         -4.89795780         -9.49211121         -9.49211121         -9.49211121
  33.606         -5.05662632         -5.05662632         -9.47235203         -9.47235203         -9.47235203
  33.660         -5.30525017         -5.30525017         -9.43619728         -9.43619728         -9.43619728
  33.714         -5.63644552         -5.63644552         -9.38423252         -9.38423252         -9.38423252
  33.768         -6.04146004         -6.04146004         -9.31735706         -9.31735706         -9.31735706
  33.821         -6.51113176         -6.51113176         -9.23682690         -9.23682690         -9.23682690
  33.875         -7.03658915         -7.03658915         -9.14428425         -9.14428425         -9.14428425
  33.929         -7.60949183         -7.60949183         -9.04177666         -9.04177666         -9.04177666
  33.983         -8.22160625         -8.22160625         -8.93173218         -8.93173218         -8.93173218
  34.036         -8.86376381         -8.86376381         -8.81690979         -8.81690979         -8.81690979
  34.090         -9.52447891         -9.52447891         -8.70031166         -8.70031166         -8.70031166
  34.144        -10.18875694        -10.18875694         -8.58507824         -8.58507824         -8.58507824
  34.198        -10.83762360        -10.83762360         -8.47439289         -8.47439289         -8.47439289
  34.251        -11.44878006        -11.44878006         -8.37137508         -8.37137508         -8.37137508
  34.305        -11.99823284        -11.99823284         -8.27900314         -8.27900314         -8.27900314
  34.359        -12.46262264        -12.46262264         -8.20002079         -8.20002079         -8.20002079
  34.413        -12.82142067        -12.82142067         -8.13685036         -8.13685036         -8.13685036
  34.467        -13.05865097        -13.05865097         -8.09149647         -8.09149647         -8.09149647
  34.520        -13.16381359        -13.16381359         -8.06543541         -8.06543541         -8.06543541
  34.574        -13.13231277        -13.13231277         -8.05953026         -8.05953026         -8.05953026
  34.628        -12.96549702        -12.96549702         -8.07396889         -8.07396889         -8.07396889
  34.682        -12.67067623        -12.67067623         -8.10825253         -8.10825253         -8.10825253
  34.735        -12.26090431        -12.26090431         -8.16122913         -8.16122913         -8.16122913
  34.789        -11.75439072        -11.75439072         -8.23116970         -8.23116970         -8.23116970
  34.843        -11.17320538        -11.17320538         -8.31586838         -8.31586838         -8.31586838
  34.897        -10.54129791        -10.54129791         -8.41274261         -8.41274261         -8.41274261
  34.950         -9.88213825         -9.88213825         -8.51893234         -8.51893234         -8.51893234
  35.004         -9.21667194         -9.21667194         -8.63138485         -8.63138485         -8.63138485
  35.058         -8.56207561         -8.56207561         -8.74693966         -8.74693966         -8.74693966
  35.112         -7.93162775         -7.93162775         -8.86242199         -8.86242199         -8.86242199
  35.166         -7.33559656         -7.33559656         -8.97473907         -8.97473907         -8.97473907
  35.219         -6.78255796         -6.78255796         -9.08098888         -9.08098888         -9.08098888
  35.273         -6.28070116         -6.28070116         -9.17855358         -9.17855358         -9.17855358
  35.327         -5.83859253         -5.83859253         -9.26517200         -9.26517200         -9.26517200
  35.381         -5.46530533         -5.46530533         -9.33898258         -9.33898258         -9.33898258
  35.434         -5.16992664         -5.16992664         -9.39852047         -9.39852047         -9.39852047
  35.488         -4.96070290         -4.96070290         -9.44269753         -9.44269753         -9.44269753
  35.542         -4.84408045         -4.84408045         -9.47076225         -9.47076225         -9.47076225
  35.596         -4.82387018         -4.82387018         -9.48225975         -9.48225975         -9.48225975
  35.649         -4.90074444         -4.90074444         -9.47700977         -9.47700977         -9.47700977
  35.703         -5.07213593         -5.07213593         -9.45508671         -9.45508671         -9.45508671
  35.757         -5.33258820         -5.33258820         -9.41683102         -9.41683102         -9.41683102
  35.811         -5.67448139         -5.67448139         -9.36286926         -9.36286926         -9.36286926
  35.865         -6.08895206         -6.08895206         -9.29414558         -9.29414558         -9.29414558
  35.918         -6.56683683         -6.56683683         -9.21196747         -9.21196747         -9.21196747
  35.972         -7.09934044         -7.09934044         -9.11803246         -9.11803246         -9.11803246
  36.026         -7.67817831         -7.67817831         -9.01444149         -9.01444149         -9.01444149
  36.080         -8.29506302         -8.29506302         -8.90367317         -8.90367317         -8.90367317
  36.133         -8.94059086         -8.94059086         -8.78852367         -8.78852367         -8.78852367
  36.187         -9.60285950         -9.60285950         -8.67201996         -8.67201996         -8.67201996
  36.241        -10.26633549        -10.26633549         -8.55731678         -8.55731678         -8.55731678
  36.295        -10.91152668        -10.91152668         -8.44759083         -8.44759083         -8.44759083
  36.348        -11.51578331        -11.51578331         -8.34595013         -8.34595013         -8.34595013
  36.402        -12.05507183        -12.05507183         -8.25534344         -8.25534344         -8.25534344
  36.456        -12.50628090        -12.50628090         -8.17847824         -8.17847824         -8.17847824
  36.510        -12.84942627        -12.84942627         -8.11772728         -8.11772728         -8.11772728
  36.564        -13.06922436        -13.06922436         -8.07502556         -8.07502556         -8.07502556
  36.617        -13.15599155        -13.15599155         -8.05177212         -8.05177212         -8.05177212
  36.671        -13.10591888        -13.10591888         -8.04874134         -8.04874134         -8.04874134
  36.725        -12.92118549        -12.92118549         -8.06602669         -8.06602669         -8.06602669
  36.779        -12.60988903        -12.60988903         -8.10303783         -8.10303783         -8.10303783
  36.832        -12.18584156        -12.18584156         -8.15853596         -8.15853596         -8.15853596
  36.886        -11.66787910        -11.66787910         -8.23072433         -8.23072433         -8.23072433
  36.940        -11.07845116        -11.07845116         -8.31733799         -8.31733799         -8.31733799
  36.994        -10.44157600        -10.44157600         -8.41575241         -8.41575241         -8.41575241
  37.047         -9.78049660         -9.78049660         -8.49338722         -8.49338722         -8.49338722
  37.101         -9.11568832         -9.11568832         -8.57685947         -8.57685947         -8.57685947
  37.155         -8.46377373         -8.46377373         -8.66299915         -8.66299915         -8.66299915
  37.209         -7.83756733         -7.83756733         -8.74863720         -8.74863720         -8.74863720
  37.263         -7.24700737         -7.24700737         -8.83070087         -8.83070087         -8.83070087
  37.316         -6.70055771         -6.70055771         -8.90632153         -8.90632153         -8.90632153
  37.370         -6.20642805         -6.20642805         -8.97292614         -8.97292614         -8.97292614
  37.424         -5.77326012         -5.77326012         -9.02830791         -9.02830791         -9.02830791
  37.478         -5.41016674         -5.41016674         -9.07065868         -9.07065868         -9.07065868
  37.531         -5.12617493         -5.12617493         -9.09856701         -9.09856701         -9.09856701
  37.585         -4.92934608         -4.92934608         -9.11099243         -9.11099243         -9.11099243
  37.639         -4.82580853         -4.82580853         -9.10722637         -9.10722637         -9.10722637
  37.693         -4.81896639         -4.81896639         -9.08685398         -9.08685398         -9.08685398
  37.747         -4.90904379         -4.90904379         -9.04972839         -9.04972839         -9.04972839
  37.800         -5.09305477         -5.09305477         -8.99596119         -8.99596119         -8.99596119
  37.854         -5.36519814         -5.36519814         -8.92592907         -8.92592907         -8.92592907
  37.908         -5.71761656         -5.71761656         -8.84029865         -8.84029865         -8.84029865
  37.962         -6.14136553         -6.14136553         -8.74006367         -8.74006367         -8.74006367
  38.015         -6.62729931         -6.62729931         -8.62658119         -8.62658119         -8.62658119
  38.069         -7.16669846         -7.16669846         -8.50160599         -8.50160599         -8.50160599
  38.123         -7.75131893         -7.75131893         -8.36729145         -8.36729145         -8.36729145
  38.177         -8.37280178         -8.37280178         -8.22616291         -8.22616291         -8.22616291
  38.230         -9.02148438         -9.02148438         -8.08105564         -8.08105564         -8.08105564
  38.284         -9.68501663         -9.68501663         -7.93501854         -7.93501854         -7.93501854
  38.338        -10.34731960        -10.34731960         -7.79121590         -7.79121590         -7.79121590
  38.392        -10.98841476        -10.98841476         -7.65282106         -7.65282106         -7.65282106
  38.446        -11.58533096        -11.58533096         -7.52292442         -7.52292442         -7.52292442
  38.499        -12.11401081        -12.11401081         -7.40444756         -7.40444756         -7.40444756
  38.553        -12.55166435        -12.55166435         -7.30005741         -7.30005741         -7.30005741
  38.607        -12.87886620        -12.87886620         -7.21207285         -7.21207285         -7.21207285
  38.661        -13.08106232        -13.08106232         -7.14236259         -7.14236259         -7.14236259
