  0.000    0.000    0.010    0.025    0.050    0.100    0.200    0.500    1.000    2.000    5.000
  0.000   -0.005   -0.198   -0.488   -0.970   -1.936   -3.866   -9.658  -19.312  -38.622  -96.520
  0.054   -0.005   -0.198   -0.487   -0.968   -1.930   -3.855   -9.631  -19.259  -38.515  -96.285
  0.108   -0.005   -0.197   -0.485   -0.965   -1.926   -3.845   -9.605  -19.206  -38.409  -96.014
  0.161   -0.005   -0.197   -0.484   -0.962   -1.920   -3.833   -9.578  -19.152  -38.278  -95.724
  0.215   -0.005   -0.196   -0.482   -0.960   -1.914   -3.822   -9.551  -19.098  -38.172  -95.453
  0.269   -0.005   -0.196   -0.481   -0.957   -1.909   -3.813   -9.523  -19.045  -38.065  -95.181
  0.323   -0.005   -0.195   -0.480   -0.955   -1.903   -3.801   -9.497  -18.980  -37.959  -94.892
  0.376   -0.005   -0.194   -0.478   -0.952   -1.898   -3.792   -9.470  -18.927  -37.851  -94.619
  0.430   -0.005   -0.194   -0.477   -0.949   -1.893   -3.780   -9.443  -18.873  -37.745  -94.386
  0.484   -0.005   -0.193   -0.476   -0.946   -1.887   -3.768   -9.417  -18.820  -37.638  -94.114
  0.538   -0.005   -0.193   -0.474   -0.943   -1.882   -3.759   -9.390  -18.766  -37.532  -93.816
  0.591   -0.005   -0.192   -0.473   -0.941   -1.877   -3.747   -9.363  -18.713  -37.419  -93.544
  0.645   -0.005   -0.192   -0.472   -0.938   -1.871   -3.736   -9.337  -18.660  -37.313  -93.311
  0.699   -0.005   -0.191   -0.470   -0.935   -1.866   -3.727   -9.304  -18.606  -37.206  -93.036
  0.753   -0.005   -0.191   -0.469   -0.933   -1.860   -3.714   -9.277  -18.550  -37.099  -92.750
  0.807   -0.005   -0.190   -0.468   -0.930   -1.854   -3.705   -9.251  -18.497  -36.992  -92.477
  0.860   -0.005   -0.190   -0.466   -0.927   -1.850   -3.694   -9.224  -18.444  -36.885  -92.204
  0.914   -0.005   -0.189   -0.465   -0.925   -1.844   -3.682   -9.197  -18.390  -36.778  -91.919
  0.968   -0.005   -0.189   -0.463   -0.922   -1.839   -3.672   -9.170  -18.336  -36.672  -91.646
  1.022   -0.005   -0.188   -0.462   -0.919   -1.834   -3.661   -9.144  -18.283  -36.566  -91.410
  1.075   -0.005   -0.187   -0.461   -0.917   -1.828   -3.649   -9.116  -18.230  -36.459  -91.136
  1.129   -0.005   -0.187   -0.459   -0.914   -1.823   -3.640   -9.089  -18.177  -36.352  -90.853
  1.183   -0.005   -0.186   -0.458   -0.911   -1.817   -3.628   -9.062  -18.123  -36.244  -90.569
  1.237   -0.005   -0.186   -0.457   -0.908   -1.811   -3.619   -9.036  -18.070  -36.138  -90.335
  1.290   -0.005   -0.185   -0.455   -0.906   -1.806   -3.607   -9.009  -18.017  -36.031  -90.060
  1.344   -0.005   -0.185   -0.454   -0.903   -1.800   -3.596   -8.982  -17.964  -35.925  -89.776
  1.398   -0.005   -0.184   -0.453   -0.900   -1.795   -3.586   -8.955  -17.910  -35.812  -89.501
  1.452   -0.005   -0.184   -0.452   -0.897   -1.790   -3.574   -8.929  -17.856  -35.705  -89.267
  1.506   -0.005   -0.183   -0.450   -0.895   -1.784   -3.563   -8.902  -17.803  -35.599  -88.946
  1.559   -0.005   -0.183   -0.449   -0.892   -1.779   -3.554   -8.876  -17.750  -35.492  -88.670
  1.613   -0.005   -0.182   -0.447   -0.890   -1.774   -3.541   -8.849  -17.693  -35.384  -88.436
  1.667   -0.005   -0.181   -0.446   -0.887   -1.768   -3.532   -8.822  -17.640  -35.278  -88.158
  1.721   -0.005   -0.181   -0.445   -0.884   -1.763   -3.521   -8.795  -17.587  -35.171  -87.879
  1.774   -0.005   -0.180   -0.443   -0.882   -1.757   -3.509   -8.769  -17.533  -35.064  -87.603
  1.828   -0.005   -0.180   -0.442   -0.879   -1.752   -3.500   -8.742  -17.479  -34.931  -87.359
  1.882   -0.005   -0.179   -0.441   -0.876   -1.747   -3.488   -8.715  -17.426  -34.825  -87.081
  1.936   -0.005   -0.179   -0.439   -0.873   -1.741   -3.477   -8.687  -17.373  -34.718  -86.805
  1.989   -0.005   -0.178   -0.438   -0.870   -1.736   -3.467   -8.661  -17.306  -34.612  -86.525
  2.043   -0.005   -0.178   -0.437   -0.868   -1.731   -3.455   -8.634  -17.253  -34.504  -86.291
  2.097   -0.005   -0.177   -0.435   -0.865   -1.725   -3.446   -8.607  -17.200  -34.397  -86.013
  2.151   -0.005   -0.177   -0.434   -0.862   -1.720   -3.435   -8.580  -17.146  -34.291  -85.695
  2.205   -0.005   -0.176   -0.433   -0.860   -1.714   -3.423   -8.554  -17.092  -34.184  -85.460
  2.258   -0.005   -0.176   -0.431   -0.857   -1.708   -3.413   -8.527  -17.039  -34.071  -85.182
  2.312   -0.005   -0.175   -0.430   -0.854   -1.704   -3.402   -8.500  -16.986  -33.965  -84.907
  2.366   -0.005   -0.175   -0.428   -0.852   -1.698   -3.390   -8.467  -16.933  -33.858  -84.628
  2.420   -0.005   -0.174   -0.427   -0.849   -1.693   -3.381   -8.440  -16.876  -33.751  -84.393
  2.473   -0.005   -0.173   -0.426   -0.847   -1.687   -3.369   -8.414  -16.823  -33.643  -84.103
  2.527   -0.005   -0.173   -0.424   -0.844   -1.682   -3.360   -8.387  -16.769  -33.536  -83.831
  2.581   -0.005   -0.172   -0.423   -0.841   -1.677   -3.348   -8.360  -16.716  -33.430  -83.552
  2.635   -0.005   -0.172   -0.422   -0.838   -1.671   -3.337   -8.334  -16.662  -33.324  -83.314
  2.688   -0.005   -0.171   -0.420   -0.835   -1.665   -3.327   -8.307  -16.609  -33.217  -83.034
  2.742   -0.005   -0.171   -0.419   -0.833   -1.661   -3.315   -8.279  -16.556  -33.110  -82.765
  2.796   -0.005   -0.170   -0.418   -0.830   -1.654   -3.304   -8.252  -16.502  -33.004  -82.485
  2.850   -0.005   -0.170   -0.416   -0.827   -1.650   -3.295   -8.225  -16.449  -32.896  -82.204
  2.904   -0.005   -0.169   -0.415   -0.825   -1.644   -3.282   -8.199  -16.396  -32.789  -81.936
  2.957   -0.005   -0.169   -0.414   -0.822   -1.639   -3.273   -8.172  -16.343  -32.682  -81.653
  3.011   -0.005   -0.168   -0.412   -0.819   -1.633   -3.262   -8.145  -16.289  -32.576  -81.417
  3.065   -0.005   -0.167   -0.411   -0.817   -1.628   -3.250   -8.118  -16.235  -32.463  -81.124
  3.119   -0.005   -0.167   -0.409   -0.814   -1.622   -3.240   -8.092  -16.182  -32.356  -80.859
  3.172   -0.005   -0.166   -0.408   -0.811   -1.617   -3.229   -8.065  -16.129  -32.249  -80.576
  3.226   -0.005   -0.166   -0.407   -0.809   -1.611   -3.218   -8.039  -16.075  -32.143  -80.338
  3.280   -0.005   -0.165   -0.405   -0.806   -1.607   -3.208   -8.012  -16.019  -32.034  -80.055
  3.334   -0.005   -0.165   -0.404   -0.803   -1.601   -3.196   -7.985  -15.965  -31.928  -79.791
  3.388   -0.005   -0.164   -0.403   -0.801   -1.595   -3.187   -7.958  -15.912  -31.821  -79.509
  3.441   -0.005   -0.164   -0.401   -0.798   -1.590   -3.175   -7.932  -15.858  -31.715  -79.226
  3.495   -0.005   -0.163   -0.400   -0.795   -1.585   -3.164   -7.905  -15.804  -31.584  -78.964
  3.549   -0.005   -0.163   -0.399   -0.792   -1.579   -3.154   -7.878  -15.751  -31.478  -78.678
  3.603   -0.005   -0.162   -0.397   -0.789   -1.574   -3.142   -7.850  -15.698  -31.371  -78.441
  3.656   -0.005   -0.162   -0.396   -0.787   -1.568   -3.131   -7.823  -15.633  -31.265  -78.157
  3.710   -0.005   -0.161   -0.395   -0.784   -1.563   -3.122   -7.796  -15.580  -31.157  -77.885
  3.764   -0.005   -0.160   -0.393   -0.782   -1.558   -3.110   -7.770  -15.526  -31.050  -77.601
  3.818   -0.005   -0.160   -0.392   -0.779   -1.552   -3.100   -7.743  -15.473  -30.943  -77.364
  3.871   -0.005   -0.159   -0.391   -0.776   -1.547   -3.089   -7.716  -15.419  -30.829  -77.076
  3.925   -0.005   -0.159   -0.389   -0.773   -1.541   -3.078   -7.689  -15.366  -30.723  -76.819
  3.979   -0.005   -0.158   -0.388   -0.771   -1.536   -3.067   -7.657  -15.312  -30.616  -76.533
  4.033   -0.005   -0.158   -0.387   -0.768   -1.531   -3.056   -7.630  -15.259  -30.510  -76.247
  4.087   -0.005   -0.157   -0.385   -0.766   -1.525   -3.045   -7.604  -15.202  -30.401  -75.992
  4.140   -0.005   -0.157   -0.384   -0.762   -1.520   -3.035   -7.577  -15.149  -30.295  -75.705
  4.194   -0.005   -0.156   -0.383   -0.760   -1.515   -3.023   -7.550  -15.095  -30.188  -75.465
  4.248   -0.005   -0.156   -0.381   -0.757   -1.509   -3.014   -7.523  -15.042  -30.082  -75.178
  4.302   -0.005   -0.155   -0.380   -0.754   -1.504   -3.003   -7.497  -14.988  -29.975  -74.925
  4.355   -0.005   -0.154   -0.379   -0.752   -1.498   -2.991   -7.470  -14.935  -29.869  -74.625
  4.409   -0.005   -0.154   -0.377   -0.749   -1.493   -2.981   -7.442  -14.881  -29.762  -74.388
  4.463   -0.005   -0.153   -0.376   -0.746   -1.488   -2.970   -7.415  -14.828  -29.655  -74.099
  4.517   -0.005   -0.153   -0.375   -0.744   -1.482   -2.959   -7.388  -14.775  -29.547  -73.846
  4.570   -0.005   -0.152   -0.373   -0.741   -1.477   -2.949   -7.362  -14.722  -29.441  -73.558
  4.624   -0.005   -0.152   -0.372   -0.738   -1.472   -2.937   -7.335  -14.668  -29.334  -73.319
  4.678   -0.005   -0.151   -0.370   -0.736   -1.466   -2.927   -7.308  -14.615  -29.227  -73.020
  4.732   -0.005   -0.151   -0.369   -0.733   -1.461   -2.916   -7.281  -14.561  -29.113  -72.731
  4.786   -0.005   -0.150   -0.368   -0.730   -1.455   -2.905   -7.255  -14.507  -29.006  -72.492
  4.839   -0.005   -0.150   -0.366   -0.727   -1.450   -2.895   -7.228  -14.454  -28.900  -72.199
  4.893   -0.005   -0.149   -0.365   -0.725   -1.445   -2.883   -7.201  -14.397  -28.793  -71.953
  4.947   -0.005   -0.149   -0.364   -0.722   -1.439   -2.872   -7.175  -14.344  -28.685  -71.663
  5.001   -0.005   -0.148   -0.362   -0.719   -1.434   -2.863   -7.148  -14.290  -28.578  -71.411
  5.054   -0.005   -0.148   -0.361   -0.717   -1.428   -2.851   -7.121  -14.237  -28.471  -71.120
  5.108   -0.005   -0.147   -0.360   -0.714   -1.423   -2.841   -7.094  -14.183  -28.365  -70.876
  5.162   -0.005   -0.146   -0.358   -0.711   -1.417   -2.830   -7.068  -14.129  -28.238  -70.582
  5.216   -0.005   -0.146   -0.357   -0.709   -1.412   -2.819   -7.041  -14.076  -28.131  -70.342
  5.269   -0.005   -0.145   -0.355   -0.706   -1.406   -2.808   -7.012  -14.023  -28.024  -70.049
  5.323   -0.005   -0.145   -0.354   -0.703   -1.401   -2.797   -6.986  -13.960  -27.916  -69.756
  5.377   -0.005   -0.144   -0.353   -0.701   -1.395   -2.786   -6.959  -13.906  -27.810  -69.517
  5.431   -0.005   -0.144   -0.352   -0.698   -1.391   -2.776   -6.932  -13.853  -27.703  -69.223
  5.485   -0.005   -0.143   -0.350   -0.695   -1.385   -2.764   -6.905  -13.800  -27.596  -68.981
  5.538   -0.005   -0.143   -0.349   -0.693   -1.380   -2.754   -6.878  -13.745  -27.482  -68.688
  5.592   -0.005   -0.142   -0.347   -0.690   -1.374   -2.744   -6.852  -13.692  -27.375  -68.448
  5.646   -0.005   -0.142   -0.346   -0.687   -1.369   -2.732   -6.820  -13.639  -27.268  -68.142
  5.700   -0.005   -0.141   -0.345   -0.684   -1.363   -2.722   -6.794  -13.586  -27.162  -67.902
  5.753   -0.005   -0.141   -0.343   -0.682   -1.358   -2.711   -6.767  -13.528  -27.053  -67.609
  5.807   -0.005   -0.140   -0.342   -0.679   -1.352   -2.700   -6.741  -13.475  -26.947  -67.365
  5.861   -0.005   -0.139   -0.341   -0.676   -1.347   -2.690   -6.713  -13.422  -26.840  -67.074
  5.915   -0.005   -0.139   -0.339   -0.673   -1.342   -2.678   -6.687  -13.368  -26.733  -66.832
  5.968   -0.005   -0.138   -0.338   -0.671   -1.336   -2.668   -6.660  -13.314  -26.627  -66.541
  6.022   -0.005   -0.138   -0.337   -0.668   -1.331   -2.657   -6.633  -13.261  -26.520  -66.249
  6.076   -0.005   -0.137   -0.335   -0.665   -1.325   -2.646   -6.605  -13.207  -26.414  -66.008
  6.130   -0.005   -0.137   -0.334   -0.663   -1.320   -2.635   -6.578  -13.154  -26.307  -65.713
  6.184   -0.005   -0.136   -0.333   -0.660   -1.315   -2.624   -6.551  -13.101  -26.198  -65.472
  6.237   -0.005   -0.136   -0.331   -0.657   -1.309   -2.613   -6.525  -13.047  -26.092  -65.180
  6.291   -0.005   -0.135   -0.330   -0.654   -1.304   -2.604   -6.498  -12.994  -25.985  -64.925
  6.345   -0.005   -0.135   -0.329   -0.652   -1.299   -2.591   -6.471  -12.940  -25.878  -64.634
  6.399   -0.005   -0.134   -0.327   -0.649   -1.293   -2.582   -6.444  -12.887  -25.763  -64.392
  6.452   -0.005   -0.133   -0.326   -0.646   -1.288   -2.571   -6.418  -12.833  -25.657  -64.098
  6.506   -0.005   -0.133   -0.325   -0.644   -1.282   -2.560   -6.391  -12.780  -25.549  -63.856
  6.560   -0.005   -0.132   -0.323   -0.641   -1.277   -2.549   -6.364  -12.722  -25.441  -63.565
  6.614   -0.005   -0.132   -0.322   -0.638   -1.272   -2.538   -6.338  -12.669  -25.334  -63.275
  6.667   -0.005   -0.131   -0.320   -0.636   -1.266   -2.527   -6.311  -12.615  -25.227  -63.032
  6.721   -0.005   -0.131   -0.319   -0.633   -1.261   -2.517   -6.284  -12.562  -25.120  -62.742
  6.775   -0.005   -0.130   -0.318   -0.630   -1.256   -2.505   -6.257  -12.508  -24.998  -62.496
  6.829   -0.005   -0.130   -0.316   -0.628   -1.250   -2.495   -6.230  -12.454  -24.891  -62.206
  6.883   -0.005   -0.129   -0.315   -0.625   -1.244   -2.484   -6.204  -12.401  -24.785  -61.963
  6.936   -0.005   -0.129   -0.314   -0.622   -1.239   -2.473   -6.175  -12.347  -24.678  -61.659
  6.990   -0.005   -0.128   -0.312   -0.619   -1.234   -2.462   -6.148  -12.286  -24.569  -61.415
  7.044   -0.005   -0.128   -0.311   -0.617   -1.229   -2.451   -6.121  -12.233  -24.463  -61.126
  7.098   -0.005   -0.127   -0.310   -0.614   -1.223   -2.441   -6.094  -12.180  -24.356  -60.879
  7.151   -0.005   -0.126   -0.308   -0.611   -1.218   -2.429   -6.068  -12.127  -24.250  -60.589
  7.205   -0.005   -0.126   -0.307   -0.609   -1.212   -2.418   -6.041  -12.072  -24.134  -60.345
  7.259   -0.005   -0.125   -0.306   -0.606   -1.207   -2.408   -6.014  -12.019  -24.027  -60.057
  7.313   -0.005   -0.125   -0.304   -0.603   -1.201   -2.398   -5.984  -11.966  -23.920  -59.767
  7.366   -0.005   -0.124   -0.303   -0.601   -1.196   -2.386   -5.957  -11.912  -23.814  -59.524
  7.420   -0.005   -0.124   -0.301   -0.598   -1.191   -2.376   -5.931  -11.854  -23.705  -59.232
  7.474   -0.005   -0.123   -0.300   -0.595   -1.185   -2.365   -5.904  -11.801  -23.598  -58.987
  7.528   -0.005   -0.123   -0.299   -0.592   -1.180   -2.354   -5.877  -11.748  -23.492  -58.699
  7.582   -0.005   -0.122   -0.298   -0.590   -1.174   -2.343   -5.850  -11.694  -23.385  -58.439
  7.635   -0.005   -0.122   -0.296   -0.587   -1.169   -2.332   -5.823  -11.640  -23.279  -58.150
  7.689   -0.005   -0.121   -0.295   -0.584   -1.164   -2.322   -5.797  -11.587  -23.172  -57.905
  7.743   -0.005   -0.121   -0.293   -0.582   -1.158   -2.311   -5.768  -11.533  -23.065  -57.614
  7.797   -0.005   -0.120   -0.292   -0.579   -1.153   -2.299   -5.741  -11.480  -22.958  -57.368
  7.850   -0.005   -0.119   -0.291   -0.576   -1.147   -2.289   -5.714  -11.427  -22.850  -57.081
  7.904   -0.005   -0.119   -0.289   -0.574   -1.142   -2.279   -5.688  -11.373  -22.743  -56.794
  7.958   -0.005   -0.118   -0.288   -0.571   -1.136   -2.268   -5.661  -11.320  -22.636  -56.548
  8.012   -0.005   -0.118   -0.287   -0.568   -1.131   -2.256   -5.634  -11.265  -22.519  -56.261
  8.065   -0.005   -0.117   -0.285   -0.565   -1.126   -2.246   -5.607  -11.212  -22.413  -56.011
  8.119   -0.005   -0.117   -0.284   -0.563   -1.121   -2.235   -5.581  -11.159  -22.305  -55.724
  8.173   -0.005   -0.116   -0.283   -0.560   -1.115   -2.225   -5.554  -11.105  -22.199  -55.478
  8.227   -0.005   -0.116   -0.281   -0.557   -1.109   -2.213   -5.527  -11.047  -22.090  -55.176
  8.281   -0.005   -0.115   -0.280   -0.555   -1.104   -2.203   -5.501  -10.994  -21.983  -54.928
  8.334   -0.005   -0.115   -0.279   -0.552   -1.099   -2.192   -5.474  -10.940  -21.876  -54.642
  8.388   -0.005   -0.114   -0.277   -0.549   -1.093   -2.182   -5.447  -10.887  -21.769  -54.391
  8.442   -0.005   -0.114   -0.276   -0.546   -1.088   -2.170   -5.420  -10.832  -21.652  -54.105
  8.496   -0.005   -0.113   -0.274   -0.544   -1.083   -2.159   -5.393  -10.779  -21.546  -53.857
  8.549   -0.005   -0.112   -0.273   -0.541   -1.077   -2.149   -5.365  -10.725  -21.439  -53.573
  8.603   -0.005   -0.112   -0.272   -0.538   -1.072   -2.139   -5.337  -10.672  -21.333  -53.287
  8.657   -0.005   -0.111   -0.271   -0.536   -1.066   -2.127   -5.310  -10.614  -21.224  -53.039
  8.711   -0.005   -0.111   -0.269   -0.533   -1.061   -2.116   -5.284  -10.561  -21.117  -52.751
  8.765   -0.005   -0.110   -0.268   -0.530   -1.056   -2.106   -5.256  -10.507  -21.010  -52.502
  8.818   -0.005   -0.110   -0.266   -0.528   -1.050   -2.095   -5.230  -10.454  -20.904  -52.214
  8.872   -0.005   -0.109   -0.265   -0.525   -1.045   -2.084   -5.203  -10.399  -20.786  -51.951
  8.926   -0.005   -0.109   -0.264   -0.522   -1.039   -2.073   -5.176  -10.346  -20.680  -51.667
  8.980   -0.005   -0.108   -0.262   -0.520   -1.034   -2.063   -5.148  -10.293  -20.573  -51.418
  9.033   -0.005   -0.108   -0.261   -0.517   -1.028   -2.052   -5.121  -10.239  -20.466  -51.130
  9.087   -0.005   -0.107   -0.260   -0.514   -1.023   -2.040   -5.094  -10.181  -20.357  -50.880
  9.141   -0.005   -0.106   -0.258   -0.512   -1.018   -2.030   -5.068  -10.127  -20.250  -50.597
  9.195   -0.005   -0.106   -0.257   -0.509   -1.012   -2.020   -5.040  -10.074  -20.143  -50.314
  9.248   -0.005   -0.105   -0.256   -0.506   -1.007   -2.009   -5.014  -10.020  -20.037  -50.063
  9.302   -0.005   -0.105   -0.254   -0.503   -1.001   -1.997   -4.987   -9.966  -19.930  -49.781
  9.356   -0.005   -0.104   -0.253   -0.501   -0.996   -1.987   -4.960   -9.912  -19.823  -49.526
  9.410   -0.005   -0.104   -0.252   -0.498   -0.991   -1.976   -4.931   -9.859  -19.716  -49.243
  9.464   -0.005   -0.103   -0.250   -0.495   -0.985   -1.966   -4.904   -9.806  -19.607  -48.982
  9.517   -0.005   -0.103   -0.249   -0.492   -0.980   -1.954   -4.877   -9.752  -19.500  -48.692
  9.571   -0.005   -0.102   -0.248   -0.490   -0.975   -1.943   -4.851   -9.699  -19.393  -48.440
  9.625   -0.005   -0.102   -0.246   -0.487   -0.969   -1.933   -4.824   -9.646  -19.287  -48.158
  9.679   -0.005   -0.101   -0.245   -0.484   -0.964   -1.922   -4.797   -9.591  -19.168  -47.903
  9.732   -0.005   -0.101   -0.243   -0.482   -0.958   -1.911   -4.770   -9.538  -19.061  -47.621
  9.786   -0.005   -0.100   -0.242   -0.479   -0.953   -1.900   -4.743   -9.484  -18.954  -47.355
  9.840   -0.005   -0.099   -0.241   -0.476   -0.948   -1.890   -4.717   -9.431  -18.848  -47.088
  9.894   -0.005   -0.099   -0.239   -0.474   -0.942   -1.879   -4.690   -9.371  -18.738  -46.808
  9.947   -0.005   -0.098   -0.238   -0.471   -0.937   -1.868   -4.663   -9.318  -18.631  -46.554
 10.001   -0.005   -0.098   -0.237   -0.468   -0.931   -1.857   -4.636   -9.264  -18.524  -46.271
 10.055   -0.005   -0.097   -0.235   -0.466   -0.926   -1.847   -4.609   -9.211  -18.417  -46.017
 10.109   -0.005   -0.097   -0.234   -0.463   -0.920   -1.836   -4.583   -9.156  -18.308  -45.722
 10.163   -0.005   -0.096   -0.233   -0.460   -0.915   -1.824   -4.556   -9.103  -18.202  -45.464
 10.216   -0.005   -0.096   -0.231   -0.457   -0.910   -1.814   -4.527   -9.049  -18.095  -45.184
 10.270   -0.005   -0.095   -0.230   -0.455   -0.904   -1.804   -4.499   -8.996  -17.987  -44.928
 10.324   -0.005   -0.095   -0.229   -0.452   -0.899   -1.793   -4.473   -8.942  -17.879  -44.646
 10.378   -0.005   -0.094   -0.227   -0.449   -0.893   -1.781   -4.446   -8.888  -17.772  -44.391
 10.431   -0.005   -0.094   -0.226   -0.447   -0.888   -1.771   -4.418   -8.835  -17.665  -44.113
 10.485   -0.005   -0.093   -0.225   -0.444   -0.883   -1.760   -4.392   -8.781  -17.549  -43.836
 10.539   -0.005   -0.092   -0.223   -0.441   -0.877   -1.750   -4.365   -8.727  -17.439  -43.579
 10.593   -0.005   -0.092   -0.222   -0.439   -0.872   -1.738   -4.338   -8.674  -17.332  -43.300
 10.646   -0.005   -0.091   -0.221   -0.436   -0.867   -1.727   -4.312   -8.620  -17.225  -43.041
 10.700   -0.005   -0.091   -0.219   -0.433   -0.861   -1.717   -4.285   -8.562  -17.116  -42.762
 10.754   -0.005   -0.090   -0.218   -0.430   -0.856   -1.706   -4.258   -8.507  -17.009  -42.489
 10.808   -0.005   -0.090   -0.216   -0.428   -0.850   -1.695   -4.231   -8.454  -16.902  -42.210
 10.862   -0.005   -0.089   -0.215   -0.425   -0.845   -1.684   -4.204   -8.400  -16.795  -41.952
 10.915   -0.005   -0.089   -0.214   -0.422   -0.839   -1.674   -4.177   -8.345  -16.688  -41.674
 10.969   -0.005   -0.088   -0.212   -0.420   -0.834   -1.663   -4.151   -8.292  -16.582  -41.413
 11.023   -0.005   -0.088   -0.211   -0.417   -0.829   -1.652   -4.124   -8.238  -16.475  -41.138
 11.077   -0.005   -0.087   -0.210   -0.414   -0.823   -1.641   -4.094   -8.185  -16.368  -40.870
 11.130   -0.005   -0.086   -0.208   -0.412   -0.818   -1.631   -4.067   -8.132  -16.258  -40.604
 11.184   -0.005   -0.086   -0.207   -0.409   -0.812   -1.620   -4.041   -8.078  -16.151  -40.330
 11.238   -0.005   -0.085   -0.206   -0.406   -0.807   -1.609   -4.014   -8.025  -16.044  -40.068
 11.292   -0.005   -0.085   -0.204   -0.403   -0.802   -1.598   -3.986   -7.971  -15.933  -39.792
 11.345   -0.005   -0.084   -0.203   -0.401   -0.796   -1.588   -3.960   -7.916  -15.819  -39.523
 11.399   -0.005   -0.084   -0.202   -0.398   -0.791   -1.577   -3.933   -7.863  -15.712  -39.239
 11.453   -0.005   -0.083   -0.200   -0.395   -0.786   -1.566   -3.906   -7.809  -15.605  -38.974
 11.507   -0.005   -0.083   -0.199   -0.393   -0.780   -1.555   -3.880   -7.755  -15.497  -38.702
 11.561   -0.005   -0.082   -0.198   -0.390   -0.775   -1.544   -3.853   -7.697  -15.388  -38.437
 11.614   -0.005   -0.082   -0.196   -0.387   -0.769   -1.534   -3.826   -7.644  -15.282  -38.163
 11.668   -0.005   -0.081   -0.195   -0.385   -0.764   -1.522   -3.799   -7.590  -15.174  -37.900
 11.722   -0.005   -0.081   -0.194   -0.382   -0.759   -1.512   -3.772   -7.536  -15.068  -37.629
 11.776   -0.005   -0.080   -0.192   -0.379   -0.753   -1.501   -3.745   -7.481  -14.961  -37.360
 11.829   -0.005   -0.079   -0.191   -0.376   -0.748   -1.490   -3.718   -7.428  -14.854  -37.095
 11.883   -0.005   -0.079   -0.189   -0.374   -0.742   -1.479   -3.690   -7.374  -14.746  -36.823
 11.937   -0.005   -0.078   -0.188   -0.371   -0.737   -1.468   -3.662   -7.321  -14.638  -36.551
 11.991   -0.005   -0.078   -0.187   -0.368   -0.731   -1.458   -3.636   -7.268  -14.530  -36.275
 12.044   -0.005   -0.077   -0.185   -0.366   -0.726   -1.447   -3.609   -7.215  -14.423  -36.002
 12.098   -0.005   -0.077   -0.184   -0.363   -0.721   -1.436   -3.582   -7.161  -14.312  -35.728
 12.152   -0.005   -0.076   -0.183   -0.360   -0.715   -1.425   -3.555   -7.106  -14.201  -35.461
 12.206   -0.005   -0.076   -0.181   -0.358   -0.710   -1.415   -3.528   -7.052  -14.092  -35.191
 12.260   -0.005   -0.075   -0.180   -0.355   -0.704   -1.404   -3.501   -6.999  -13.985  -34.923
 12.313   -0.005   -0.075   -0.179   -0.352   -0.699   -1.393   -3.475   -6.944  -13.877  -34.655
 12.367   -0.005   -0.074   -0.177   -0.349   -0.694   -1.382   -3.448   -6.888  -13.768  -34.388
 12.421   -0.005   -0.074   -0.176   -0.347   -0.688   -1.371   -3.421   -6.834  -13.661  -34.120
 12.475   -0.005   -0.073   -0.175   -0.344   -0.683   -1.361   -3.394   -6.780  -13.554  -33.851
 12.528   -0.005   -0.072   -0.173   -0.341   -0.677   -1.350   -3.367   -6.726  -13.447  -33.578
 12.582   -0.005   -0.072   -0.172   -0.339   -0.672   -1.339   -3.340   -6.672  -13.340  -33.306
 12.636   -0.005   -0.071   -0.171   -0.336   -0.667   -1.328   -3.313   -6.618  -13.233  -33.034
 12.690   -0.005   -0.071   -0.169   -0.333   -0.661   -1.317   -3.286   -6.564  -13.125  -32.761
 12.743   -0.005   -0.070   -0.168   -0.331   -0.656   -1.306   -3.258   -6.511  -13.017  -32.489
 12.797   -0.005   -0.070   -0.167   -0.328   -0.650   -1.296   -3.231   -6.457  -12.909  -32.219
 12.851   -0.005   -0.069   -0.165   -0.325   -0.645   -1.285   -3.204   -6.404  -12.800  -31.950
 12.905   -0.005   -0.069   -0.164   -0.322   -0.640   -1.274   -3.177   -6.350  -12.692  -31.682
 12.959   -0.005   -0.068   -0.162   -0.320   -0.634   -1.263   -3.150   -6.296  -12.583  -31.414
 13.012   -0.005   -0.068   -0.161   -0.317   -0.629   -1.252   -3.123   -6.242  -12.474  -31.145
 13.066   -0.005   -0.067   -0.160   -0.314   -0.623   -1.242   -3.096   -6.188  -12.365  -30.875
 13.120   -0.005   -0.067   -0.158   -0.312   -0.618   -1.231   -3.069   -6.134  -12.257  -30.604
 13.174   -0.005   -0.066   -0.157   -0.309   -0.613   -1.220   -3.043   -6.079  -12.149  -30.334
 13.227   -0.005   -0.065   -0.156   -0.306   -0.607   -1.209   -3.016   -6.024  -12.041  -30.063
 13.281   -0.005   -0.065   -0.154   -0.304   -0.602   -1.198   -2.989   -5.970  -11.934  -29.792
 13.335   -0.005   -0.064   -0.153   -0.301   -0.596   -1.188   -2.962   -5.916  -11.827  -29.521
 13.389   -0.005   -0.064   -0.152   -0.298   -0.591   -1.177   -2.935   -5.862  -11.719  -29.250
 13.442   -0.005   -0.063   -0.150   -0.295   -0.586   -1.166   -2.908   -5.808  -11.611  -28.980
 13.496   -0.005   -0.063   -0.149   -0.293   -0.580   -1.155   -2.881   -5.754  -11.504  -28.710
 13.550   -0.005   -0.062   -0.148   -0.290   -0.575   -1.144   -2.853   -5.701  -11.396  -28.439
 13.604   -0.005   -0.062   -0.146   -0.287   -0.569   -1.134   -2.826   -5.647  -11.288  -28.170
 13.658   -0.005   -0.061   -0.145   -0.285   -0.564   -1.123   -2.799   -5.594  -11.180  -27.900
 13.711   -0.005   -0.061   -0.144   -0.282   -0.559   -1.112   -2.772   -5.540  -11.071  -27.630
 13.765   -0.005   -0.060   -0.142   -0.279   -0.553   -1.101   -2.745   -5.485  -10.963  -27.360
 13.819   -0.005   -0.060   -0.141   -0.277   -0.548   -1.090   -2.718   -5.431  -10.854  -27.091
 13.873   -0.005   -0.059   -0.140   -0.274   -0.542   -1.080   -2.691   -5.377  -10.746  -26.821
 13.926   -0.005   -0.058   -0.138   -0.271   -0.537   -1.069   -2.664   -5.323  -10.638  -26.550
 13.980   -0.005   -0.058   -0.137   -0.268   -0.532   -1.058   -2.637   -5.269  -10.530  -26.280
 14.034   -0.005   -0.057   -0.136   -0.266   -0.526   -1.047   -2.610   -5.215  -10.422  -26.009
 14.088   -0.005   -0.057   -0.134   -0.263   -0.521   -1.036   -2.584   -5.161  -10.313  -25.739
 14.141   -0.005   -0.056   -0.133   -0.260   -0.515   -1.026   -2.556   -5.106  -10.205  -25.468
 14.195   -0.005   -0.056   -0.131   -0.258   -0.510   -1.015   -2.530   -5.052  -10.098  -25.198
 14.249   -0.005   -0.055   -0.130   -0.255   -0.505   -1.004   -2.502   -4.998   -9.990  -24.927
 14.303   -0.005   -0.055   -0.129   -0.252   -0.499   -0.993   -2.475   -4.944   -9.883  -24.657
 14.357   -0.005   -0.054   -0.127   -0.250   -0.494   -0.982   -2.448   -4.891   -9.775  -24.387
 14.410   -0.005   -0.054   -0.126   -0.247   -0.488   -0.972   -2.421   -4.837   -9.667  -24.117
 14.464   -0.005   -0.053   -0.125   -0.244   -0.483   -0.961   -2.394   -4.783   -9.559  -23.847
 14.518   -0.005   -0.052   -0.123   -0.241   -0.478   -0.950   -2.367   -4.729   -9.451  -23.577
 14.572   -0.005   -0.052   -0.122   -0.239   -0.472   -0.939   -2.340   -4.675   -9.342  -23.307
 14.625   -0.005   -0.051   -0.121   -0.236   -0.467   -0.928   -2.313   -4.621   -9.234  -23.037
 14.679   -0.005   -0.051   -0.119   -0.233   -0.461   -0.918   -2.286   -4.567   -9.126  -22.766
 14.733   -0.005   -0.050   -0.118   -0.231   -0.456   -0.907   -2.259   -4.513   -9.018  -22.496
 14.787   -0.005   -0.050   -0.117   -0.228   -0.451   -0.896   -2.232   -4.459   -8.910  -22.227
 14.841   -0.005   -0.049   -0.115   -0.225   -0.445   -0.885   -2.205   -4.405   -8.802  -21.956
 14.894   -0.005   -0.049   -0.114   -0.223   -0.440   -0.874   -2.178   -4.351   -8.694  -21.686
 14.948   -0.005   -0.048   -0.113   -0.220   -0.434   -0.864   -2.151   -4.297   -8.586  -21.416
 15.002   -0.005   -0.048   -0.111   -0.217   -0.429   -0.853   -2.124   -4.243   -8.478  -21.146
 15.056   -0.005   -0.047   -0.110   -0.214   -0.424   -0.842   -2.097   -4.189   -8.370  -20.875
 15.109   -0.005   -0.047   -0.109   -0.212   -0.418   -0.831   -2.070   -4.135   -8.262  -20.605
 15.163   -0.005   -0.046   -0.107   -0.209   -0.413   -0.820   -2.043   -4.081   -8.154  -20.334
 15.217   -0.005   -0.045   -0.106   -0.206   -0.407   -0.810   -2.016   -4.027   -8.046  -20.064
 15.271   -0.005   -0.045   -0.104   -0.204   -0.402   -0.799   -1.989   -3.973   -7.938  -19.794
 15.324   -0.005   -0.044   -0.103   -0.201   -0.397   -0.788   -1.962   -3.919   -7.830  -19.524
 15.378   -0.005   -0.044   -0.102   -0.198   -0.391   -0.777   -1.935   -3.865   -7.722  -19.254
 15.432   -0.005   -0.043   -0.100   -0.196   -0.386   -0.766   -1.908   -3.811   -7.614  -18.983
 15.486   -0.005   -0.043   -0.099   -0.193   -0.380   -0.756   -1.881   -3.757   -7.506  -18.713
 15.540   -0.005   -0.042   -0.098   -0.190   -0.375   -0.745   -1.854   -3.703   -7.398  -18.443
 15.593   -0.005   -0.042   -0.096   -0.187   -0.370   -0.734   -1.827   -3.649   -7.290  -18.173
 15.647   -0.005   -0.041   -0.095   -0.185   -0.364   -0.723   -1.800   -3.595   -7.182  -17.903
 15.701   -0.005   -0.041   -0.094   -0.182   -0.359   -0.712   -1.773   -3.541   -7.074  -17.632
 15.755   -0.005   -0.040   -0.092   -0.179   -0.353   -0.702   -1.746   -3.487   -6.966  -17.362
 15.808   -0.005   -0.040   -0.091   -0.177   -0.348   -0.691   -1.719   -3.433   -6.858  -17.092
 15.862   -0.005   -0.039   -0.090   -0.174   -0.343   -0.680   -1.692   -3.379   -6.750  -16.822
 15.916   -0.005   -0.038   -0.088   -0.171   -0.337   -0.669   -1.665   -3.325   -6.642  -16.552
 15.970   -0.005   -0.038   -0.087   -0.169   -0.332   -0.658   -1.638   -3.271   -6.534  -16.282
 16.023   -0.005   -0.037   -0.086   -0.166   -0.326   -0.648   -1.611   -3.217   -6.426  -16.011
 16.077   -0.005   -0.037   -0.084   -0.163   -0.321   -0.637   -1.584   -3.163   -6.318  -15.741
 16.131   -0.005   -0.036   -0.083   -0.160   -0.316   -0.626   -1.557   -3.109   -6.210  -15.471
 16.185   -0.005   -0.036   -0.082   -0.158   -0.310   -0.615   -1.530   -3.055   -6.101  -15.201
 16.239   -0.005   -0.035   -0.080   -0.155   -0.305   -0.604   -1.503   -3.001   -5.993  -14.931
 16.292   -0.005   -0.035   -0.079   -0.152   -0.299   -0.594   -1.476   -2.947   -5.885  -14.660
 16.346   -0.005   -0.034   -0.077   -0.150   -0.294   -0.583   -1.449   -2.893   -5.777  -14.390
 16.400   -0.005   -0.034   -0.076   -0.147   -0.289   -0.572   -1.422   -2.839   -5.669  -14.120
 16.454   -0.005   -0.033   -0.075   -0.144   -0.283   -0.561   -1.395   -2.785   -5.561  -13.850
 16.507   -0.005   -0.033   -0.073   -0.142   -0.278   -0.550   -1.368   -2.731   -5.453  -13.580
 16.561   -0.005   -0.032   -0.072   -0.139   -0.272   -0.540   -1.341   -2.677   -5.345  -13.309
 16.615   -0.005   -0.031   -0.071   -0.136   -0.267   -0.529   -1.314   -2.622   -5.237  -13.039
 16.669   -0.005   -0.031   -0.069   -0.133   -0.262   -0.518   -1.287   -2.569   -5.129  -12.769
 16.722   -0.005   -0.030   -0.068   -0.131   -0.256   -0.507   -1.260   -2.515   -5.021  -12.499
 16.776   -0.005   -0.030   -0.067   -0.128   -0.251   -0.496   -1.233   -2.461   -4.913  -12.229
 16.830   -0.005   -0.029   -0.065   -0.125   -0.245   -0.486   -1.206   -2.407   -4.805  -11.959
 16.884   -0.005   -0.029   -0.064   -0.123   -0.240   -0.475   -1.179   -2.353   -4.697  -11.689
 16.938   -0.005   -0.028   -0.063   -0.120   -0.235   -0.464   -1.152   -2.299   -4.589  -11.419
 16.991   -0.005   -0.028   -0.061   -0.117   -0.229   -0.453   -1.125   -2.245   -4.481  -11.149
 17.045   -0.005   -0.027   -0.060   -0.115   -0.224   -0.443   -1.098   -2.191   -4.373  -10.879
 17.099   -0.005   -0.027   -0.059   -0.112   -0.219   -0.432   -1.071   -2.137   -4.266  -10.609
 17.153   -0.005   -0.026   -0.057   -0.109   -0.213   -0.421   -1.044   -2.083   -4.158  -10.339
 17.206   -0.006   -0.026   -0.056   -0.107   -0.208   -0.410   -1.017   -2.029   -4.050  -10.070
 17.260   -0.006   -0.025   -0.055   -0.104   -0.203   -0.400   -0.991   -1.975   -3.942   -9.800
 17.314   -0.006   -0.025   -0.054   -0.102   -0.197   -0.389   -0.964   -1.921   -3.834   -9.531
 17.368   -0.006   -0.025   -0.053   -0.099   -0.192   -0.378   -0.937   -1.868   -3.727   -9.262
 17.421   -0.006   -0.024   -0.051   -0.097   -0.187   -0.368   -0.910   -1.814   -3.619   -8.993
 17.475   -0.007   -0.024   -0.050   -0.094   -0.182   -0.357   -0.884   -1.760   -3.512   -8.725
 17.529   -0.007   -0.024   -0.050   -0.092   -0.177   -0.347   -0.857   -1.707   -3.405   -8.457
 17.583   -0.008   -0.024   -0.049   -0.090   -0.172   -0.337   -0.831   -1.654   -3.298   -8.189
 17.637   -0.008   -0.024   -0.048   -0.088   -0.168   -0.327   -0.805   -1.601   -3.191   -7.922
 17.690   -0.009   -0.025   -0.048   -0.086   -0.163   -0.317   -0.779   -1.548   -3.084   -7.656
 17.744   -0.010   -0.025   -0.047   -0.084   -0.159   -0.307   -0.753   -1.495   -2.978   -7.390
 17.798   -0.012   -0.026   -0.047   -0.083   -0.155   -0.298   -0.727   -1.443   -2.873   -7.125
 17.852   -0.013   -0.027   -0.048   -0.082   -0.151   -0.289   -0.702   -1.391   -2.767   -6.861
 17.905   -0.015   -0.029   -0.048   -0.082   -0.148   -0.280   -0.678   -1.340   -2.663   -6.598
 17.959   -0.018   -0.031   -0.050   -0.081   -0.145   -0.272   -0.654   -1.289   -2.559   -6.336
 18.013   -0.021   -0.033   -0.052   -0.082   -0.143   -0.265   -0.630   -1.239   -2.456   -6.075
 18.067   -0.025   -0.037   -0.054   -0.083   -0.141   -0.258   -0.607   -1.190   -2.353   -5.816
 18.120   -0.029   -0.041   -0.057   -0.085   -0.141   -0.252   -0.585   -1.141   -2.252   -5.558
 18.174   -0.035   -0.045   -0.061   -0.088   -0.141   -0.247   -0.564   -1.094   -2.152   -5.303
 18.228   -0.041   -0.051   -0.066   -0.091   -0.142   -0.242   -0.544   -1.047   -2.053   -5.049
 18.282   -0.048   -0.058   -0.072   -0.096   -0.143   -0.239   -0.525   -1.002   -1.955   -4.797
 18.336   -0.056   -0.065   -0.078   -0.101   -0.146   -0.236   -0.506   -0.957   -1.859   -4.547
 18.389   -0.064   -0.072   -0.085   -0.106   -0.148   -0.233   -0.488   -0.913   -1.763   -4.298
 18.443   -0.072   -0.080   -0.092   -0.112   -0.151   -0.231   -0.470   -0.869   -1.668   -4.051
 18.497   -0.080   -0.087   -0.099   -0.117   -0.154   -0.229   -0.453   -0.826   -1.573   -3.805
 18.551   -0.088   -0.094   -0.105   -0.122   -0.157   -0.226   -0.434   -0.782   -1.478   -3.561
 18.604   -0.094   -0.101   -0.110   -0.126   -0.159   -0.223   -0.416   -0.738   -1.383   -3.317
 18.658   -0.100   -0.106   -0.115   -0.130   -0.159   -0.219   -0.396   -0.693   -1.288   -3.073
 18.712   -0.105   -0.111   -0.119   -0.132   -0.159   -0.213   -0.376   -0.647   -1.192   -2.830
 18.766   -0.109   -0.114   -0.121   -0.134   -0.158   -0.207   -0.355   -0.601   -1.096   -2.587
 18.819   -0.112   -0.116   -0.123   -0.134   -0.156   -0.200   -0.332   -0.554   -0.999   -2.345
 18.873   -0.114   -0.118   -0.124   -0.134   -0.153   -0.192   -0.310   -0.506   -0.902   -2.103
 18.927   -0.115   -0.119   -0.124   -0.132   -0.149   -0.184   -0.286   -0.458   -0.805   -1.861
 18.981   -0.116   -0.119   -0.123   -0.131   -0.145   -0.175   -0.262   -0.410   -0.708   -1.620
 19.035   -0.117   -0.119   -0.123   -0.129   -0.141   -0.165   -0.238   -0.362   -0.611   -1.379
 19.088   -0.117   -0.119   -0.122   -0.126   -0.136   -0.156   -0.214   -0.313   -0.514   -1.139
 19.142   -0.117   -0.118   -0.121   -0.124   -0.131   -0.146   -0.190   -0.265   -0.417   -0.899
 19.196   -0.117   -0.118   -0.119   -0.122   -0.127   -0.136   -0.166   -0.217   -0.321   -0.660
 19.250   -0.117   -0.117   -0.118   -0.119   -0.122   -0.127   -0.142   -0.168   -0.225   -0.420
 19.303   -0.117   -0.117   -0.117   -0.117   -0.117   -0.117   -0.118   -0.120   -0.128   -0.181
 19.357   -0.117   -0.116   -0.116   -0.115   -0.112   -0.107   -0.094   -0.072   -0.032    0.058
 19.411   -0.117   -0.116   -0.115   -0.112   -0.107   -0.098   -0.070   -0.023    0.065    0.297
 19.465   -0.117   -0.115   -0.113   -0.110   -0.102   -0.088   -0.045    0.025    0.162    0.538
 19.518   -0.117   -0.115   -0.112   -0.107   -0.097   -0.078   -0.021    0.074    0.259    0.779
 19.572   -0.116   -0.114   -0.110   -0.104   -0.092   -0.068    0.004    0.123    0.357    1.021
 19.626   -0.116   -0.113   -0.109   -0.101   -0.087   -0.058    0.029    0.172    0.455    1.264
 19.680   -0.115   -0.112   -0.107   -0.098   -0.081   -0.047    0.054    0.222    0.555    1.510
 19.734   -0.114   -0.110   -0.104   -0.094   -0.075   -0.036    0.080    0.273    0.655    1.757
 19.787   -0.112   -0.107   -0.101   -0.090   -0.068   -0.024    0.107    0.325    0.757    2.007
 19.841   -0.109   -0.104   -0.096   -0.084   -0.060   -0.011    0.136    0.378    0.860    2.260
 19.895   -0.104   -0.099   -0.091   -0.078   -0.051    0.003    0.165    0.433    0.965    2.515
 19.949   -0.099   -0.093   -0.085   -0.070   -0.040    0.019    0.195    0.489    1.072    2.774
 20.002   -0.093   -0.087   -0.077   -0.061   -0.029    0.035    0.227    0.546    1.181    3.035
 20.056   -0.086   -0.079   -0.069   -0.052   -0.017    0.052    0.260    0.605    1.290    3.299
 20.110   -0.078   -0.071   -0.060   -0.041   -0.004    0.070    0.293    0.664    1.402    3.565
 20.164   -0.070   -0.062   -0.050   -0.031    0.009    0.089    0.327    0.724    1.514    3.833
 20.218   -0.062   -0.054   -0.041   -0.020    0.023    0.107    0.361    0.784    1.626    4.103
 20.271   -0.054   -0.045   -0.032   -0.009    0.036    0.126    0.396    0.845    1.739    4.374
 20.325   -0.047   -0.037   -0.023    0.001    0.049    0.144    0.429    0.905    1.852    4.646
 20.379   -0.040   -0.030   -0.015    0.010    0.061    0.161    0.463    0.964    1.965    4.918
 20.433   -0.034   -0.023   -0.007    0.019    0.072    0.178    0.495    1.023    2.077    5.190
 20.486   -0.029   -0.017   -0.001    0.027    0.083    0.194    0.527    1.082    2.189    5.462
 20.540   -0.024   -0.013    0.005    0.034    0.092    0.209    0.558    1.139    2.300    5.734
 20.594   -0.020   -0.008    0.010    0.040    0.101    0.223    0.588    1.196    2.410    6.006
 20.648   -0.017   -0.005    0.014    0.046    0.110    0.237    0.618    1.253    2.520    6.277
 20.701   -0.015   -0.002    0.018    0.051    0.117    0.250    0.647    1.309    2.630    6.548
 20.755   -0.013    0.001    0.022    0.056    0.125    0.263    0.676    1.364    2.739    6.819
 20.809   -0.011    0.003    0.024    0.060    0.132    0.275    0.704    1.420    2.848    7.090
 20.863   -0.010    0.005    0.027    0.064    0.139    0.287    0.733    1.475    2.957    7.360
 20.917   -0.009    0.006    0.030    0.068    0.145    0.299    0.760    1.530    3.066    7.631
 20.970   -0.008    0.008    0.032    0.072    0.151    0.310    0.788    1.584    3.174    7.901
 21.024   -0.007    0.009    0.034    0.075    0.157    0.322    0.816    1.639    3.282    8.172
 21.078   -0.007    0.010    0.036    0.078    0.163    0.333    0.843    1.693    3.391    8.442
 21.132   -0.007    0.011    0.037    0.081    0.169    0.344    0.871    1.747    3.499    8.712
 21.185   -0.006    0.012    0.039    0.084    0.175    0.355    0.898    1.802    3.607    8.983
 21.239   -0.006    0.013    0.041    0.087    0.180    0.366    0.925    1.856    3.715    9.253
 21.293   -0.006    0.013    0.042    0.090    0.186    0.377    0.952    1.910    3.823    9.523
 21.347   -0.006    0.014    0.044    0.093    0.191    0.388    0.979    1.964    3.932    9.793
 21.400   -0.006    0.015    0.045    0.096    0.197    0.399    1.006    2.018    4.040   10.064
 21.454   -0.005    0.015    0.046    0.098    0.202    0.410    1.033    2.072    4.148   10.334
 21.508   -0.005    0.016    0.048    0.101    0.208    0.421    1.060    2.126    4.256   10.604
 21.562   -0.005    0.016    0.049    0.104    0.213    0.432    1.088    2.180    4.364   10.874
 21.616   -0.005    0.017    0.051    0.107    0.219    0.443    1.115    2.234    4.472   11.144
 21.669   -0.005    0.018    0.052    0.109    0.224    0.453    1.142    2.288    4.580   11.415
 21.723   -0.005    0.018    0.053    0.112    0.229    0.464    1.169    2.342    4.688   11.685
 21.777   -0.005    0.019    0.055    0.115    0.235    0.475    1.196    2.396    4.796   11.955
 21.831   -0.005    0.019    0.056    0.118    0.240    0.486    1.223    2.450    4.904   12.225
 21.884   -0.005    0.020    0.057    0.120    0.246    0.497    1.250    2.504    5.012   12.495
 21.938   -0.005    0.020    0.059    0.123    0.251    0.507    1.277    2.558    5.120   12.766
 21.992   -0.005    0.021    0.060    0.126    0.257    0.518    1.304    2.612    5.228   13.036
 22.046   -0.005    0.021    0.062    0.128    0.262    0.529    1.331    2.666    5.336   13.306
 22.099   -0.005    0.022    0.063    0.131    0.267    0.540    1.358    2.720    5.444   13.576
 22.153   -0.005    0.023    0.064    0.134    0.273    0.551    1.385    2.774    5.552   13.847
 22.207   -0.005    0.023    0.066    0.136    0.278    0.562    1.412    2.828    5.660   14.117
 22.261   -0.005    0.024    0.067    0.139    0.284    0.572    1.439    2.882    5.768   14.387
 22.315   -0.005    0.024    0.068    0.142    0.289    0.583    1.466    2.936    5.876   14.657
 22.368   -0.005    0.025    0.070    0.145    0.294    0.594    1.493    2.990    5.984   14.927
 22.422   -0.005    0.025    0.071    0.147    0.300    0.605    1.520    3.044    6.092   15.197
 22.476   -0.005    0.026    0.072    0.150    0.305    0.616    1.547    3.098    6.200   15.468
 22.530   -0.005    0.026    0.074    0.153    0.311    0.626    1.574    3.152    6.308   15.738
 22.583   -0.005    0.027    0.075    0.155    0.316    0.637    1.601    3.206    6.416   16.008
 22.637   -0.005    0.027    0.076    0.158    0.321    0.648    1.628    3.260    6.524   16.278
 22.691   -0.005    0.028    0.078    0.161    0.327    0.659    1.655    3.314    6.632   16.549
 22.745   -0.005    0.028    0.079    0.163    0.332    0.670    1.682    3.368    6.740   16.819
 22.798   -0.005    0.029    0.080    0.166    0.338    0.680    1.709    3.422    6.848   17.089
 22.852   -0.005    0.030    0.082    0.169    0.343    0.691    1.736    3.476    6.956   17.359
 22.906   -0.005    0.030    0.083    0.172    0.348    0.702    1.763    3.530    7.064   17.629
 22.960   -0.005    0.031    0.084    0.174    0.354    0.713    1.790    3.584    7.172   17.899
 23.014   -0.005    0.031    0.086    0.177    0.359    0.724    1.817    3.638    7.280   18.170
 23.067   -0.005    0.032    0.087    0.180    0.365    0.734    1.844    3.692    7.388   18.440
 23.121   -0.005    0.032    0.089    0.182    0.370    0.745    1.871    3.746    7.496   18.710
 23.175   -0.005    0.033    0.090    0.185    0.375    0.756    1.898    3.801    7.604   18.980
 23.229   -0.005    0.033    0.091    0.188    0.381    0.767    1.925    3.855    7.713   19.250
 23.282   -0.005    0.034    0.093    0.190    0.386    0.778    1.952    3.909    7.821   19.520
 23.336   -0.005    0.034    0.094    0.193    0.392    0.788    1.979    3.963    7.929   19.791
 23.390   -0.005    0.035    0.095    0.196    0.397    0.799    2.006    4.017    8.037   20.061
 23.444   -0.005    0.036    0.097    0.199    0.402    0.810    2.033    4.071    8.145   20.331
 23.497   -0.005    0.036    0.098    0.201    0.408    0.821    2.060    4.125    8.253   20.601
 23.551   -0.005    0.037    0.099    0.204    0.413    0.832    2.087    4.179    8.361   20.872
 23.605   -0.005    0.037    0.101    0.207    0.419    0.842    2.114    4.233    8.469   21.142
 23.659   -0.005    0.038    0.102    0.209    0.424    0.853    2.141    4.287    8.577   21.413
 23.713   -0.005    0.038    0.103    0.212    0.429    0.864    2.168    4.341    8.685   21.683
 23.766   -0.005    0.039    0.105    0.215    0.435    0.875    2.195    4.395    8.793   21.953
 23.820   -0.005    0.039    0.106    0.217    0.440    0.886    2.222    4.449    8.901   22.223
 23.874   -0.005    0.040    0.107    0.220    0.446    0.896    2.249    4.503    9.009   22.493
 23.928   -0.005    0.040    0.109    0.223    0.451    0.907    2.276    4.557    9.117   22.763
 23.981   -0.005    0.041    0.110    0.226    0.456    0.918    2.303    4.611    9.225   23.033
 24.035   -0.005    0.041    0.112    0.228    0.462    0.929    2.330    4.665    9.333   23.304
 24.089   -0.005    0.042    0.113    0.231    0.467    0.940    2.357    4.719    9.441   23.574
 24.143   -0.005    0.043    0.114    0.234    0.473    0.950    2.384    4.773    9.549   23.844
 24.196   -0.005    0.043    0.116    0.236    0.478    0.961    2.411    4.827    9.657   24.114
 24.250   -0.005    0.044    0.117    0.239    0.483    0.972    2.438    4.881    9.765   24.384
 24.304   -0.005    0.044    0.118    0.242    0.489    0.983    2.465    4.935    9.873   24.654
 24.358   -0.005    0.045    0.120    0.244    0.494    0.994    2.492    4.989    9.981   24.924
 24.412   -0.005    0.045    0.121    0.247    0.500    1.004    2.519    5.043   10.089   25.194
 24.465   -0.005    0.046    0.122    0.250    0.505    1.015    2.546    5.097   10.197   25.464
 24.519   -0.005    0.046    0.124    0.253    0.510    1.026    2.573    5.151   10.305   25.735
 24.573   -0.005    0.047    0.125    0.255    0.516    1.037    2.600    5.205   10.413   26.005
 24.627   -0.005    0.047    0.126    0.258    0.521    1.048    2.627    5.259   10.521   26.276
 24.680   -0.005    0.048    0.128    0.261    0.527    1.058    2.654    5.313   10.629   26.547
 24.734   -0.005    0.048    0.129    0.263    0.532    1.069    2.681    5.367   10.737   26.817
 24.788   -0.005    0.049    0.130    0.266    0.537    1.080    2.708    5.420   10.845   27.088
 24.842   -0.005    0.050    0.132    0.269    0.543    1.091    2.735    5.474   10.953   27.357
 24.895   -0.005    0.050    0.133    0.271    0.548    1.102    2.762    5.529   11.061   27.627
 24.949   -0.005    0.051    0.134    0.274    0.554    1.112    2.789    5.583   11.169   27.897
 25.003   -0.005    0.051    0.136    0.277    0.559    1.123    2.816    5.637   11.277   28.167
 25.057   -0.005    0.052    0.137    0.280    0.564    1.134    2.843    5.691   11.385   28.436
 25.111   -0.005    0.052    0.139    0.282    0.570    1.145    2.870    5.745   11.493   28.706
 25.164   -0.005    0.053    0.140    0.285    0.575    1.156    2.897    5.799   11.601   28.977
 25.218   -0.005    0.053    0.141    0.288    0.581    1.166    2.924    5.853   11.710   29.247
 25.272   -0.005    0.054    0.143    0.290    0.586    1.177    2.951    5.907   11.818   29.517
 25.326   -0.005    0.054    0.144    0.293    0.591    1.188    2.978    5.961   11.926   29.788
 25.379   -0.005    0.055    0.145    0.296    0.597    1.199    3.005    6.015   12.035   30.059
 25.433   -0.005    0.056    0.147    0.298    0.602    1.210    3.032    6.069   12.142   30.330
 25.487   -0.005    0.056    0.148    0.301    0.608    1.220    3.059    6.123   12.250   30.601
 25.541   -0.005    0.057    0.149    0.304    0.613    1.231    3.086    6.177   12.357   30.871
 25.594   -0.005    0.057    0.151    0.307    0.618    1.242    3.113    6.231   12.465   31.141
 25.648   -0.005    0.058    0.152    0.309    0.624    1.253    3.140    6.285   12.573   31.412
 25.702   -0.005    0.058    0.153    0.312    0.629    1.264    3.167    6.339   12.680   31.680
 25.756   -0.005    0.059    0.155    0.315    0.635    1.274    3.194    6.393   12.788   31.949
 25.810   -0.005    0.059    0.156    0.317    0.640    1.285    3.221    6.446   12.896   32.217
 25.863   -0.005    0.060    0.157    0.320    0.645    1.296    3.248    6.500   13.004   32.486
 25.917   -0.005    0.060    0.159    0.323    0.651    1.307    3.275    6.554   13.113   32.756
 25.971   -0.005    0.061    0.160    0.325    0.656    1.318    3.302    6.608   13.222   33.029
 26.025   -0.005    0.061    0.161    0.328    0.662    1.328    3.329    6.663   13.331   33.301
 26.078   -0.005    0.062    0.163    0.331    0.667    1.339    3.356    6.717   13.439   33.574
 26.132   -0.005    0.063    0.164    0.334    0.672    1.350    3.383    6.771   13.548   33.846
 26.186   -0.005    0.063    0.166    0.336    0.678    1.361    3.410    6.826   13.656   34.118
 26.240   -0.005    0.064    0.167    0.339    0.683    1.372    3.437    6.880   13.764   34.387
 26.294   -0.005    0.064    0.168    0.342    0.689    1.382    3.464    6.934   13.871   34.654
 26.347   -0.005    0.065    0.170    0.344    0.694    1.393    3.491    6.988   13.979   34.921
 26.401   -0.005    0.065    0.171    0.347    0.699    1.404    3.518    7.042   14.085   35.189
 26.455   -0.005    0.066    0.172    0.350    0.705    1.415    3.545    7.095   14.192   35.459
 26.509   -0.005    0.066    0.174    0.352    0.710    1.426    3.572    7.149   14.300   35.726
 26.562   -0.005    0.067    0.175    0.355    0.716    1.436    3.599    7.202   14.408   35.997
 26.616   -0.005    0.067    0.176    0.358    0.721    1.447    3.626    7.256   14.515   36.269
 26.670   -0.005    0.068    0.178    0.361    0.726    1.458    3.654    7.310   14.623   36.545
 26.724   -0.005    0.068    0.179    0.363    0.732    1.469    3.680    7.364   14.732   36.817
 26.777   -0.005    0.069    0.180    0.366    0.737    1.480    3.707    7.418   14.842   37.093
 26.831   -0.005    0.070    0.182    0.369    0.743    1.491    3.734    7.472   14.952   37.358
 26.885   -0.005    0.070    0.183    0.371    0.748    1.501    3.761    7.527   15.061   37.628
 26.939   -0.005    0.071    0.184    0.374    0.753    1.512    3.788    7.581   15.169   37.897
 26.993   -0.005    0.071    0.186    0.377    0.759    1.523    3.814    7.636   15.277   38.162
 27.046   -0.005    0.072    0.187    0.379    0.764    1.534    3.841    7.691   15.385   38.435
 27.100   -0.005    0.072    0.188    0.382    0.770    1.545    3.868    7.745   15.492   38.699
 27.154   -0.005    0.073    0.190    0.385    0.775    1.555    3.895    7.799   15.599   38.974
 27.208   -0.005    0.073    0.191    0.388    0.780    1.566    3.923    7.852   15.706   39.235
 27.261   -0.005    0.074    0.193    0.390    0.786    1.577    3.950    7.906   15.813   39.515
 27.315   -0.005    0.074    0.194    0.393    0.791    1.588    3.977    7.959   15.920   39.785
 27.369   -0.005    0.075    0.195    0.396    0.797    1.598    4.005    8.013   16.027   40.066
 27.423   -0.005    0.075    0.197    0.398    0.802    1.609    4.032    8.066   16.136   40.328
 27.476   -0.005    0.076    0.198    0.401    0.807    1.620    4.059    8.120   16.243   40.604
 27.530   -0.005    0.077    0.199    0.404    0.813    1.631    4.086    8.174   16.350   40.863
 27.584   -0.005    0.077    0.201    0.407    0.818    1.641    4.112    8.228   16.461   41.137
 27.638   -0.005    0.078    0.202    0.409    0.824    1.652    4.139    8.281   16.573   41.412
 27.692   -0.005    0.078    0.203    0.412    0.829    1.664    4.166    8.335   16.683   41.671
 27.745   -0.005    0.079    0.205    0.415    0.834    1.674    4.192    8.392   16.790   41.950
 27.799   -0.005    0.079    0.206    0.417    0.840    1.685    4.219    8.447   16.898   42.209
 27.853   -0.005    0.080    0.207    0.420    0.845    1.696    4.246    8.501   17.006   42.485
 27.907   -0.005    0.080    0.209    0.423    0.851    1.707    4.273    8.555   17.113   42.750
 27.960   -0.005    0.081    0.210    0.425    0.856    1.717    4.300    8.609   17.220   43.040
 28.014   -0.005    0.081    0.211    0.428    0.862    1.728    4.327    8.663   17.326   43.297
 28.068   -0.005    0.082    0.213    0.431    0.867    1.739    4.355    8.716   17.433   43.578
 28.122   -0.005    0.083    0.214    0.434    0.872    1.750    4.383    8.769   17.540   43.835
 28.175   -0.005    0.083    0.215    0.436    0.878    1.761    4.410    8.823   17.647   44.112
 28.229   -0.005    0.084    0.217    0.439    0.883    1.771    4.437    8.876   17.756   44.383
 28.283   -0.005    0.084    0.218    0.442    0.889    1.782    4.464    8.930   17.863   44.645
 28.337   -0.005    0.085    0.220    0.444    0.894    1.793    4.491    8.984   17.970   44.924
 28.391   -0.005    0.085    0.221    0.447    0.899    1.804    4.518    9.038   18.077   45.183
 28.444   -0.005    0.086    0.222    0.450    0.905    1.814    4.544    9.091   18.193   45.463
 28.498   -0.005    0.086    0.224    0.452    0.910    1.825    4.571    9.145   18.303   45.717
 28.552   -0.005    0.087    0.225    0.455    0.915    1.836    4.598    9.201   18.409   46.007
 28.606   -0.005    0.087    0.226    0.458    0.921    1.847    4.624    9.257   18.517   46.270
 28.659   -0.005    0.088    0.228    0.460    0.926    1.857    4.651    9.311   18.625   46.550
 28.713   -0.005    0.088    0.229    0.463    0.932    1.868    4.678    9.364   18.732   46.807
 28.767   -0.005    0.089    0.230    0.466    0.937    1.880    4.705    9.419   18.839   47.088
 28.821   -0.005    0.090    0.232    0.469    0.942    1.890    4.732    9.472   18.947   47.340
 28.874   -0.005    0.090    0.233    0.471    0.948    1.901    4.760    9.525   19.056   47.620
 28.928   -0.005    0.091    0.234    0.474    0.953    1.912    4.788    9.579   19.163   47.902
 28.982   -0.005    0.091    0.236    0.477    0.958    1.923    4.815    9.634   19.270   48.154
 29.036   -0.005    0.092    0.237    0.479    0.964    1.933    4.841    9.688   19.379   48.440
 29.090   -0.005    0.092    0.238    0.482    0.970    1.944    4.869    9.741   19.486   48.692
 29.143   -0.005    0.093    0.240    0.485    0.975    1.955    4.895    9.795   19.593   48.974
 29.197   -0.005    0.093    0.241    0.488    0.980    1.966    4.922    9.849   19.700   49.241
 29.251   -0.005    0.094    0.243    0.490    0.985    1.976    4.949    9.903   19.814   49.526
 29.305   -0.005    0.094    0.244    0.493    0.991    1.987    4.977    9.956   19.925   49.776
 29.358   -0.005    0.095    0.245    0.496    0.997    1.998    5.004   10.010   20.032   50.063
 29.412   -0.005    0.095    0.247    0.498    1.002    2.009    5.030   10.069   20.139   50.313
 29.466   -0.005    0.096    0.248    0.501    1.007    2.020    5.057   10.122   20.248   50.596
 29.520   -0.005    0.097    0.249    0.504    1.013    2.030    5.084   10.176   20.354   50.879
 29.573   -0.005    0.097    0.251    0.507    1.018    2.042    5.111   10.230   20.462   51.129
 29.627   -0.005    0.098    0.252    0.509    1.023    2.053    5.138   10.283   20.568   51.413
 29.681   -0.005    0.098    0.253    0.512    1.029    2.063    5.164   10.337   20.675   51.666
 29.735   -0.005    0.099    0.255    0.515    1.034    2.073    5.194   10.390   20.781   51.951
 29.789   -0.005    0.099    0.256    0.517    1.040    2.085    5.221   10.444   20.888   52.200
 29.842   -0.005    0.100    0.257    0.520    1.045    2.096    5.247   10.497   20.995   52.501
 29.896   -0.005    0.100    0.259    0.523    1.050    2.106    5.274   10.550   21.104   52.750
 29.950   -0.005    0.101    0.260    0.525    1.056    2.117    5.301   10.604   21.210   53.035
 30.004   -0.005    0.101    0.261    0.528    1.061    2.128    5.328   10.658   21.317   53.287
 30.057   -0.005    0.102    0.263    0.531    1.066    2.139    5.355   10.711   21.424   53.572
 30.111   -0.005    0.103    0.264    0.533    1.072    2.149    5.381   10.765   21.541   53.820
 30.165   -0.005    0.103    0.265    0.536    1.078    2.160    5.408   10.818   21.648   54.104
 30.219   -0.005    0.104    0.267    0.539    1.083    2.172    5.435   10.877   21.755   54.391
 30.272   -0.005    0.104    0.268    0.541    1.088    2.182    5.461   10.930   21.863   54.638
 30.326   -0.005    0.105    0.269    0.544    1.093    2.192    5.488   10.983   21.970   54.927
 30.380   -0.005    0.105    0.271    0.547    1.099    2.203    5.515   11.037   22.077   55.175
 30.434   -0.005    0.106    0.272    0.550    1.104    2.215    5.542   11.091   22.183   55.461
 30.488   -0.005    0.106    0.274    0.552    1.110    2.225    5.569   11.144   22.301   55.724
 30.541   -0.005    0.107    0.275    0.555    1.115    2.236    5.598   11.198   22.408   56.011
 30.595   -0.005    0.107    0.276    0.558    1.121    2.246    5.624   11.251   22.515   56.257
 30.649   -0.005    0.108    0.278    0.561    1.126    2.258    5.651   11.310   22.622   56.547
 30.703   -0.005    0.108    0.279    0.563    1.131    2.268    5.678   11.364   22.731   56.794
 30.756   -0.005    0.109    0.280    0.566    1.137    2.279    5.705   11.417   22.837   57.081
 30.810   -0.005    0.110    0.282    0.569    1.143    2.289    5.731   11.470   22.944   57.367
 30.864   -0.005    0.110    0.283    0.571    1.148    2.301    5.758   11.525   23.051   57.614
 30.918   -0.005    0.111    0.284    0.574    1.153    2.312    5.785   11.578   23.167   57.901
 30.971   -0.005    0.111    0.286    0.577    1.159    2.322    5.815   11.632   23.274   58.150
 31.025   -0.005    0.112    0.287    0.579    1.164    2.332    5.841   11.685   23.381   58.438
 31.079   -0.005    0.112    0.288    0.582    1.169    2.344    5.868   11.743   23.488   58.683
 31.133   -0.005    0.113    0.290    0.585    1.175    2.355    5.895   11.797   23.596   58.986
 31.187   -0.005    0.113    0.291    0.587    1.180    2.365    5.922   11.850   23.703   59.231
 31.240   -0.005    0.114    0.292    0.590    1.186    2.376    5.949   11.904   23.810   59.520
 31.294   -0.005    0.114    0.294    0.593    1.191    2.387    5.975   11.958   23.916   59.767
 31.348   -0.005    0.115    0.295    0.596    1.196    2.398    6.002   12.011   24.023   60.056
 31.402   -0.005    0.115    0.296    0.598    1.202    2.409    6.031   12.064   24.129   60.300
 31.455   -0.005    0.116    0.298    0.601    1.207    2.419    6.058   12.118   24.236   60.588
 31.509   -0.005    0.117    0.299    0.604    1.212    2.431    6.084   12.171   24.344   60.878
 31.563   -0.005    0.117    0.301    0.606    1.218    2.441    6.112   12.224   24.452   61.122
 31.617   -0.005    0.118    0.302    0.609    1.224    2.451    6.138   12.278   24.559   61.414
 31.671   -0.005    0.118    0.303    0.612    1.229    2.462    6.165   12.332   24.665   61.658
 31.724   -0.005    0.119    0.305    0.615    1.234    2.474    6.192   12.385   24.781   61.948
 31.778   -0.005    0.119    0.306    0.617    1.239    2.485    6.218   12.439   24.887   62.205
 31.832   -0.005    0.120    0.307    0.620    1.245    2.495    6.245   12.492   24.994   62.496
 31.886   -0.005    0.120    0.309    0.623    1.250    2.505    6.272   12.550   25.101   62.738
 31.939   -0.005    0.121    0.310    0.625    1.256    2.517    6.298   12.603   25.209   63.032
 31.993   -0.005    0.121    0.311    0.628    1.261    2.527    6.325   12.656   25.316   63.275
 32.047   -0.005    0.122    0.313    0.631    1.267    2.538    6.352   12.710   25.423   63.565
 32.101   -0.005    0.122    0.314    0.633    1.272    2.549    6.379   12.764   25.529   63.855
 32.154   -0.005    0.123    0.315    0.636    1.277    2.560    6.405   12.817   25.652   64.097
 32.208   -0.005    0.124    0.317    0.639    1.282    2.571    6.434   12.871   25.759   64.388
 32.262   -0.005    0.124    0.318    0.641    1.288    2.582    6.461   12.924   25.866   64.633
 32.316   -0.005    0.125    0.319    0.644    1.293    2.592    6.488   12.986   25.972   64.925
 32.370   -0.005    0.125    0.321    0.647    1.299    2.604    6.514   13.039   26.081   65.166
 32.423   -0.005    0.126    0.322    0.649    1.304    2.614    6.541   13.093   26.188   65.471
 32.477   -0.005    0.126    0.324    0.652    1.310    2.624    6.568   13.146   26.295   65.713
 32.531   -0.005    0.127    0.325    0.655    1.315    2.635    6.595   13.200   26.401   66.004
 32.585   -0.005    0.127    0.326    0.658    1.321    2.646    6.621   13.253   26.516   66.248
 32.638   -0.005    0.128    0.328    0.660    1.326    2.657    6.652   13.307   26.623   66.540
 32.692   -0.005    0.128    0.329    0.663    1.332    2.668    6.679   13.362   26.730   66.781
 32.746   -0.005    0.129    0.330    0.666    1.337    2.678    6.706   13.418   26.836   67.073
 32.800   -0.005    0.130    0.332    0.668    1.342    2.690    6.732   13.471   26.945   67.365
 32.853   -0.005    0.130    0.333    0.671    1.348    2.700    6.760   13.524   27.051   67.606
 32.907   -0.005    0.131    0.334    0.674    1.353    2.711    6.786   13.579   27.158   67.901
 32.961   -0.005    0.131    0.336    0.677    1.359    2.722    6.813   13.632   27.265   68.142
 33.015   -0.005    0.132    0.337    0.679    1.364    2.733    6.840   13.685   27.371   68.434
 33.069   -0.005    0.132    0.338    0.682    1.369    2.744    6.868   13.739   27.478   68.687
 33.122   -0.005    0.133    0.340    0.684    1.375    2.755    6.895   13.792   27.585   68.980
 33.176   -0.005    0.133    0.341    0.687    1.380    2.764    6.922   13.845   27.693   69.220
 33.230   -0.005    0.134    0.342    0.690    1.385    2.776    6.949   13.899   27.800   69.516
 33.284   -0.005    0.134    0.344    0.693    1.391    2.786    6.975   13.952   27.906   69.756
 33.337   -0.005    0.135    0.345    0.695    1.396    2.797    7.002   14.006   28.013   70.048
 33.391   -0.005    0.135    0.346    0.698    1.402    2.808    7.029   14.059   28.127   70.341
 33.445   -0.005    0.136    0.348    0.701    1.407    2.819    7.055   14.113   28.234   70.581
 33.499   -0.005    0.137    0.349    0.704    1.412    2.830    7.082   14.166   28.341   70.873
 33.552   -0.005    0.137    0.350    0.706    1.418    2.841    7.109   14.223   28.447   71.119
 33.606   -0.005    0.138    0.352    0.709    1.423    2.851    7.135   14.276   28.556   71.411
 33.660   -0.005    0.138    0.353    0.711    1.428    2.863    7.162   14.330   28.662   71.649
 33.714   -0.005    0.139    0.355    0.714    1.434    2.872    7.189   14.383   28.769   71.952
 33.768   -0.005    0.139    0.356    0.717    1.439    2.883    7.216   14.437   28.875   72.199
 33.821   -0.005    0.140    0.357    0.720    1.445    2.895    7.242   14.490   29.003   72.492
 33.875   -0.005    0.140    0.359    0.722    1.450    2.905    7.271   14.544   29.109   72.730
 33.929   -0.005    0.141    0.360    0.725    1.455    2.916    7.298   14.597   29.216   73.020
 33.983   -0.005    0.141    0.361    0.728    1.461    2.927    7.324   14.661   29.323   73.319
 34.036   -0.005    0.142    0.363    0.731    1.466    2.937    7.351   14.714   29.431   73.557
 34.090   -0.005    0.142    0.364    0.733    1.472    2.949    7.378   14.768   29.538   73.845
 34.144   -0.005    0.143    0.365    0.736    1.477    2.959    7.405   14.821   29.644   74.099
 34.198   -0.005    0.144    0.367    0.739    1.482    2.970    7.431   14.875   29.751   74.387
 34.251   -0.005    0.144    0.368    0.741    1.488    2.981    7.458   14.929   29.865   74.625
 34.305   -0.005    0.145    0.369    0.744    1.494    2.992    7.490   14.982   29.972   74.925
 34.359   -0.005    0.145    0.371    0.747    1.498    3.003    7.517   15.039   30.079   75.177
 34.413   -0.005    0.146    0.372    0.749    1.504    3.014    7.543   15.092   30.187   75.465
 34.467   -0.005    0.146    0.373    0.752    1.509    3.023    7.570   15.146   30.293   75.705
 34.520   -0.005    0.147    0.375    0.755    1.515    3.036    7.597   15.199   30.400   75.991
 34.574   -0.005    0.147    0.376    0.757    1.520    3.045    7.624   15.253   30.507   76.247
 34.628   -0.005    0.148    0.378    0.760    1.526    3.056    7.650   15.306   30.613   76.533
 34.682   -0.005    0.148    0.379    0.763    1.531    3.068    7.679   15.360   30.720   76.818
 34.735   -0.005    0.149    0.380    0.766    1.537    3.078    7.706   15.413   30.826   77.076
 34.789   -0.005    0.149    0.381    0.769    1.542    3.089    7.732   15.466   30.933   77.364
 34.843   -0.005    0.150    0.383    0.771    1.548    3.100    7.759   15.519   31.041   77.600
 34.897   -0.005    0.151    0.384    0.774    1.552    3.110    7.786   15.573   31.148   77.885
 34.950   -0.005    0.151    0.386    0.777    1.558    3.122    7.813   15.626   31.254   78.156
 35.004   -0.005    0.152    0.387    0.779    1.564    3.131    7.839   15.680   31.361   78.440
 35.058   -0.005    0.152    0.388    0.782    1.569    3.142    7.866   15.733   31.474   78.677
 35.112   -0.005    0.153    0.390    0.784    1.574    3.154    7.892   15.787   31.581   78.963
 35.166   -0.005    0.153    0.391    0.787    1.580    3.164    7.919   15.840   31.688   79.225
 35.219   -0.005    0.154    0.392    0.790    1.585    3.176    7.946   15.897   31.794   79.509
 35.273   -0.005    0.154    0.394    0.793    1.591    3.187    7.972   15.950   31.902   79.791
 35.327   -0.005    0.155    0.395    0.796    1.596    3.196    7.999   16.003   32.009   80.054
 35.381   -0.005    0.155    0.396    0.798    1.601    3.208    8.026   16.056   32.115   80.337
 35.434   -0.005    0.156    0.398    0.801    1.607    3.218    8.053   16.110   32.222   80.576
 35.488   -0.005    0.157    0.399    0.804    1.612    3.229    8.079   16.164   32.353   80.858
 35.542   -0.005    0.157    0.400    0.806    1.618    3.240    8.108   16.217   32.459   81.124
 35.596   -0.005    0.158    0.402    0.809    1.623    3.250    8.134   16.270   32.566   81.417
 35.649   -0.005    0.158    0.403    0.812    1.628    3.262    8.161   16.336   32.674   81.652
 35.703   -0.005    0.159    0.404    0.814    1.634    3.273    8.188   16.389   32.781   81.933
 35.757   -0.005    0.159    0.406    0.817    1.639    3.282    8.215   16.443   32.888   82.204
 35.811   -0.005    0.160    0.407    0.820    1.644    3.295    8.241   16.497   32.994   82.484
 35.865   -0.005    0.160    0.409    0.822    1.650    3.305    8.268   16.550   33.107   82.720
 35.918   -0.005    0.161    0.410    0.825    1.655    3.315    8.295   16.603   33.214   83.034
 35.972   -0.005    0.161    0.411    0.828    1.661    3.328    8.327   16.657   33.321   83.314
 36.026   -0.005    0.162    0.413    0.830    1.666    3.337    8.354   16.713   33.427   83.549
 36.080   -0.005    0.162    0.414    0.833    1.671    3.348    8.381   16.766   33.535   83.831
 36.133   -0.005    0.163    0.415    0.836    1.677    3.360    8.408   16.820   33.642   84.102
 36.187   -0.005    0.164    0.417    0.839    1.682    3.370    8.434   16.873   33.749   84.382
 36.241   -0.005    0.164    0.418    0.842    1.688    3.381    8.461   16.927   33.855   84.627
 36.295   -0.005    0.165    0.419    0.844    1.693    3.393    8.488   16.980   33.961   84.906
 36.348   -0.005    0.165    0.421    0.847    1.698    3.402    8.516   17.034   34.068   85.179
 36.402   -0.005    0.166    0.422    0.849    1.704    3.414    8.543   17.087   34.175   85.460
 36.456   -0.005    0.166    0.424    0.852    1.710    3.423    8.569   17.140   34.281   85.695
 36.510   -0.005    0.167    0.425    0.855    1.714    3.435    8.596   17.193   34.389   85.973
 36.564   -0.005    0.167    0.426    0.857    1.720    3.446    8.623   17.247   34.496   86.290
 36.617   -0.005    0.168    0.428    0.860    1.725    3.456    8.650   17.300   34.602   86.525
 36.671   -0.005    0.168    0.429    0.863    1.731    3.468    8.676   17.354   34.709   86.802
 36.725   -0.005    0.169    0.430    0.865    1.736    3.479    8.703   17.407   34.822   87.081
 36.779   -0.005    0.169    0.432    0.869    1.741    3.488    8.730   17.461   34.928   87.358
 36.832   -0.005    0.170    0.433    0.871    1.747    3.501    8.756   17.514   35.035   87.593
 36.886   -0.005    0.171    0.434    0.874    1.753    3.510    8.783   17.570   35.143   87.879
 36.940   -0.005    0.171    0.436    0.877    1.757    3.521    8.810   17.624   35.250   88.157
 36.994   -0.005    0.172    0.437    0.879    1.764    3.533    8.837   17.677   35.357   88.434
 37.047   -0.005    0.172    0.438    0.882    1.768    3.542    8.863   17.731   35.463   88.670
 37.101   -0.005    0.173    0.440    0.885    1.774    3.554    8.890   17.785   35.596   88.945
 37.155   -0.005    0.173    0.441    0.887    1.780    3.566    8.917   17.838   35.702   89.226
 37.209   -0.005    0.174    0.442    0.890    1.785    3.575    8.945   17.891   35.809   89.501
 37.263   -0.005    0.174    0.444    0.892    1.790    3.587    8.972   17.957   35.916   89.775
 37.316   -0.005    0.175    0.445    0.895    1.796    3.596    8.998   18.011   36.024   90.057
 37.370   -0.005    0.175    0.447    0.898    1.801    3.607    9.025   18.064   36.130   90.334
 37.424   -0.005    0.176    0.448    0.901    1.807    3.619    9.052   18.117   36.237   90.568
 37.478   -0.005    0.176    0.449    0.903    1.811    3.629    9.079   18.171   36.343   90.842
 37.531   -0.005    0.177    0.450    0.906    1.817    3.640    9.105   18.225   36.456   91.135
 37.585   -0.005    0.178    0.452    0.909    1.823    3.652    9.132   18.278   36.563   91.410
 37.639   -0.005    0.178    0.453    0.912    1.828    3.661    9.165   18.331   36.669   91.643
 37.693   -0.005    0.179    0.454    0.914    1.834    3.673    9.192   18.388   36.776   91.918
 37.747   -0.005    0.179    0.456    0.917    1.839    3.682    9.218   18.441   36.884   92.204
 37.800   -0.005    0.180    0.457    0.920    1.844    3.694    9.245   18.494   36.990   92.477
 37.854   -0.005    0.180    0.458    0.922    1.850    3.705    9.272   18.547   37.097   92.749
 37.908   -0.005    0.181    0.460    0.925    1.854    3.715    9.298   18.601   37.203   93.036
 37.962   -0.005    0.181    0.461    0.928    1.860    3.727    9.325   18.655   37.310   93.309
 38.015   -0.005    0.182    0.463    0.930    1.867    3.738    9.353   18.708   37.416   93.544
 38.069   -0.005    0.182    0.464    0.933    1.871    3.747    9.380   18.761   37.523   93.816
 38.123   -0.005    0.183    0.465    0.936    1.877    3.760    9.407   18.814   37.629   94.104
 38.177   -0.005    0.184    0.467    0.938    1.883    3.769    9.433   18.868   37.737   94.385
 38.230   -0.005    0.184    0.468    0.941    1.887    3.780    9.460   18.921   37.844   94.618
 38.284   -0.005    0.185    0.469    0.944    1.893    3.792    9.487   18.974   37.950   94.890
 38.338   -0.005    0.185    0.471    0.947    1.899    3.802    9.513   19.028   38.063   95.181
 38.392   -0.005    0.186    0.472    0.950    1.904    3.813    9.540   19.081   38.169   95.453
 38.446   -0.005    0.186    0.473    0.952    1.910    3.825    9.567   19.135   38.276   95.685
 38.499   -0.005    0.187    0.475    0.955    1.914    3.834    9.593   19.188   38.382   96.014
 38.553   -0.005    0.187    0.476    0.957    1.920    3.846    9.620   19.244   38.490   96.285
 38.607   -0.005    0.188    0.477    0.960    1.926    3.855    9.646   19.297   38.597   96.517
 38.661   -0.005   -0.199   -0.489   -0.973   -1.941   -3.878   -9.685  -19.365  -38.728  -96.790
