   0.000        -15.25058556        -15.25058556         -8.81181335         -8.81181335         -8.81181335
   0.113        -14.87331867        -14.87331867         -8.81125164         -8.81125164         -8.81125164
   0.226        -13.81829166        -13.81829166         -8.92391491         -8.92391491         -8.92391491
   0.339        -12.29231262        -12.29231262         -9.13499355         -9.13499355         -9.13499355
   0.452        -10.55694199        -10.55694199         -9.41699791         -9.41699791         -9.41699791
   0.565         -8.83335304         -8.83335304         -9.73391914         -9.73391914         -9.73391914
   0.678         -7.27718210         -7.27718210        -10.04670429        -10.04670429        -10.04670429
   0.791         -6.01255798         -6.01255798        -10.31929874        -10.31929874        -10.31929874
   0.905         -5.15042210         -5.15042210        -10.52348423        -10.52348423        -10.52348423
   1.018         -4.77496910         -4.77496910        -10.64056492        -10.64056492        -10.64056492
   1.131         -4.92477751         -4.92477751        -10.66068935        -10.66068935        -10.66068935
   1.244         -5.58415890         -5.58415890        -10.58214283        -10.58214283        -10.58214283
   1.357         -6.68662453         -6.68662453        -10.41124630        -10.41124630        -10.41124630
   1.470         -8.13010406         -8.13010406        -10.16278172        -10.16278172        -10.16278172
   1.583         -9.79603481         -9.79603481         -9.86090183         -9.86090183         -9.86090183
   1.696        -11.54688263        -11.54688263         -9.53873730         -9.53873730         -9.53873730
   1.809        -13.19165993        -13.19165993         -9.23478222         -9.23478222         -9.23478222
   1.922        -14.47707176        -14.47707176         -8.98707390         -8.98707390         -8.98707390
   2.035        -15.16027260        -15.16027260         -8.82735729         -8.82735729         -8.82735729
   2.148        -15.10412884        -15.10412884         -8.77626133         -8.77626133         -8.77626133
   2.261        -14.31956387        -14.31956387         -8.84025192         -8.84025192         -8.84025192
   2.374        -12.96290016        -12.96290016         -9.01072884         -9.01072884         -9.01072884
   2.488        -11.28499317        -11.28499317         -9.26523113         -9.26523113         -9.26523113
   2.601         -9.53284550         -9.53284550         -9.57078934         -9.57078934         -9.57078934
   2.714         -7.88765192         -7.88765192         -9.88892269         -9.88892269         -9.88892269
   2.827         -6.48258543         -6.48258543        -10.18157578        -10.18157578        -10.18157578
   2.940         -5.43453503         -5.43453503        -10.41675949        -10.41675949        -10.41675949
   3.053         -4.84175777         -4.84175777        -10.57170105        -10.57170105        -10.57170105
   3.166         -4.76413250         -4.76413250        -10.63288593        -10.63288593        -10.63288593
   3.279         -5.20949554         -5.20949554        -10.59515476        -10.59515476        -10.59515476
   3.392         -6.13192415         -6.13192415        -10.46137047        -10.46137047        -10.46137047
   3.505         -7.44208288         -7.44208288        -10.24259281        -10.24259281        -10.24259281
   3.618         -9.02679062         -9.02679062         -9.95886803         -9.95886803         -9.95886803
   3.731        -10.75945282        -10.75945282         -9.63972378         -9.63972378         -9.63972378
   3.844        -12.47664165        -12.47664165         -9.32199383         -9.32199383         -9.32199383
   3.957        -13.94765472        -13.94765472         -9.04466438         -9.04466438         -9.04466438
   4.071        -14.91227722        -14.91227722         -8.84283829         -8.84283829         -8.84283829
   4.184        -15.17928314        -15.17928314         -8.74239922         -8.74239922         -8.74239922
   4.297        -14.69445038        -14.69445038         -8.75611210         -8.75611210         -8.75611210
   4.410        -13.55454350        -13.55454350         -8.88180447         -8.88180447         -8.88180447
   4.523        -11.98027706        -11.98027706         -9.10266495         -9.10266495         -9.10266495
   4.636        -10.23242378        -10.23242378         -9.38968849         -9.38968849         -9.38968849
   4.749         -8.52215481         -8.52215481         -9.70607281         -9.70607281         -9.70607281
   4.862         -6.99816751         -6.99816751        -10.01284885        -10.01284885        -10.01284885
   4.975         -5.78250980         -5.78250980        -10.27488136        -10.27488136        -10.27488136
   5.088         -4.98355627         -4.98355627        -10.46534729        -10.46534729        -10.46534729
   5.201         -4.67994213         -4.67994213        -10.56695271        -10.56695271        -10.56695271
   5.314         -4.90270948         -4.90270948        -10.57111740        -10.57111740        -10.57111740
   5.427         -5.62840271         -5.62840271        -10.47735786        -10.47735786        -10.47735786
   5.540         -6.78423834         -6.78423834        -10.29324150        -10.29324150        -10.29324150
   5.654         -8.26476860         -8.26476860        -10.03490067        -10.03490067        -10.03490067
   5.767         -9.94972706         -9.94972706         -9.72790432         -9.72790432         -9.72790432
   5.880        -11.69638157        -11.69638157         -9.40647507         -9.40647507         -9.40647507
   5.993        -13.30362511        -13.30362511         -9.10942554         -9.10942554         -9.10942554
   6.106        -14.51346111        -14.51346111         -8.87424850         -8.87424850         -8.87424850
   6.219        -15.09326744        -15.09326744         -8.73139763         -8.73139763         -8.73139763
   6.332        -14.92608929        -14.92608929         -8.69969845         -8.69969845         -8.69969845
   6.445        -14.04504013        -14.04504013         -8.78359318         -8.78359318         -8.78359318
   6.558        -12.62509441        -12.62509441         -8.97247791         -8.97247791         -8.97247791
   6.671        -10.92349529        -10.92349529         -9.24212742         -9.24212742         -9.24212742
   6.784         -9.18006420         -9.18006420         -9.55830288         -9.55830288         -9.55830288
   6.897         -7.56703186         -7.56703186         -9.88202477         -9.88202477         -9.88202477
   7.010         -6.21401501         -6.21401501        -10.17569447        -10.17569447        -10.17569447
   7.123         -5.23595572         -5.23595572        -10.40853977        -10.40853977        -10.40853977
   7.236         -4.72641230         -4.72641230        -10.55918407        -10.55918407        -10.55918407
   7.350         -4.73777580         -4.73777580        -10.61530781        -10.61530781        -10.61530781
   7.463         -5.26939392         -5.26939392        -10.57276440        -10.57276440        -10.57276440
   7.576         -6.26781368         -6.26781368        -10.43534756        -10.43534756        -10.43534756
   7.689         -7.63912106         -7.63912106        -10.21508694        -10.21508694        -10.21508694
   7.802         -9.26900482         -9.26900482         -9.93313313         -9.93313313         -9.93313313
   7.915        -11.02932262        -11.02932262         -9.62003994         -9.62003994         -9.62003994
   8.028        -12.74924850        -12.74924850         -9.31309986         -9.31309986         -9.31309986
   8.141        -14.18869781        -14.18869781         -9.05088902         -9.05088902         -9.05088902
   8.254        -15.08766365        -15.08766365         -8.86723518         -8.86723518         -8.86723518
   8.367        -15.26775074        -15.26775074         -8.78597832         -8.78597832         -8.78597832
   8.480        -14.69523811        -14.69523811         -8.81727982         -8.81727982         -8.81727982
   8.593        -13.49003124        -13.49003124         -8.95606613         -8.95606613         -8.95606613
   8.706        -11.88804913        -11.88804913         -9.18260574         -9.18260574         -9.18260574
   8.819        -10.14772892        -10.14772892         -9.46528816         -9.46528816         -9.46528816
   8.933         -8.46795750         -8.46795750         -9.76535034         -9.76535034         -9.76535034
   9.046         -6.98846722         -6.98846722        -10.04276180        -10.04276180        -10.04276180
   9.159         -5.82723236         -5.82723236        -10.26222420        -10.26222420        -10.26222420
   9.272         -5.08854246         -5.08854246        -10.39714241        -10.39714241        -10.39714241
   9.385         -4.84503269         -4.84503269        -10.43019009        -10.43019009        -10.43019009
   9.498         -5.12066650         -5.12066650        -10.35211563        -10.35211563        -10.35211563
   9.611         -5.88506079         -5.88506079        -10.16081429        -10.16081429        -10.16081429
   9.724         -7.05976009         -7.05976009         -9.86087894         -9.86087894         -9.86087894
   9.837         -8.53543091         -8.53543091         -9.46379662         -9.46379662         -9.46379662
   9.950        -10.18739605        -10.18739605         -8.98871708         -8.98871708         -8.98871708
  10.063        -11.86252499        -11.86252499         -8.46193314         -8.46193314         -8.46193314
  10.176        -13.34365845        -13.34365845         -7.91375923         -7.91375923         -7.91375923
  10.289        -14.36323452        -14.36323452         -7.37390757         -7.37390757         -7.37390757
  10.402        -14.69448566        -14.69448566         -6.86676693         -6.86676693         -6.86676693
  10.516        -14.23781776        -14.23781776         -6.40790224         -6.40790224         -6.40790224
  10.629        -13.04875755        -13.04875755         -6.00357580         -6.00357580         -6.00357580
  10.742        -11.32163048        -11.32163048         -5.65292645         -5.65292645         -5.65292645
  10.855         -9.31694698         -9.31694698         -5.35008240         -5.35008240         -5.35008240
  10.968         -7.25925255         -7.25925255         -5.08498716         -5.08498716         -5.08498716
  11.081         -5.29689646         -5.29689646         -4.84393072         -4.84393072         -4.84393072
  11.194         -3.52994704         -3.52994704         -4.61065245         -4.61065245         -4.61065245
  11.307         -2.03124976         -2.03124976         -4.36801052         -4.36801052         -4.36801052
  11.420         -0.83679843         -0.83679843         -4.09981060         -4.09981060         -4.09981060
  11.533          0.06369951          0.06369951         -3.79243636         -3.79243636         -3.79243636
  11.646          0.71585810          0.71585810         -3.43588924         -3.43588924         -3.43588924
  11.759          1.17745161          1.17745161         -3.02430892         -3.02430892         -3.02430892
  11.872          1.50031734          1.50031734         -2.55693102         -2.55693102         -2.55693102
  11.985          1.72419417          1.72419417         -2.04022384         -2.04022384         -2.04022384
  12.099          1.87788832          1.87788832         -1.48957217         -1.48957217         -1.48957217
  12.212          1.98206377          1.98206377         -0.92791843         -0.92791843         -0.92791843
  12.325          2.05152154          2.05152154         -0.38152471         -0.38152471         -0.38152471
  12.438          2.09685421          2.09685421          0.12519795          0.12519795          0.12519795
  12.551          2.12561679          2.12561679          0.57431614          0.57431614          0.57431614
  12.664          2.14317107          2.14317107          0.95658010          0.95658010          0.95658010
  12.777          2.15329266          2.15329266          1.27022493          1.27022493          1.27022493
  12.890          2.15861130          2.15861130          1.51843047          1.51843047          1.51843047
  13.003          2.16093063          2.16093063          1.70771241          1.70771241          1.70771241
  13.116          2.16145992          2.16145992          1.84701478          1.84701478          1.84701478
  13.229          2.16098881          2.16098881          1.94648087          1.94648087          1.94648087
  13.342          2.16001105          2.16001105          2.01591134          2.01591134          2.01591134
  13.455          2.15881515          2.15881515          2.06358624          2.06358624          2.06358624
  13.568          2.15755725          2.15755725          2.09586000          2.09586000          2.09586000
  13.681          2.15631652          2.15631652          2.11735868          2.11735868          2.11735868
  13.795          2.15512490          2.15512490          2.13138413          2.13138413          2.13138413
  13.908          2.15399265          2.15399265          2.14027786          2.14027786          2.14027786
  14.021          2.15292287          2.15292287          2.14569235          2.14569235          2.14569235
  14.134          2.15191579          2.15191579          2.14878750          2.14878750          2.14878750
  14.247          2.15097094          2.15097094          2.15036893          2.15036893          2.15036893
  14.360          2.15009069          2.15009069          2.15099120          2.15099120          2.15099120
  14.473          2.14927101          2.14927101          2.15103054          2.15103054          2.15103054
  14.586          2.14851236          2.14851236          2.15073609          2.15073609          2.15073609
  14.699          2.14781857          2.14781857          2.15027022          2.15027022          2.15027022
  14.812          2.14718580          2.14718580          2.14973521          2.14973521          2.14973521
  14.925          2.14661288          2.14661288          2.14919257          2.14919257          2.14919257
  15.038          2.14610529          2.14610529          2.14867783          2.14867783          2.14867783
  15.151          2.14566278          2.14566278          2.14820981          2.14820981          2.14820981
  15.264          2.14527965          2.14527965          2.14779830          2.14779830          2.14779830
  15.378          2.14495897          2.14495897          2.14744687          2.14744687          2.14744687
  15.491          2.14469814          2.14469814          2.14715743          2.14715743          2.14715743
  15.604          2.14450192          2.14450192          2.14693046          2.14693046          2.14693046
  15.717          2.14437103          2.14437103          2.14676595          2.14676595          2.14676595
  15.830          2.14429975          2.14429975          2.14666343          2.14666343          2.14666343
  15.943          2.14429069          2.14429069          2.14662337          2.14662337          2.14662337
  16.056          2.14434481          2.14434481          2.14664578          2.14664578          2.14664578
  16.169          2.14446068          2.14446068          2.14673066          2.14673066          2.14673066
  16.282          2.14463711          2.14463711          2.14687777          2.14687777          2.14687777
  16.395          2.14487910          2.14487910          2.14708734          2.14708734          2.14708734
  16.508          2.14517999          2.14517999          2.14735913          2.14735913          2.14735913
  16.621          2.14554811          2.14554811          2.14769340          2.14769340          2.14769340
  16.734          2.14597487          2.14597487          2.14808917          2.14808917          2.14808917
  16.847          2.14646745          2.14646745          2.14854383          2.14854383          2.14854383
  16.961          2.14701653          2.14701653          2.14905143          2.14905143          2.14905143
  17.074          2.14763451          2.14763451          2.14959931          2.14959931          2.14959931
  17.187          2.14831066          2.14831066          2.15016222          2.15016222          2.15016222
  17.300          2.14905167          2.14905167          2.15069532          2.15069532          2.15069532
  17.413          2.14985156          2.14985156          2.15112138          2.15112138          2.15112138
  17.526          2.15071654          2.15071654          2.15131497          2.15131497          2.15131497
  17.639          2.15164447          2.15164447          2.15108109          2.15108109          2.15108109
  17.752          2.15263343          2.15263343          2.15012074          2.15012074          2.15012074
  17.865          2.15368533          2.15368533          2.14798975          2.14798975          2.14798975
  17.978          2.15479970          2.15479970          2.14403558          2.14403558          2.14403558
  18.091          2.15597582          2.15597582          2.13731527          2.13731527          2.13731527
  18.204          2.15721011          2.15721011          2.12647843          2.12647843          2.12647843
  18.317          2.15848184          2.15848184          2.10960484          2.10960484          2.10960484
  18.430          2.15974426          2.15974426          2.08397985          2.08397985          2.08397985
  18.544          2.16089106          2.16089106          2.04578424          2.04578424          2.04578424
  18.657          2.16171432          2.16171432          1.98969674          1.98969674          1.98969674
  18.770          2.16185021          2.16185021          1.90853667          1.90853667          1.90853667
  18.883          2.16069055          2.16069055          1.79327548          1.79327548          1.79327548
  18.996          2.15728259          2.15728259          1.63378406          1.63378406          1.63378406
  19.109          2.15018702          2.15018702          1.42024875          1.42024875          1.42024875
  19.222          2.13727927          2.13727927          1.14464748          1.14464748          1.14464748
  19.335          2.11548328          2.11548328          0.80176938          0.80176938          0.80176938
  19.448          2.08040762          2.08040762          0.39027849          0.39027849          0.39027849
  19.561          2.02583671          2.02583671         -0.08516056         -0.08516056         -0.08516056
  19.674          1.94303346          1.94303346         -0.61154079         -0.61154079         -0.61154079
  19.787          1.81977022          1.81977022         -1.16769254         -1.16769254         -1.16769254
  19.900          1.63896859          1.63896859         -1.72777987         -1.72777987         -1.72777987
  20.013          1.37679923          1.37679923         -2.26634359         -2.26634359         -2.26634359
  20.126          1.00010550          1.00010550         -2.76328492         -2.76328492         -2.76328492
  20.240          0.46384761          0.46384761         -3.20708537         -3.20708537         -3.20708537
  20.353         -0.28778681         -0.28778681         -3.59467793         -3.59467793         -3.59467793
  20.466         -1.31020224         -1.31020224         -3.92920709         -3.92920709         -3.92920709
  20.579         -2.63642883         -2.63642883         -4.21836615         -4.21836615         -4.21836615
  20.692         -4.25700760         -4.25700760         -4.47378683         -4.47378683         -4.47378683
  20.805         -6.11818933         -6.11818933         -4.71035767         -4.71035767         -4.71035767
  20.918         -8.13562679         -8.13562679         -4.94489861         -4.94489861         -4.94489861
  21.031        -10.19308090        -10.19308090         -5.19439793         -5.19439793         -5.19439793
  21.144        -12.11053848        -12.11053848         -5.47420216         -5.47420216         -5.47420216
  21.257        -13.63772106        -13.63772106         -5.79654932         -5.79654932         -5.79654932
  21.370        -14.52975368        -14.52975368         -6.16975451         -6.16975451         -6.16975451
  21.483        -14.64664650        -14.64664650         -6.59771013         -6.59771013         -6.59771013
  21.596        -13.99970341        -13.99970341         -7.07855034         -7.07855034         -7.07855034
  21.709        -12.74975014        -12.74975014         -7.60219049         -7.60219049         -7.60219049
  21.823        -11.15427399        -11.15427399         -8.14901924         -8.14901924         -8.14901924
  21.936         -9.46688557         -9.46688557         -8.69182396         -8.69182396         -8.69182396
  22.049         -7.87415934         -7.87415934         -9.20004177         -9.20004177         -9.20004177
  22.162         -6.51291704         -6.51291704         -9.64455891         -9.64455891         -9.64455891
  22.275         -5.50193453         -5.50193453        -10.00190735        -10.00190735        -10.00190735
  22.388         -4.93984079         -4.93984079        -10.25628948        -10.25628948        -10.25628948
  22.501         -4.88604021         -4.88604021        -10.39925194        -10.39925194        -10.39925194
  22.614         -5.34770870         -5.34770870        -10.42904568        -10.42904568        -10.42904568
  22.727         -6.27863169         -6.27863169        -10.35075760        -10.35075760        -10.35075760
  22.840         -7.59001350         -7.59001350        -10.17695045        -10.17695045        -10.17695045
  22.953         -9.17031860         -9.17031860         -9.92881107         -9.92881107         -9.92881107
  23.066        -10.89563751        -10.89563751         -9.63692570         -9.63692570         -9.63692570
  23.179        -12.60542488        -12.60542488         -9.33928490         -9.33928490         -9.33928490
  23.292        -14.07024479        -14.07024479         -9.07614231         -9.07614231         -9.07614231
  23.406        -15.02805328        -15.02805328         -8.88386726         -8.88386726         -8.88386726
  23.519        -15.28405571        -15.28405571         -8.78946590         -8.78946590         -8.78946590
  23.632        -14.78268623        -14.78268623         -8.80660057         -8.80660057         -8.80660057
  23.745        -13.62328243        -13.62328243         -8.93376541         -8.93376541         -8.93376541
  23.858        -12.03066826        -12.03066826         -9.15462112         -9.15462112         -9.15462112
  23.971        -10.26788998        -10.26788998         -9.44048977         -9.44048977         -9.44048977
  24.084         -8.54589367         -8.54589367         -9.75480175         -9.75480175         -9.75480175
  24.197         -7.01198292         -7.01198292        -10.05877972        -10.05877972        -10.05877972
  24.310         -5.78700209         -5.78700209        -10.31746769        -10.31746769        -10.31746769
  24.423         -4.97884560         -4.97884560        -10.50422287        -10.50422287        -10.50422287
  24.536         -4.66635275         -4.66635275        -10.60192776        -10.60192776        -10.60192776
  24.649         -4.88117170         -4.88117170        -10.60215759        -10.60215759        -10.60215759
  24.762         -5.60055733         -5.60055733        -10.50452709        -10.50452709        -10.50452709
  24.875         -6.75234938         -6.75234938        -10.31661606        -10.31661606        -10.31661606
  24.989         -8.23145676         -8.23145676        -10.05449390        -10.05449390        -10.05449390
  25.102         -9.91771507         -9.91771507         -9.74364662         -9.74364662         -9.74364662
  25.215        -11.66830158        -11.66830158         -9.41829395         -9.41829395         -9.41829395
  25.328        -13.28183746        -13.28183746         -9.11738682         -9.11738682         -9.11738682
  25.441        -14.49983883        -14.49983883         -8.87859058         -8.87859058         -8.87859058
  25.554        -15.08894348        -15.08894348         -8.73242664         -8.73242664         -8.73242664
  25.667        -14.93131161        -14.93131161         -8.69760036         -8.69760036         -8.69760036
  25.780        -14.05916786        -14.05916786         -8.77832031         -8.77832031         -8.77832031
  25.893        -12.64666176        -12.64666176         -8.96378422         -8.96378422         -8.96378422
  26.006        -10.95038509        -10.95038509         -9.22972393         -9.22972393         -9.22972393
  26.119         -9.20978737         -9.20978737         -9.54202843         -9.54202843         -9.54202843
  26.232         -7.59691525         -7.59691525         -9.86189842         -9.86189842         -9.86189842
  26.345         -6.24137545         -6.24137545        -10.15181065        -10.15181065        -10.15181065
  26.458         -5.25831366         -5.25831366        -10.38094425        -10.38094425        -10.38094425
  26.571         -4.74177074         -4.74177074        -10.52783298        -10.52783298        -10.52783298
  26.685         -4.74481440         -4.74481440        -10.58012390        -10.58012390        -10.58012390
  26.798         -5.26749611         -5.26749611        -10.53372097        -10.53372097        -10.53372097
  26.911         -6.25682354         -6.25682354        -10.39254284        -10.39254284        -10.39254284
  27.024         -7.61881495         -7.61881495        -10.16878319        -10.16878319        -10.16878319
  27.137         -9.23835182         -9.23835182         -9.88377571         -9.88377571         -9.88377571
  27.250        -10.98588276        -10.98588276         -9.56825161         -9.56825161         -9.56825161
  27.363        -12.68948078        -12.68948078         -9.25968456         -9.25968456         -9.25968456
  27.476        -14.10980701        -14.10980701         -8.99685574         -8.99685574         -8.99685574
  27.589        -14.99018860        -14.99018860         -8.81386089         -8.81386089         -8.81386089
  27.702        -15.15615273        -15.15615273         -8.73492146         -8.73492146         -8.73492146
  27.815        -14.57494354        -14.57494354         -8.77074909         -8.77074909         -8.77074909
  27.928        -13.36371040        -13.36371040         -8.91703415         -8.91703415         -8.91703415
  28.041        -11.75515270        -11.75515270         -9.15504169         -9.15504169         -9.15504169
  28.154        -10.00724030        -10.00724030         -9.45435715         -9.45435715         -9.45435715
  28.268         -8.32107353         -8.32107353         -9.77750301         -9.77750301         -9.77750301
  28.381         -6.83936691         -6.83936691        -10.08567715        -10.08567715        -10.08567715
  28.494         -5.68236732         -5.68236732        -10.34467697        -10.34467697        -10.34467697
  28.607         -4.95552492         -4.95552492        -10.52897835        -10.52897835        -10.52897835
  28.720         -4.73161507         -4.73161507        -10.62250900        -10.62250900        -10.62250900
  28.833         -5.03409719         -5.03409719        -10.61777878        -10.61777878        -10.61777878
  28.946         -5.83192921         -5.83192921        -10.51535320        -10.51535320        -10.51535320
  29.059         -7.04646301         -7.04646301        -10.32389355        -10.32389355        -10.32389355
  29.172         -8.56932545         -8.56932545        -10.06076336        -10.06076336        -10.06076336
  29.285        -10.27847385        -10.27847385         -9.75283909         -9.75283909         -9.75283909
  29.398        -12.02520847        -12.02520847         -9.43529129         -9.43529129         -9.43529129
  29.511        -13.59834480        -13.59834480         -9.14710903         -9.14710903         -9.14710903
  29.624        -14.73712540        -14.73712540         -8.92509747         -8.92509747         -8.92509747
  29.737        -15.22083855        -15.22083855         -8.79826355         -8.79826355         -8.79826355
  29.851        -14.95271969        -14.95271969         -8.78341579         -8.78341579         -8.78341579
  29.964        -13.98696899        -13.98696899         -8.88272381         -8.88272381         -8.88272381
  30.077        -12.51482868        -12.51482868         -9.08342266         -9.08342266         -9.08342266
  30.190        -10.79651928        -10.79651928         -9.35962582         -9.35962582         -9.35962582
  30.303         -9.06273651         -9.06273651         -9.67623043         -9.67623043         -9.67623043
  30.416         -7.47690487         -7.47690487         -9.99425220         -9.99425220         -9.99425220
  30.529         -6.16562223         -6.16562223        -10.27685356        -10.27685356        -10.27685356
  30.642         -5.24207306         -5.24207306        -10.49450779        -10.49450779        -10.49450779
  30.755         -4.79558516         -4.79558516        -10.62716866        -10.62716866        -10.62716866
  30.868         -4.87208748         -4.87208748        -10.66377735        -10.66377735        -10.66377735
  30.981         -5.46374607         -5.46374607        -10.60146999        -10.60146999        -10.60146999
  31.094         -6.51066971         -6.51066971        -10.44540501        -10.44540501        -10.44540501
  31.207         -7.91461706         -7.91461706        -10.20909786        -10.20909786        -10.20909786
  31.320         -9.55868530         -9.55868530         -9.91532326         -9.91532326         -9.91532326
  31.434        -11.30970955        -11.30970955         -9.59606552         -9.59606552         -9.59606552
  31.547        -12.98649597        -12.98649597         -9.28938484         -9.28938484         -9.28938484
  31.660        -14.34203434        -14.34203434         -9.03375816         -9.03375816         -9.03375816
  31.773        -15.12547016        -15.12547016         -8.86215878         -8.86215878         -8.86215878
  31.886        -15.18049526        -15.18049526         -8.79704571         -8.79704571         -8.79704571
  31.999        -14.49617195        -14.49617195         -8.84701729         -8.84701729         -8.84701729
  32.112        -13.20964146        -13.20964146         -9.00561142         -9.00561142         -9.00561142
  32.225        -11.56373882        -11.56373882         -9.25219536         -9.25219536         -9.25219536
  32.338         -9.81176662         -9.81176662         -9.55502796         -9.55502796         -9.55502796
  32.451         -8.14471245         -8.14471245         -9.87606907         -9.87606907         -9.87606907
  32.564         -6.70010805         -6.70010805        -10.17682552        -10.17682552        -10.17682552
  32.677         -5.59651852         -5.59651852        -10.42416668        -10.42416668        -10.42416668
  32.790         -4.93601274         -4.93601274        -10.59393978        -10.59393978        -10.59393978
  32.903         -4.78508282         -4.78508282        -10.67136288        -10.67136288        -10.67136288
  33.017         -5.15941191         -5.15941191        -10.65011501        -10.65011501        -10.65011501
  33.130         -6.02042341         -6.02042341        -10.53191090        -10.53191090        -10.53191090
  33.243         -7.28392458         -7.28392458        -10.32660103        -10.32660103        -10.32660103
  33.356         -8.83897209         -8.83897209        -10.05288410        -10.05288410        -10.05288410
  33.469        -10.56143093        -10.56143093         -9.73897457         -9.73897457         -9.73897457
  33.582        -12.29568577        -12.29568577         -9.42093182         -9.42093182         -9.42093182
  33.695        -13.82054043        -13.82054043         -9.13780212         -9.13780212         -9.13780212
  33.808        -14.87443638        -14.87443638         -8.92560005         -8.92560005         -8.92560005
