  -3.4015070392E+001   1.7598450552E-001
  -3.3860456436E+001   1.7618972117E-001
  -3.3705842479E+001   1.7679292019E-001
  -3.3551228523E+001   1.7775770037E-001
  -3.3396614567E+001   1.7904516979E-001
  -3.3242000610E+001   1.8065139489E-001
  -3.3087386654E+001   1.8266716242E-001
  -3.2932772698E+001   1.8537469816E-001
  -3.2778158741E+001   1.8941923159E-001
  -3.2623544785E+001   1.9614949828E-001
  -3.2468930829E+001   2.0832547979E-001
  -3.2314316872E+001   2.3146989922E-001
  -3.2159702916E+001   2.7599452106E-001
  -3.2005088960E+001   3.6007890365E-001
  -3.1850475003E+001   5.1554220747E-001
  -3.1695861047E+001   8.0362414729E-001
  -3.1541247091E+001   1.3207227925E+000
  -3.1386633134E+001   2.0634919560E+000
  -3.1232019178E+001   2.6365945947E+000
  -3.1077405222E+001   2.5046692259E+000
  -3.0922791265E+001   1.8052764853E+000
  -3.0768177309E+001   1.1177594374E+000
  -3.0613563353E+001   6.8724262340E-001
  -3.0458949396E+001   4.5289016392E-001
  -3.0304335440E+001   3.2610937619E-001
  -3.0149721484E+001   2.5788108326E-001
  -2.9995107527E+001   2.2205301032E-001
  -2.9840493571E+001   2.0343277954E-001
  -2.9685879615E+001   1.9351672692E-001
  -2.9531265658E+001   1.8790225852E-001
  -2.9376651702E+001   1.8441262452E-001
  -2.9222037746E+001   1.8198868697E-001
  -2.9067423789E+001   1.8013279724E-001
  -2.8912809833E+001   1.7864072487E-001
  -2.8758195877E+001   1.7746169824E-001
  -2.8603581920E+001   1.7661667990E-001
  -2.8448967964E+001   1.7614696295E-001
  -2.8294354008E+001   1.7608293187E-001
  -2.8139740052E+001   1.7642934734E-001
  -2.7985126095E+001   1.7716344463E-001
  -2.7830512139E+001   1.7824498459E-001
  -2.7675898183E+001   1.7964161842E-001
  -2.7521284226E+001   1.8137297829E-001
  -2.7366670270E+001   1.8358034046E-001
  -2.7212056314E+001   1.8664228771E-001
  -2.7057442357E+001   1.9138783944E-001
  -2.6902828401E+001   1.9953144789E-001
  -2.6748214445E+001   2.1456501647E-001
  -2.6593600488E+001   2.4336982705E-001
  -2.6438986532E+001   2.9857465365E-001
  -2.6284372576E+001   4.0192254042E-001
  -2.6129758619E+001   5.9268514744E-001
  -2.5975144663E+001   9.4608882875E-001
  -2.5820530707E+001   1.5527683312E+000
  -2.5665916750E+001   2.3054589988E+000
  -2.5511302794E+001   2.6829869958E+000
  -2.5356688838E+001   2.3054758528E+000
  -2.5202074881E+001   1.5528020612E+000
  -2.5047460925E+001   9.4613947417E-001
  -2.4892846969E+001   5.9275275779E-001
  -2.4738233012E+001   4.0200716878E-001
  -2.4583619056E+001   2.9867635333E-001
  -2.4429005100E+001   2.4348865135E-001
  -2.4274391143E+001   2.1470102027E-001
  -2.4119777187E+001   1.9968468974E-001
  -2.3965163231E+001   1.9155838301E-001
  -2.3810549274E+001   1.8683020272E-001
  -2.3655935318E+001   1.8378570347E-001
  -2.3501321362E+001   1.8159587365E-001
  -2.3346707405E+001   1.7988213965E-001
  -2.3192093449E+001   1.7850323607E-001
  -2.3037479493E+001   1.7743954350E-001
  -2.2882865536E+001   1.7672342546E-001
  -2.2728251580E+001   1.7639513748E-001
  -2.2573637624E+001   1.7647746194E-001
  -2.2419023667E+001   1.7696565629E-001
  -2.2264409711E+001   1.7782935343E-001
  -2.2109795755E+001   1.7902727529E-001
  -2.1955181798E+001   1.8053847000E-001
  -2.1800567842E+001   1.8241371278E-001
  -2.1645953886E+001   1.8485722755E-001
  -2.1491339929E+001   1.8836664215E-001
  -2.1336725973E+001   1.9400105369E-001
  -2.1182112017E+001   2.0393714250E-001
  -2.1027498060E+001   2.2257739375E-001
  -2.0872884104E+001   2.5842531549E-001
  -2.0718270148E+001   3.2667308532E-001
  -2.0563656191E+001   4.5347274886E-001
  -2.0409042235E+001   6.8784324024E-001
  -2.0254428279E+001   1.1183770499E+000
  -2.0099814323E+001   1.8059102376E+000
  -1.9945200366E+001   2.5053193641E+000
  -1.9790586410E+001   2.6372632433E+000
  -1.9635972454E+001   2.0641824712E+000
  -1.9481358497E+001   1.3214380191E+000
  -1.9326744541E+001   8.0436542136E-001
  -1.9172130585E+001   5.1630961188E-001
  -1.9017516628E+001   3.6087172664E-001
  -1.8862902672E+001   2.7681136735E-001
  -1.8708288716E+001   2.3230867945E-001
  -1.8553674759E+001   2.0918344588E-001
  -1.8399060803E+001   1.9702327895E-001
  -1.8244446847E+001   1.9030482105E-001
  -1.8089832890E+001   1.8626741092E-001
  -1.7935218934E+001   1.8356158563E-001
  -1.7780604978E+001   1.8154135741E-001
  -1.7625991021E+001   1.7992373033E-001
  -1.7471377065E+001   1.7861714905E-001
  -1.7316763109E+001   1.7762478772E-001
  -1.7162149152E+001   1.7698479489E-001
  -1.7007535196E+001   1.7673285493E-001
  -1.6852921240E+001   1.7688236852E-001
  -1.6698307283E+001   1.7741865822E-001
  -1.6543693327E+001   1.7830482179E-001
  -1.6389079371E+001   1.7950160836E-001
  -1.6234465414E+001   1.8100491129E-001
  -1.6079851458E+001   1.8290557651E-001
  -1.5925237502E+001   1.8548616974E-001
  -1.5770623545E+001   1.8939259988E-001
  -1.5616009589E+001   1.9597470607E-001
  -1.5461395633E+001   2.0799411284E-001
  -1.5306781676E+001   2.3097582741E-001
  -1.5152167720E+001   2.7533449667E-001
  -1.4997553764E+001   3.5925281018E-001
  -1.4842939807E+001   5.1455268426E-001
  -1.4688325851E+001   8.0247544983E-001
  -1.4533711895E+001   1.3194176839E+000
  -1.4379097938E+001   2.0620234556E+000
  -1.4224483982E+001   2.6349338919E+000
  -1.4069870026E+001   2.5027631327E+000
  -1.3915256069E+001   1.8030642829E+000
  -1.3760642113E+001   1.1151944698E+000
  -1.3606028157E+001   6.8429925149E-001
  -1.3451414200E+001   4.4955920782E-001
  -1.3296800244E+001   3.2239401319E-001
  -1.3142186288E+001   2.5379539959E-001
  -1.2987572331E+001   2.1762061969E-001
  -1.2832958375E+001   1.9868517941E-001
  -1.2678344419E+001   1.8849220074E-001
  -1.2523730462E+001   1.8264541647E-001
  -1.2369116506E+001   1.7897413178E-001
  -1.2214502550E+001   1.7642479127E-001
  -1.2059888594E+001   1.7450454290E-001
  -1.1905274637E+001   1.7301293715E-001
  -1.1750660681E+001   1.7190187155E-001
  -1.1596046725E+001   1.7119385686E-001
  -1.1441432768E+001   1.7093062120E-001
  -1.1286818812E+001   1.7114183952E-001
  -1.1132204856E+001   1.7183031392E-001
  -1.0977590899E+001   1.7296988882E-001
  -1.0822976943E+001   1.7451526775E-001
  -1.0668362987E+001   1.7642715285E-001
  -1.0513749030E+001   1.7871620845E-001
  -1.0359135074E+001   1.8151280894E-001
  -1.0204521118E+001   1.8518309434E-001
  -1.0049907161E+001   1.9054280918E-001
  -9.8952932049E+000   1.9929319176E-001
  -9.7406792486E+000   2.1491383776E-001
  -9.5860652923E+000   2.4427524943E-001
  -9.4314513359E+000   2.9999744675E-001
  -9.2768373796E+000   4.0381731934E-001
  -9.1222234233E+000   5.9500215338E-001
  -8.9676094670E+000   9.4876771458E-001
  -8.8129955106E+000   1.5557184191E+000
  -8.6583815543E+000   2.3085651410E+000
  -8.5037675980E+000   2.6861887116E+000
  -8.3491536417E+000   2.3087955573E+000
  -8.1945396853E+000   1.5562523330E+000
  -8.0399257290E+000   9.4969697584E-001
  -7.8853117727E+000   5.9639764121E-001
  -7.7306978164E+000   4.0572473034E-001
  -7.5760838600E+000   3.0244179549E-001
  -7.4214699037E+000   2.4726258594E-001
  -7.2668559474E+000   2.1843405305E-001
  -7.1122419910E+000   2.0332427888E-001
  -6.9576280347E+000   1.9505420912E-001
  -6.8030140784E+000   1.9013741629E-001
  -6.6484001221E+000   1.8686668297E-001
  -6.4937861657E+000   1.8442109130E-001
  -6.3391722094E+000   1.8243039137E-001
  -6.1845582531E+000   1.8076131490E-001
  -6.0299442968E+000   1.7940144183E-001
  -5.8753303404E+000   1.7838920893E-001
  -5.7207163841E+000   1.7776965320E-001
  -5.5661024278E+000   1.7756902338E-001
  -5.4114884714E+000   1.7778480972E-001
  -5.2568745151E+000   1.7838778669E-001
  -5.1022605588E+000   1.7933689029E-001
  -4.9476466025E+000   1.8061062259E-001
  -4.7930326461E+000   1.8225862192E-001
  -4.6384186898E+000   1.8448356160E-001
  -4.4838047335E+000   1.8778130589E-001
  -4.3291907772E+000   1.9320919875E-001
  -4.1745768208E+000   2.0294231978E-001
  -4.0199628645E+000   2.2138146855E-001
  -3.8653489082E+000   2.5702733874E-001
  -3.7107349518E+000   3.2506616069E-001
  -3.5561209955E+000   4.5163805711E-001
  -3.4015070392E+000   6.8573818163E-001
  -3.2468930829E+000   1.1159132646E+000
  -3.0922791265E+000   1.8029569362E+000
  -2.9376651702E+000   2.5018362881E+000
  -2.7830512139E+000   2.6334549764E+000
  -2.6284372576E+000   2.0602950268E+000
  -2.4738233012E+000   1.3174618036E+000
  -2.3192093449E+000   8.0012889195E-001
  -2.1645953886E+000   5.1167043226E-001
  -2.0099814323E+000   3.5575466815E-001
  -1.8553674759E+000   2.7118658941E-001
  -1.7007535196E+000   2.2617604335E-001
  -1.5461395633E+000   2.0256320223E-001
  -1.3915256069E+000   1.8994973469E-001
  -1.2369116506E+000   1.8282298874E-001
  -1.0822976943E+000   1.7843173688E-001
  -9.2768373796E-001   1.7543533436E-001
  -7.7306978164E-001   1.7319579115E-001
  -6.1845582531E-001   1.7143689636E-001
  -4.6384186898E-001   1.7007242384E-001
  -3.0922791265E-001   1.6910936231E-001
  -1.5461395633E-001   1.6858819644E-001
   0.0000000000E+000   1.6854550397E-001
   1.5461395633E-001   1.6899410626E-001
   3.0922791265E-001   1.6991715269E-001
   4.6384186898E-001   1.7127378012E-001
   6.1845582531E-001   1.7301877379E-001
   7.7306978164E-001   1.7513989859E-001
   9.2768373796E-001   1.7771769508E-001
   1.0822976943E+000   1.8102247305E-001
   1.2369116506E+000   1.8568642571E-001
   1.3915256069E+000   1.9304490123E-001
   1.5461395633E+000   2.0584501129E-001
   1.7007535196E+000   2.2959800798E-001
   1.8553674759E+000   2.7470652257E-001
   2.0099814323E+000   3.5934435831E-001
   2.1645953886E+000   5.1532872998E-001
   2.3192093449E+000   8.0389819747E-001
   2.4738233012E+000   1.3214409654E+000
   2.6284372576E+000   2.0645895772E+000
   2.7830512139E+000   2.6380059159E+000
   2.9376651702E+000   2.5063637092E+000
   3.0922791265E+000   1.8072441661E+000
   3.2468930829E+000   1.1199905070E+000
   3.4015070392E+000   6.8973630976E-001
   3.5561209955E+000   4.5565054772E-001
   3.7107349518E+000   3.2913219366E-001
   3.8653489082E+000   2.6114917055E-001
   4.0199628645E+000   2.2553997834E-001
   4.1745768208E+000   2.0710949885E-001
   4.3291907772E+000   1.9735686277E-001
   4.4838047335E+000   1.9188577259E-001
   4.6384186898E+000   1.8852765344E-001
   4.7930326461E+000   1.8623237632E-001
   4.9476466025E+000   1.8451136990E-001
   5.1022605588E+000   1.8316885532E-001
   5.2568745151E+000   1.8216123465E-001
   5.4114884714E+000   1.8151479308E-001
   5.5661024278E+000   1.8127382678E-001
   5.7207163841E+000   1.8146903668E-001
   5.8753303404E+000   1.8210252697E-001
   6.0299442968E+000   1.8314569355E-001
   6.1845582531E+000   1.8454918542E-001
   6.3391722094E+000   1.8626838128E-001
   6.4937861657E+000   1.8830787683E-001
   6.6484001221E+000   1.9079188095E-001
   6.8030140784E+000   1.9408091335E-001
   6.9576280347E+000   1.9898615292E-001
   7.1122419910E+000   2.0720585564E-001
   7.2668559474E+000   2.2221955585E-001
   7.4214699037E+000   2.5090410048E-001
   7.5760838600E+000   3.0589839798E-001
   7.7306978164E+000   4.0897710893E-001
   7.8853117727E+000   5.9946811565E-001
   8.0399257290E+000   9.5267637385E-001
   8.1945396853E+000   1.5593060504E+000
   8.3491536417E+000   2.3120227947E+000
   8.5037675980E+000   2.6893455089E+000
   8.6583815543E+000   2.3111758844E+000
   8.8129955106E+000   1.5575903948E+000
   8.9676094670E+000   9.5005997106E-001
   9.1222234233E+000   5.9592092063E-001
   9.2768373796E+000   4.0447791362E-001
   9.4314513359E+000   3.0043803918E-001
   9.5860652923E+000   2.4448633917E-001
   9.7406792486E+000   2.1486016120E-001
   9.8952932049E+000   1.9893100923E-001
   1.0049907161E+001   1.8983110072E-001
   1.0204521118E+001   1.8408901123E-001
   1.0359135074E+001   1.8001375495E-001
   1.0513749030E+001   1.7680047285E-001
   1.0668362987E+001   1.7409389881E-001
   1.0822976943E+001   1.7177403766E-001
   1.0977590899E+001   1.6983966134E-001
   1.1132204856E+001   1.6833822005E-001
   1.1286818812E+001   1.6732169776E-001
   1.1441432768E+001   1.6682144512E-001
   1.1596046725E+001   1.6683844237E-001
   1.1750660681E+001   1.6734550592E-001
   1.1905274637E+001   1.6830221636E-001
   1.2059888594E+001   1.6968626637E-001
   1.2214502550E+001   1.7154492085E-001
   1.2369116506E+001   1.7407685066E-001
   1.2523730462E+001   1.7777239416E-001
   1.2678344419E+001   1.8368220702E-001
   1.2832958375E+001   1.9397409146E-001
   1.2987572331E+001   2.1304157161E-001
   1.3142186288E+001   2.4937846288E-001
   1.3296800244E+001   3.1816487996E-001
   1.3451414200E+001   4.4553749863E-001
   1.3606028157E+001   6.8049795773E-001
   1.3760642113E+001   1.1116178870E+000
   1.3915256069E+001   1.7996956307E+000
   1.4069870026E+001   2.4995465962E+000
   1.4224483982E+001   2.6317828105E+000
   1.4379097938E+001   2.0588651507E+000
   1.4533711895E+001   1.3162287505E+000
   1.4688325851E+001   7.9927294451E-001
   1.4842939807E+001   5.1136634320E-001
   1.4997553764E+001   3.5610963727E-001
   1.5152167720E+001   2.7225610909E-001
   1.5306781676E+001   2.2797896911E-001
   1.5461395633E+001   2.0509113969E-001
   1.5616009589E+001   1.9317428082E-001
   1.5770623545E+001   1.8670061182E-001
   1.5925237502E+001   1.8290658792E-001
   1.6079851458E+001   1.8044108221E-001
   1.6234465414E+001   1.7865732115E-001
   1.6389079371E+001   1.7727215642E-001
   1.6543693327E+001   1.7619435729E-001
   1.6698307283E+001   1.7542778887E-001
   1.6852921240E+001   1.7501156146E-001
   1.7007535196E+001   1.7498250120E-001
   1.7162149152E+001   1.7535524088E-001
   1.7316763109E+001   1.7611633516E-001
   1.7471377065E+001   1.7723002508E-001
   1.7625991021E+001   1.7865802898E-001
   1.7780604978E+001   1.8039695482E-001
   1.7935218934E+001   1.8253803662E-001
   1.8089832890E+001   1.8536384345E-001
   1.8244446847E+001   1.8951985288E-001
   1.8399060803E+001   1.9635497826E-001
   1.8553674759E+001   2.0862933532E-001
   1.8708288716E+001   2.3186573987E-001
   1.8862902672E+001   2.7647596116E-001
   1.9017516628E+001   3.6063940391E-001
   1.9172130585E+001   5.1617491328E-001
   1.9326744541E+001   8.0432180208E-001
   1.9481358497E+001   1.3214775158E+000
   1.9635972454E+001   2.0642945920E+000
   1.9790586410E+001   2.6374343999E+000
   1.9945200366E+001   2.5055353244E+000
   2.0099814323E+001   1.8061603445E+000
   2.0254428279E+001   1.1186557669E+000
   2.0409042235E+001   6.8814823535E-001
   2.0563656191E+001   4.5380259735E-001
   2.0718270148E+001   3.2702628052E-001
   2.0872884104E+001   2.5880007149E-001
   2.1027498060E+001   2.2297162931E-001
   2.1182112017E+001   2.0434852380E-001
   2.1336725973E+001   1.9442708718E-001
   2.1491339929E+001   1.8880478011E-001
   2.1645953886E+001   1.8530495554E-001
   2.1800567842E+001   1.8286861117E-001
   2.1955181798E+001   1.8099825476E-001
   2.2109795755E+001   1.7948982407E-001
   2.2264409711E+001   1.7829272106E-001
   2.2419023667E+001   1.7742808225E-001
   2.2573637624E+001   1.7693737112E-001
   2.2728251580E+001   1.7685113559E-001
   2.2882865536E+001   1.7717429037E-001
   2.3037479493E+001   1.7788421402E-001
   2.3192093449E+001   1.7894079931E-001
   2.3346707405E+001   1.8031181758E-001
   2.3501321362E+001   1.8201700977E-001
   2.3655935318E+001   1.8419775019E-001
   2.3810549274E+001   1.8723270942E-001
   2.3965163231E+001   1.9195098499E-001
   2.4119777187E+001   2.0006709833E-001
   2.4274391143E+001   2.1507301393E-001
   2.4429005100E+001   2.4385006757E-001
   2.4583619056E+001   2.9902708146E-001
   2.4738233012E+001   4.0234714361E-001
   2.4892846969E+001   5.9308195389E-001
   2.5047460925E+001   9.4645790093E-001
   2.5202074881E+001   1.5531097586E+000
   2.5356688838E+001   2.3057728880E+000
   2.5511302794E+001   2.6832734603E+000
   2.5665916750E+001   2.3057350054E+000
   2.5820530707E+001   1.5530340122E+000
   2.5975144663E+001   9.4634433332E-001
   2.6129758619E+001   5.9293063973E-001
   2.6284372576E+001   4.0215819751E-001
   2.6438986532E+001   2.9880066391E-001
   2.6593600488E+001   2.4358638865E-001
   2.6748214445E+001   2.1477233608E-001
   2.6902828401E+001   1.9972973956E-001
   2.7057442357E+001   1.9157732353E-001
   2.7212056314E+001   1.8682318985E-001
   2.7366670270E+001   1.8375289064E-001
   2.7521284226E+001   1.8153741000E-001
   2.7675898183E+001   1.7979816780E-001
   2.7830512139E+001   1.7839388966E-001
   2.7985126095E+001   1.7730494455E-001
   2.8139740052E+001   1.7656368178E-001
   2.8294354008E+001   1.7621034027E-001
   2.8448967964E+001   1.7626768396E-001
   2.8603581920E+001   1.7673095082E-001
   2.8758195877E+001   1.7756975443E-001
   2.8912809833E+001   1.7874279926E-001
   2.9067423789E+001   1.8022911989E-001
   2.9222037746E+001   1.8207948457E-001
   2.9376651702E+001   1.8449811996E-001
   2.9531265658E+001   1.8798267051E-001
   2.9685879615E+001   1.9359226966E-001
   2.9840493571E+001   2.0350366232E-001
   2.9995107527E+001   2.2211943719E-001
   3.0149721484E+001   2.5794325278E-001
   3.0304335440E+001   3.2616748111E-001
   3.0458949396E+001   4.5294439091E-001
   3.0613563353E+001   6.8729315283E-001
   3.0768177309E+001   1.1178064432E+000
   3.0922791265E+001   1.8053201345E+000
   3.1077405222E+001   2.5047096788E+000
   3.1232019178E+001   2.6366320043E+000
   3.1386633134E+001   2.0635264682E+000
   3.1541247091E+001   1.3207545458E+000
   3.1695861047E+001   8.0365327248E-001
   3.1850475003E+001   5.1556882788E-001
   3.2005088960E+001   3.6010313476E-001
   3.2159702916E+001   2.7601647045E-001
   3.2314316872E+001   2.3148966655E-001
   3.2468930829E+001   2.0834315669E-001
   3.2623544785E+001   1.9616516822E-001
   3.2778158741E+001   1.8943296989E-001
   3.2932772698E+001   1.8538657192E-001
   3.3087386654E+001   1.8267723043E-001
   3.3242000610E+001   1.8065970761E-001
   3.3396614567E+001   1.7905176935E-001
   3.3551228523E+001   1.7776262052E-001
   3.3705842479E+001   1.7679618621E-001
   3.3860456436E+001   1.7619134996E-001
