  -3.4015070392E+001   1.7454671154E-001
  -3.3860456436E+001   1.7476545566E-001
  -3.3705842479E+001   1.7540645046E-001
  -3.3551228523E+001   1.7643211488E-001
  -3.3396614567E+001   1.7780165507E-001
  -3.3242000610E+001   1.7950860068E-001
  -3.3087386654E+001   1.8164067308E-001
  -3.2932772698E+001   1.8447661587E-001
  -3.2778158741E+001   1.8865786626E-001
  -3.2623544785E+001   1.9552915646E-001
  -3.2468930829E+001   2.0784634559E-001
  -3.2314316872E+001   2.3112799915E-001
  -3.2159702916E+001   2.7578175492E-001
  -3.2005088960E+001   3.5998313220E-001
  -3.1850475003E+001   5.1554756480E-001
  -3.1695861047E+001   8.0371238184E-001
  -3.1541247091E+001   1.3208766645E+000
  -3.1386633134E+001   2.0636966669E+000
  -3.1232019178E+001   2.6368276536E+000
  -3.1077405222E+001   2.5048933376E+000
  -3.0922791265E+001   1.8054583612E+000
  -3.0768177309E+001   1.1178808570E+000
  -3.0613563353E+001   6.8728842076E-001
  -3.0458949396E+001   4.5284230990E-001
  -3.0304335440E+001   3.2595014678E-001
  -3.0149721484E+001   2.5759578878E-001
  -2.9995107527E+001   2.2163084851E-001
  -2.9840493571E+001   2.0286702681E-001
  -2.9685879615E+001   1.9280480393E-001
  -2.9531265658E+001   1.8704574179E-001
  -2.9376651702E+001   1.8341718487E-001
  -2.9222037746E+001   1.8086394064E-001
  -2.9067423789E+001   1.7889206282E-001
  -2.8912809833E+001   1.7730067877E-001
  -2.8758195877E+001   1.7604192103E-001
  -2.8603581920E+001   1.7513909134E-001
  -2.8448967964E+001   1.7463515534E-001
  -2.8294354008E+001   1.7456142420E-001
  -2.8139740052E+001   1.7492279332E-001
  -2.7985126095E+001   1.7569583397E-001
  -2.7830512139E+001   1.7683887777E-001
  -2.7675898183E+001   1.7831745069E-001
  -2.7521284226E+001   1.8014845934E-001
  -2.7366670270E+001   1.8246996371E-001
  -2.7212056314E+001   1.8565695046E-001
  -2.7057442357E+001   1.9053456740E-001
  -2.6902828401E+001   1.9881321606E-001
  -2.6748214445E+001   2.1398066008E-001
  -2.6593600488E+001   2.4291403179E-001
  -2.6438986532E+001   2.9823800465E-001
  -2.6284372576E+001   4.0169164755E-001
  -2.6129758619E+001   5.9254316675E-001
  -2.5975144663E+001   9.4601745067E-001
  -2.5820530707E+001   1.5527514665E+000
  -2.5665916750E+001   2.3054810664E+000
  -2.5511302794E+001   2.6830201991E+000
  -2.5356688838E+001   2.3054815246E+000
  -2.5202074881E+001   1.5527524336E+000
  -2.5047460925E+001   9.4601902299E-001
  -2.4892846969E+001   5.9254547969E-001
  -2.4738233012E+001   4.0169486944E-001
  -2.4583619056E+001   2.9824233410E-001
  -2.4429005100E+001   2.4291969842E-001
  -2.4274391143E+001   2.1398792738E-001
  -2.4119777187E+001   1.9882238474E-001
  -2.3965163231E+001   1.9054597850E-001
  -2.3810549274E+001   1.8567098792E-001
  -2.3655935318E+001   1.8248705710E-001
  -2.3501321362E+001   1.8016908690E-001
  -2.3346707405E+001   1.7834214292E-001
  -2.3192093449E+001   1.7686822162E-001
  -2.3037479493E+001   1.7573047732E-001
  -2.2882865536E+001   1.7496344973E-001
  -2.2728251580E+001   1.7460887746E-001
  -2.2573637624E+001   1.7469026374E-001
  -2.2419023667E+001   1.7520279127E-001
  -2.2264409711E+001   1.7611522938E-001
  -2.2109795755E+001   1.7738469372E-001
  -2.1955181798E+001   1.7898796248E-001
  -2.1800567842E+001   1.8097297904E-001
  -2.1645953886E+001   1.8354068453E-001
  -2.1491339929E+001   1.8718508199E-001
  -2.1336725973E+001   1.9296140275E-001
  -2.1182112017E+001   2.0304231394E-001
  -2.1027498060E+001   2.2182622672E-001
  -2.0872884104E+001   2.5781258672E-001
  -2.0718270148E+001   3.2618957457E-001
  -2.0563656191E+001   4.5310543080E-001
  -2.0409042235E+001   6.8757613900E-001
  -2.0254428279E+001   1.1181939731E+000
  -2.0099814323E+001   1.8057979652E+000
  -1.9945200366E+001   2.5052617771E+000
  -1.9790586410E+001   2.6372293496E+000
  -1.9635972454E+001   2.0641374365E+000
  -1.9481358497E+001   1.3213618940E+000
  -1.9326744541E+001   8.0424597905E-001
  -1.9172130585E+001   5.1613222236E-001
  -1.9017516628E+001   3.6062080324E-001
  -1.8862902672E+001   2.7647376412E-001
  -1.8708288716E+001   2.3187502531E-001
  -1.8553674759E+001   2.0864845056E-001
  -1.8399060803E+001   1.9638581185E-001
  -1.8244446847E+001   1.8956792856E-001
  -1.8089832890E+001   1.8543826398E-001
  -1.7935218934E+001   1.8265134131E-001
  -1.7780604978E+001   1.8056492715E-001
  -1.7625991021E+001   1.7889944832E-001
  -1.7471377065E+001   1.7756633223E-001
  -1.7316763109E+001   1.7657118269E-001
  -1.7162149152E+001   1.7595391680E-001
  -1.7007535196E+001   1.7575123731E-001
  -1.6852921240E+001   1.7597675489E-001
  -1.6698307283E+001   1.7661517407E-001
  -1.6543693327E+001   1.7762816857E-001
  -1.6389079371E+001   1.7897431829E-001
  -1.6234465414E+001   1.8064669364E-001
  -1.6079851458E+001   1.8273277407E-001
  -1.5925237502E+001   1.8551133162E-001
  -1.5770623545E+001   1.8962416816E-001
  -1.5616009589E+001   1.9641681229E-001
  -1.5461395633E+001   2.0864648294E-001
  -1.5306781676E+001   2.3183378662E-001
  -1.5152167720E+001   2.7638903885E-001
  -1.4997553764E+001   3.6049068576E-001
  -1.4842939807E+001   5.1595664892E-001
  -1.4688325851E+001   8.0402547069E-001
  -1.4533711895E+001   1.3210939231E+000
  -1.4379097938E+001   2.0638064250E+000
  -1.4224483982E+001   2.6367923100E+000
  -1.4069870026E+001   2.5046462346E+000
  -1.3915256069E+001   1.8049231677E+000
  -1.3760642113E+001   1.1169964472E+000
  -1.3606028157E+001   6.8601668723E-001
  -1.3451414200E+001   4.5116262394E-001
  -1.3296800244E+001   3.2385449331E-001
  -1.3142186288E+001   2.5508713037E-001
  -1.2987572331E+001   2.1872163215E-001
  -1.2832958375E+001   1.9957739593E-001
  -1.2678344419E+001   1.8916144681E-001
  -1.2523730462E+001   1.8308149925E-001
  -1.2369116506E+001   1.7917091022E-001
  -1.2214502550E+001   1.7638017122E-001
  -1.2059888594E+001   1.7422037513E-001
  -1.1905274637E+001   1.7249482252E-001
  -1.1750660681E+001   1.7115888517E-001
  -1.1596046725E+001   1.7023820514E-001
  -1.1441432768E+001   1.6977724834E-001
  -1.1286818812E+001   1.6980800401E-001
  -1.1132204856E+001   1.7033515910E-001
  -1.0977590899E+001   1.7133403018E-001
  -1.0822976943E+001   1.7276040981E-001
  -1.0668362987E+001   1.7457573220E-001
  -1.0513749030E+001   1.7679104392E-001
  -1.0359135074E+001   1.7953672965E-001
  -1.0204521118E+001   1.8317851983E-001
  -1.0049907161E+001   1.8853127111E-001
  -9.8952932049E+000   1.9729477189E-001
  -9.7406792486E+000   2.1294638383E-001
  -9.5860652923E+000   2.4235301233E-001
  -9.4314513359E+000   2.9812867950E-001
  -9.2768373796E+000   4.0200081003E-001
  -9.1222234233E+000   5.9322345067E-001
  -8.9676094670E+000   9.4699617862E-001
  -8.8129955106E+000   1.5539103930E+000
  -8.6583815543E+000   2.3066895346E+000
  -8.5037675980E+000   2.6842680378E+000
  -8.3491536417E+000   2.3068916011E+000
  -8.1945396853E+000   1.5543945566E+000
  -8.0399257290E+000   9.4786386344E-001
  -7.8853117727E+000   5.9455419564E-001
  -7.7306978164E+000   4.0384709570E-001
  -7.5760838600E+000   3.0052035197E-001
  -7.4214699037E+000   2.4529901580E-001
  -7.2668559474E+000   2.1643783141E-001
  -7.1122419910E+000   2.0130961685E-001
  -6.9576280347E+000   1.9303797308E-001
  -6.8030140784E+000   1.8813794475E-001
  -6.6484001221E+000   1.8490312087E-001
  -6.4937861657E+000   1.8251296144E-001
  -6.3391722094E+000   1.8059728626E-001
  -6.1845582531E+000   1.7902266560E-001
  -6.0299442968E+000   1.7777632614E-001
  -5.8753303404E+000   1.7689615718E-001
  -5.7207163841E+000   1.7642642129E-001
  -5.5661024278E+000   1.7639232439E-001
  -5.4114884714E+000   1.7679001739E-001
  -5.2568745151E+000   1.7758863900E-001
  -5.1022605588E+000   1.7874522475E-001
  -4.9476466025E+000   1.8023616391E-001
  -4.7930326461E+000   1.8210882546E-001
  -4.6384186898E+000   1.8456349570E-001
  -4.4838047335E+000   1.8809354414E-001
  -4.3291907772E+000   1.9375368989E-001
  -4.1745768208E+000   2.0371618875E-001
  -4.0199628645E+000   2.2237863576E-001
  -3.8653489082E+000   2.5823772622E-001
  -3.7107349518E+000   3.2647422962E-001
  -3.5561209955E+000   4.5322067745E-001
  -3.4015070392E+000   6.8746216266E-001
  -3.2468930829E+000   1.1177339774E+000
  -3.0922791265E+000   1.8048257547E+000
  -2.9376651702E+000   2.5037276398E+000
  -2.7830512139E+000   2.6353862715E+000
  -2.6284372576E+000   2.0622878538E+000
  -2.4738233012E+000   1.3194910099E+000
  -2.3192093449E+000   8.0213363425E-001
  -2.1645953886E+000   5.1358910618E-001
  -2.0099814323E+000   3.5753906288E-001
  -1.8553674759E+000   2.7280212024E-001
  -1.7007535196E+000   2.2759923159E-001
  -1.5461395633E+000   2.0377888013E-001
  -1.3915256069E+000   1.9094873871E-001
  -1.2369116506E+000   1.8360076543E-001
  -1.0822976943E+000   1.7898765210E-001
  -9.2768373796E-001   1.7577228664E-001
  -7.7306978164E-001   1.7331988632E-001
  -6.1845582531E-001   1.7135711416E-001
  -4.6384186898E-001   1.6980028083E-001
  -3.0922791265E-001   1.6865858080E-001
  -1.5461395633E-001   1.6797437738E-001
   0.0000000000E+000   1.6778579775E-001
   1.5461395633E-001   1.6810687840E-001
   3.0922791265E-001   1.6892164625E-001
   4.6384186898E-001   1.7018977739E-001
   6.1845582531E-001   1.7186625334E-001
   7.7306978164E-001   1.7393867409E-001
   9.2768373796E-001   1.7648701715E-001
   1.0822976943E+000   1.7978058161E-001
   1.2369116506E+000   1.8445005677E-001
   1.3915256069E+000   1.9182875247E-001
   1.5461395633E+000   2.0466109859E-001
   1.7007535196E+000   2.2845467060E-001
   1.8553674759E+000   2.7360668730E-001
   2.0099814323E+000   3.5828291584E-001
   2.1645953886E+000   5.1428968981E-001
   2.3192093449E+000   8.0285292177E-001
   2.4738233012E+000   1.3203497490E+000
   2.6284372576E+000   2.0634134526E+000
   2.7830512139E+000   2.6367314074E+000
   2.9376651702E+000   2.5050119629E+000
   3.0922791265E+000   1.8058401890E+000
   3.2468930829E+000   1.1185348243E+000
   3.4015070392E+000   6.8821232836E-001
   3.5561209955E+000   4.5404178942E-001
   3.7107349518E+000   3.2742929732E-001
   3.8653489082E+000   2.5934987806E-001
   4.0199628645E+000   2.2364728145E-001
   4.1745768208E+000   2.0512976419E-001
   4.3291907772E+000   1.9529846018E-001
   4.4838047335E+000   1.8975823003E-001
   4.6384186898E+000   1.8634116892E-001
   4.7930326461E+000   1.8399755012E-001
   4.9476466025E+000   1.8223908525E-001
   5.1022605588E+000   1.8087025186E-001
   5.2568745151E+000   1.7984770845E-001
   5.4114884714E+000   1.7919795840E-001
   5.5661024278E+000   1.7896539795E-001
   5.7207163841E+000   1.7918062221E-001
   5.8753303404E+000   1.7984535855E-001
   6.0299442968E+000   1.8093033400E-001
   6.1845582531E+000   1.8238526697E-001
   6.3391722094E+000   1.8416441751E-001
   6.4937861657E+000   1.8627117037E-001
   6.6484001221E+000   1.8882851796E-001
   6.8030140784E+000   1.9219580452E-001
   6.9576280347E+000   1.9718306446E-001
   7.1122419910E+000   2.0548738022E-001
   7.2668559474E+000   2.2058698269E-001
   7.4214699037E+000   2.4935711582E-001
   7.5760838600E+000   3.0443447613E-001
   7.7306978164E+000   4.0759042280E-001
   7.8853117727E+000   5.9814787323E-001
   8.0399257290E+000   9.5140513332E-001
   8.1945396853E+000   1.5580623127E+000
   8.3491536417E+000   2.3107968199E+000
   8.5037675980E+000   2.6881581879E+000
   8.6583815543E+000   2.3100582274E+000
   8.8129955106E+000   1.5565357955E+000
   8.9676094670E+000   9.4902125522E-001
   9.1222234233E+000   5.9484368151E-001
   9.2768373796E+000   4.0332038783E-001
   9.4314513359E+000   2.9917414061E-001
   9.5860652923E+000   2.4310400703E-001
   9.7406792486E+000   2.1335867719E-001
   9.8952932049E+000   1.9731824642E-001
   1.0049907161E+001   1.8812155695E-001
   1.0204521118E+001   1.8230267711E-001
   1.0359135074E+001   1.7817537487E-001
   1.0513749030E+001   1.7493883678E-001
   1.0668362987E+001   1.7224104425E-001
   1.0822976943E+001   1.6996438998E-001
   1.0977590899E+001   1.6810917262E-001
   1.1132204856E+001   1.6672354220E-001
   1.1286818812E+001   1.6585939829E-001
   1.1441432768E+001   1.6554725800E-001
   1.1596046725E+001   1.6578654151E-001
   1.1750660681E+001   1.6654779115E-001
   1.1905274637E+001   1.6778760579E-001
   1.2059888594E+001   1.6947999404E-001
   1.2214502550E+001   1.7166785093E-001
   1.2369116506E+001   1.7454484319E-001
   1.2523730462E+001   1.7859578908E-001
   1.2678344419E+001   1.8486551116E-001
   1.2832958375E+001   1.9551591141E-001
   1.2987572331E+001   2.1493469276E-001
   1.3142186288E+001   2.5160977542E-001
   1.3296800244E+001   3.2071483619E-001
   1.3451414200E+001   4.4837934482E-001
   1.3606028157E+001   6.8359793243E-001
   1.3760642113E+001   1.1149369107E+000
   1.3915256069E+001   1.8031881248E+000
   1.4069870026E+001   2.5031488057E+000
   1.4224483982E+001   2.6354052532E+000
   1.4379097938E+001   2.0624218862E+000
   1.4533711895E+001   1.3196704340E+000
   1.4688325851E+001   8.0257668127E-001
   1.4842939807E+001   5.1451462226E-001
   1.4997553764E+001   3.5908504531E-001
   1.5152167720E+001   2.7504283668E-001
   1.5306781676E+001   2.3056374361E-001
   1.5461395633E+001   2.0746343938E-001
   1.5616009589E+001   1.9532662556E-001
   1.5770623545E+001   1.8862898733E-001
   1.5925237502E+001   1.8461080609E-001
   1.6079851458E+001   1.8192496773E-001
   1.6234465414E+001   1.7992871423E-001
   1.6389079371E+001   1.7834275279E-001
   1.6543693327E+001   1.7707940010E-001
   1.6698307283E+001   1.7614561895E-001
   1.6852921240E+001   1.7558303491E-001
   1.7007535196E+001   1.7543029463E-001
   1.7162149152E+001   1.7570307672E-001
   1.7316763109E+001   1.7638816856E-001
   1.7471377065E+001   1.7744923677E-001
   1.7625991021E+001   1.7884666580E-001
   1.7780604978E+001   1.8057505136E-001
   1.7935218934E+001   1.8272303898E-001
   1.8089832890E+001   1.8557014307E-001
   1.8244446847E+001   1.8975842798E-001
   1.8399060803E+001   1.9663313646E-001
   1.8553674759E+001   2.0895055145E-001
   1.8708288716E+001   2.3222957886E-001
   1.8862902672E+001   2.7687806508E-001
   1.9017516628E+001   3.6107153251E-001
   1.9172130585E+001   5.1662521179E-001
   1.9326744541E+001   8.0477610504E-001
   1.9481358497E+001   1.3219226934E+000
   1.9635972454E+001   2.0647198860E+000
   1.9790586410E+001   2.6378212204E+000
   1.9945200366E+001   2.5058502210E+000
   2.0099814323E+001   1.8063739952E+000
   2.0254428279E+001   1.1187540904E+000
   2.0409042235E+001   6.8812026449E-001
   2.0563656191E+001   4.5363443664E-001
   2.0718270148E+001   3.2670421997E-001
   2.0872884104E+001   2.5831330225E-001
   2.1027498060E+001   2.2231309160E-001
   2.1182112017E+001   2.0351509561E-001
   2.1336725973E+001   1.9341964989E-001
   2.1491339929E+001   1.8762823147E-001
   2.1645953886E+001   1.8396814943E-001
   2.1800567842E+001   1.8138420982E-001
   2.1955181798E+001   1.7938248650E-001
   2.2109795755E+001   1.7776213985E-001
   2.2264409711E+001   1.7647534196E-001
   2.2419023667E+001   1.7554543600E-001
   2.2573637624E+001   1.7501542725E-001
   2.2728251580E+001   1.7491666155E-001
   2.2882865536E+001   1.7525406184E-001
   2.3037479493E+001   1.7600421874E-001
   2.3192093449E+001   1.7712547457E-001
   2.3346707405E+001   1.7858335718E-001
   2.3501321362E+001   1.8039476689E-001
   2.3655935318E+001   1.8269774994E-001
   2.3810549274E+001   1.8586727240E-001
   2.3965163231E+001   1.9072845528E-001
   2.4119777187E+001   1.9899166783E-001
   2.4274391143E+001   2.1414463683E-001
   2.4429005100E+001   2.4306445400E-001
   2.4583619056E+001   2.9837575002E-001
   2.4738233012E+001   4.0181755011E-001
   2.4892846969E+001   5.9265801627E-001
   2.5047460925E+001   9.4612199055E-001
   2.5202074881E+001   1.5528463891E+000
   2.5356688838E+001   2.3055670055E+000
   2.5511302794E+001   2.6830977220E+000
   2.5665916750E+001   2.3055511267E+000
   2.5820530707E+001   1.5528145382E+000
   2.5975144663E+001   9.4607398611E-001
   2.6129758619E+001   5.9259359721E-001
   2.6284372576E+001   4.0173638354E-001
   2.6438986532E+001   2.9827743651E-001
   2.6593600488E+001   2.4294853025E-001
   2.6748214445E+001   2.1401057695E-001
   2.6902828401E+001   1.9883888498E-001
   2.7057442357E+001   1.9055630456E-001
   2.7212056314E+001   1.8567505521E-001
   2.7366670270E+001   1.8248471937E-001
   2.7521284226E+001   1.8016013397E-001
   2.7675898183E+001   1.7832629769E-001
   2.7830512139E+001   1.7684513662E-001
   2.7985126095E+001   1.7569973092E-001
   2.8139740052E+001   1.7492454206E-001
   2.8294354008E+001   1.7456122641E-001
   2.8448967964E+001   1.7463320135E-001
   2.8603581920E+001   1.7513556072E-001
   2.8758195877E+001   1.7603698310E-001
   2.8912809833E+001   1.7729449314E-001
   2.9067423789E+001   1.7888477989E-001
   2.9222037746E+001   1.8085570210E-001
   2.9376651702E+001   1.8340812408E-001
   2.9531265658E+001   1.8703598425E-001
   2.9685879615E+001   1.9279446771E-001
   2.9840493571E+001   2.0285622289E-001
   2.9995107527E+001   2.2161968113E-001
   3.0149721484E+001   2.5758435582E-001
   3.0304335440E+001   3.2593854004E-001
   3.0458949396E+001   4.5283061539E-001
   3.0613563353E+001   6.8727671904E-001
   3.0768177309E+001   1.1178692235E+000
   3.0922791265E+001   1.8054468661E+000
   3.1077405222E+001   2.5048820466E+000
   3.1232019178E+001   2.6368166279E+000
   3.1386633134E+001   2.0636859632E+000
   3.1541247091E+001   1.3208663355E+000
   3.1695861047E+001   8.0370247612E-001
   3.1850475003E+001   5.1553812737E-001
   3.2005088960E+001   3.5997420434E-001
   3.2159702916E+001   2.7577337437E-001
   3.2314316872E+001   2.3112020032E-001
   3.2468930829E+001   2.0783915963E-001
   3.2623544785E+001   1.9552261135E-001
   3.2778158741E+001   1.8865198692E-001
   3.2932772698E+001   1.8447142425E-001
   3.3087386654E+001   1.8163618824E-001
   3.3242000610E+001   1.7950483878E-001
   3.3396614567E+001   1.7779862956E-001
   3.3551228523E+001   1.7642983646E-001
   3.3705842479E+001   1.7540492710E-001
   3.3860456436E+001   1.7476469264E-001
