  -3.4015070392E+001   1.7636148384E-001
  -3.3860456436E+001   1.7656540082E-001
  -3.3705842479E+001   1.7716608289E-001
  -3.3551228523E+001   1.7812720803E-001
  -3.3396614567E+001   1.7941001194E-001
  -3.3242000610E+001   1.8101073285E-001
  -3.3087386654E+001   1.8302036633E-001
  -3.2932772698E+001   1.8572137217E-001
  -3.2778158741E+001   1.8975922202E-001
  -3.2623544785E+001   1.9648288171E-001
  -3.2468930829E+001   2.0865253063E-001
  -3.2314316872E+001   2.3179103931E-001
  -3.2159702916E+001   2.7631025548E-001
  -3.2005088960E+001   3.6038975047E-001
  -3.1850475003E+001   5.1584865545E-001
  -3.1695861047E+001   8.0392675775E-001
  -3.1541247091E+001   1.3210225612E+000
  -3.1386633134E+001   2.0637903005E+000
  -3.1232019178E+001   2.6368916498E+000
  -3.1077405222E+001   2.5049627941E+000
  -3.0922791265E+001   1.8055649942E+000
  -3.0768177309E+001   1.1180437139E+000
  -3.0613563353E+001   6.8752403800E-001
  -3.0458949396E+001   4.5316952078E-001
  -3.0304335440E+001   3.2638718438E-001
  -3.0149721484E+001   2.5815784093E-001
  -2.9995107527E+001   2.2232923918E-001
  -2.9840493571E+001   2.0370896592E-001
  -2.9685879615E+001   1.9379325214E-001
  -2.9531265658E+001   1.8817933900E-001
  -2.9376651702E+001   1.8469026728E-001
  -2.9222037746E+001   1.8226666414E-001
  -2.9067423789E+001   1.8041064143E-001
  -2.8912809833E+001   1.7891774380E-001
  -2.8758195877E+001   1.7773700486E-001
  -2.8603581920E+001   1.7688923271E-001
  -2.8448967964E+001   1.7641561201E-001
  -2.8294354008E+001   1.7634646733E-001
  -2.8139740052E+001   1.7668654878E-001
  -2.7985126095E+001   1.7741313052E-001
  -2.7830512139E+001   1.7848606131E-001
  -2.7675898183E+001   1.7987312749E-001
  -2.7521284226E+001   1.8159413925E-001
  -2.7366670270E+001   1.8379058523E-001
  -2.7212056314E+001   1.8684128119E-001
  -2.7057442357E+001   1.9157548202E-001
  -2.6902828401E+001   1.9970785727E-001
  -2.6748214445E+001   2.1473048963E-001
  -2.6593600488E+001   2.4352478558E-001
  -2.6438986532E+001   2.9871957692E-001
  -2.6284372576E+001   4.0205789912E-001
  -2.6129758619E+001   5.9281139172E-001
  -2.5975144663E+001   9.4620657783E-001
  -2.5820530707E+001   1.5528787517E+000
  -2.5665916750E+001   2.3055633130E+000
  -2.5511302794E+001   2.6830844489E+000
  -2.5356688838E+001   2.3055639905E+000
  -2.5202074881E+001   1.5528801384E+000
  -2.5047460925E+001   9.4620873279E-001
  -2.4892846969E+001   5.9281439375E-001
  -2.4738233012E+001   4.0206184064E-001
  -2.4583619056E+001   2.9872456075E-001
  -2.4429005100E+001   2.4353092487E-001
  -2.4274391143E+001   2.1473790984E-001
  -2.4119777187E+001   1.9971669850E-001
  -2.3965163231E+001   1.9158590089E-001
  -2.3810549274E+001   1.8685345216E-001
  -2.3655935318E+001   1.8380470183E-001
  -2.3501321362E+001   1.8161041555E-001
  -2.3346707405E+001   1.7989179992E-001
  -2.3192093449E+001   1.7850739094E-001
  -2.3037479493E+001   1.7743740555E-001
  -2.2882865536E+001   1.7671408704E-001
  -2.2728251580E+001   1.7637761856E-001
  -2.2573637624E+001   1.7645075972E-001
  -2.2419023667E+001   1.7692879528E-001
  -2.2264409711E+001   1.7778143542E-001
  -2.2109795755E+001   1.7896752848E-001
  -2.1955181798E+001   1.8046629554E-001
  -2.1800567842E+001   1.8232872573E-001
  -2.1645953886E+001   1.8475928746E-001
  -2.1491339929E+001   1.8825586829E-001
  -2.1336725973E+001   1.9387782080E-001
  -2.1182112017E+001   2.0380205570E-001
  -2.1027498060E+001   2.2243124447E-001
  -2.0872884104E+001   2.5826902181E-001
  -2.0718270148E+001   3.2650762263E-001
  -2.0563656191E+001   4.5329909108E-001
  -2.0409042235E+001   6.8766239446E-001
  -2.0254428279E+001   1.1181903406E+000
  -2.0099814323E+001   1.8057195781E+000
  -1.9945200366E+001   2.5051261468E+000
  -1.9790586410E+001   2.6370664838E+000
  -1.9635972454E+001   2.0639805811E+000
  -1.9481358497E+001   1.3212317613E+000
  -1.9326744541E+001   8.0415685858E-001
  -1.9172130585E+001   5.1610040034E-001
  -1.9017516628E+001   3.6066310228E-001
  -1.8862902672E+001   2.7660450596E-001
  -1.8708288716E+001   2.3210479652E-001
  -1.8553674759E+001   2.0898375221E-001
  -1.8399060803E+001   1.9682890810E-001
  -1.8244446847E+001   1.9011676251E-001
  -1.8089832890E+001   1.8608645694E-001
  -1.7935218934E+001   1.8338829582E-001
  -1.7780604978E+001   1.8137604359E-001
  -1.7625991021E+001   1.7976646144E-001
  -1.7471377065E+001   1.7846777278E-001
  -1.7316763109E+001   1.7748296408E-001
  -1.7162149152E+001   1.7685003671E-001
  -1.7007535196E+001   1.7660457174E-001
  -1.6852921240E+001   1.7675991174E-001
  -1.6698307283E+001   1.7730136675E-001
  -1.6543693327E+001   1.7819206761E-001
  -1.6389079371E+001   1.7939284113E-001
  -1.6234465414E+001   1.8089970007E-001
  -1.6079851458E+001   1.8280364476E-001
  -1.5925237502E+001   1.8538741892E-001
  -1.5770623545E+001   1.8929711677E-001
  -1.5616009589E+001   1.9588275091E-001
  -1.5461395633E+001   2.0790608829E-001
  -1.5306781676E+001   2.3089223100E-001
  -1.5152167720E+001   2.7525585969E-001
  -1.4997553764E+001   3.5917962901E-001
  -1.4842939807E+001   5.1448537745E-001
  -1.4688325851E+001   8.0241445798E-001
  -1.4533711895E+001   1.3193638134E+000
  -1.4379097938E+001   2.0619777865E+000
  -1.4224483982E+001   2.6348959388E+000
  -1.4069870026E+001   2.5027297613E+000
  -1.3915256069E+001   1.8030328568E+000
  -1.3760642113E+001   1.1151648622E+000
  -1.3606028157E+001   6.8427204962E-001
  -1.3451414200E+001   4.4953453229E-001
  -1.3296800244E+001   3.2237174208E-001
  -1.3142186288E+001   2.5377545071E-001
  -1.2987572331E+001   2.1760298783E-001
  -1.2832958375E+001   1.9866987416E-001
  -1.2678344419E+001   1.8847917602E-001
  -1.2523730462E+001   1.8263451459E-001
  -1.2369116506E+001   1.7896504428E-001
  -1.2214502550E+001   1.7641703674E-001
  -1.2059888594E+001   1.7449746246E-001
  -1.1905274637E+001   1.7300570684E-001
  -1.1750660681E+001   1.7189352883E-001
  -1.1596046725E+001   1.7118333742E-001
  -1.1441432768E+001   1.7091680247E-001
  -1.1286818812E+001   1.7112358839E-001
  -1.1132204856E+001   1.7180653771E-001
  -1.0977590899E+001   1.7293958929E-001
  -1.0822976943E+001   1.7447759779E-001
  -1.0668362987E+001   1.7638147398E-001
  -1.0513749030E+001   1.7866214569E-001
  -1.0359135074E+001   1.8145029798E-001
  -1.0204521118E+001   1.8511241583E-001
  -1.0049907161E+001   1.9046460647E-001
  -9.8952932049E+000   1.9920846793E-001
  -9.7406792486E+000   2.1482391730E-001
  -9.5860652923E+000   2.4418166686E-001
  -9.4314513359E+000   2.9990170864E-001
  -9.2768373796E+000   4.0372051887E-001
  -9.1222234233E+000   5.9490447558E-001
  -8.9676094670E+000   9.4866789248E-001
  -8.8129955106E+000   1.5556137346E+000
  -8.6583815543E+000   2.3084540025E+000
  -8.5037675980E+000   2.6860752351E+000
  -8.3491536417E+000   2.3086879694E+000
  -8.1945396853E+000   1.5561549628E+000
  -8.0399257290E+000   9.4960854560E-001
  -7.8853117727E+000   5.9631574609E-001
  -7.7306978164E+000   4.0564837298E-001
  -7.5760838600E+000   3.0237136700E-001
  -7.4214699037E+000   2.4719930761E-001
  -7.2668559474E+000   2.1837947699E-001
  -7.1122419910E+000   2.0327990645E-001
  -6.9576280347E+000   1.9502125994E-001
  -6.8030140784E+000   1.9011672444E-001
  -6.6484001221E+000   1.8685866742E-001
  -6.4937861657E+000   1.8442576394E-001
  -6.3391722094E+000   1.8244738828E-001
  -6.1845582531E+000   1.8078994616E-001
  -6.0299442968E+000   1.7944075569E-001
  -5.8753303404E+000   1.7843806468E-001
  -5.7207163841E+000   1.7782679785E-001
  -5.5661024278E+000   1.7763316854E-001
  -5.4114884714E+000   1.7785470739E-001
  -5.2568745151E+000   1.7846230318E-001
  -5.1022605588E+000   1.7941507732E-001
  -4.9476466025E+000   1.8069178263E-001
  -4.7930326461E+000   1.8234236261E-001
  -4.6384186898E+000   1.8456983275E-001
  -4.4838047335E+000   1.8787041270E-001
  -4.3291907772E+000   1.9330178691E-001
  -4.1745768208E+000   2.0303932779E-001
  -4.0199628645E+000   2.2148403550E-001
  -3.8653489082E+000   2.5713664265E-001
  -3.7107349518E+000   3.2518316660E-001
  -3.5561209955E+000   4.5176320614E-001
  -3.4015070392E+000   6.8587113576E-001
  -3.2468930829E+000   1.1160529087E+000
  -3.0922791265E+000   1.8031020166E+000
  -2.9376651702E+000   2.5019867964E+000
  -2.7830512139E+000   2.6336128905E+000
  -2.6284372576E+000   2.0604629083E+000
  -2.4738233012E+000   1.3176407070E+000
  -2.3192093449E+000   8.0031810706E-001
  -2.1645953886E+000   5.1186875292E-001
  -2.0099814323E+000   3.5596137140E-001
  -1.8553674759E+000   2.7140165790E-001
  -1.7007535196E+000   2.2640000966E-001
  -1.5461395633E+000   2.0279688758E-001
  -1.3915256069E+000   1.9019401262E-001
  -1.2369116506E+000   1.8307862002E-001
  -1.0822976943E+000   1.7869926728E-001
  -9.2768373796E-001   1.7571503581E-001
  -7.7306978164E-001   1.7348763496E-001
  -6.1845582531E-001   1.7174055335E-001
  -4.6384186898E-001   1.7038728582E-001
  -3.0922791265E-001   1.6943457725E-001
  -1.5461395633E-001   1.6892270887E-001
   0.0000000000E+000   1.6888809400E-001
   1.5461395633E-001   1.6934342336E-001
   3.0922791265E-001   1.7027174298E-001
   4.6384186898E-001   1.7163210835E-001
   6.1845582531E-001   1.7337924277E-001
   7.7306978164E-001   1.7550086932E-001
   9.2768373796E-001   1.7807750965E-001
   1.0822976943E+000   1.8137948109E-001
   1.2369116506E+000   1.8603901281E-001
   1.3915256069E+000   1.9339151840E-001
   1.5461395633E+000   2.0618421220E-001
   1.7007535196E+000   2.2992851741E-001
   1.8553674759E+000   2.7502737152E-001
   2.0099814323E+000   3.5965510312E-001
   2.1645953886E+000   5.1562973377E-001
   2.3192093449E+000   8.0419100461E-001
   2.4738233012E+000   1.3217286897E+000
   2.6284372576E+000   2.0648757184E+000
   2.7830512139E+000   2.6382895641E+000
   2.9376651702E+000   2.5066375217E+000
   3.0922791265E+000   1.8075021235E+000
   3.2468930829E+000   1.1202332251E+000
   3.4015070392E+000   6.8996722418E-001
   3.5561209955E+000   4.5587234937E-001
   3.7107349518E+000   3.2934645156E-001
   3.8653489082E+000   2.6135672727E-001
   4.0199628645E+000   2.2574122473E-001
   4.1745768208E+000   2.0730456484E-001
   4.3291907772E+000   1.9754575093E-001
   4.4838047335E+000   1.9206843386E-001
   4.6384186898E+000   1.8870402432E-001
   4.7930326461E+000   1.8640239860E-001
   4.9476466025E+000   1.8467500375E-001
   5.1022605588E+000   1.8332608884E-001
   5.2568745151E+000   1.8231209026E-001
   5.4114884714E+000   1.8165933117E-001
   5.5661024278E+000   1.8141214763E-001
   5.7207163841E+000   1.8160128206E-001
   5.8753303404E+000   1.8222888259E-001
   6.0299442968E+000   1.8326639318E-001
   6.1845582531E+000   1.8466451682E-001
   6.3391722094E+000   1.8637869348E-001
   6.4937861657E+000   1.8841358751E-001
   6.6484001221E+000   1.9089348215E-001
   6.8030140784E+000   1.9417897339E-001
   6.9576280347E+000   1.9908131291E-001
   7.1122419910E+000   2.0729882037E-001
   7.2668559474E+000   2.2231108289E-001
   7.4214699037E+000   2.5099499769E-001
   7.5760838600E+000   3.0598954504E-001
   7.7306978164E+000   4.0906952112E-001
   7.8853117727E+000   5.9956310576E-001
   8.0399257290E+000   9.5277595642E-001
   8.1945396853E+000   1.5594132728E+000
   8.3491536417E+000   2.3121398387E+000
   8.5037675980E+000   2.6894692829E+000
   8.6583815543E+000   2.3112997369E+000
   8.8129955106E+000   1.5577124263E+000
   8.9676094670E+000   9.5018379043E-001
   9.1222234233E+000   5.9605050548E-001
   9.2768373796E+000   4.0461559081E-001
   9.4314513359E+000   3.0058488274E-001
   9.5860652923E+000   2.4464263666E-001
   9.7406792486E+000   2.1502567391E-001
   9.8952932049E+000   1.9910515170E-001
   1.0049907161E+001   1.9001304494E-001
   1.0204521118E+001   1.8427772571E-001
   1.0359135074E+001   1.8020801498E-001
   1.0513749030E+001   1.7699887161E-001
   1.0668362987E+001   1.7429486966E-001
   1.0822976943E+001   1.7197588504E-001
   1.0977590899E+001   1.7004059396E-001
   1.1132204856E+001   1.6853638158E-001
   1.1286818812E+001   1.6751519360E-001
   1.1441432768E+001   1.6700836633E-001
   1.1596046725E+001   1.6701688917E-001
   1.1750660681E+001   1.6751361346E-001
   1.1905274637E+001   1.6845818461E-001
   1.2059888594E+001   1.6982839420E-001
   1.2214502550E+001   1.7167164149E-001
   1.2369116506E+001   1.7418676262E-001
   1.2523730462E+001   1.7786427847E-001
   1.2678344419E+001   1.8375502171E-001
   1.2832958375E+001   1.9402693882E-001
   1.2987572331E+001   2.1307364488E-001
   1.3142186288E+001   2.4938899203E-001
   1.3296800244E+001   3.1815309940E-001
   1.3451414200E+001   4.4550264825E-001
   1.3606028157E+001   6.8043936404E-001
   1.3760642113E+001   1.1115353266E+000
   1.3915256069E+001   1.7995898967E+000
   1.4069870026E+001   2.4994187993E+000
   1.4224483982E+001   2.6316323652E+000
   1.4379097938E+001   2.0586905903E+000
   1.4533711895E+001   1.3160299377E+000
   1.4688325851E+001   7.9905024736E-001
   1.4842939807E+001   5.1111957310E-001
   1.4997553764E+001   3.5583840050E-001
   1.5152167720E+001   2.7196024086E-001
   1.5306781676E+001   2.2765862498E-001
   1.5461395633E+001   2.0474673249E-001
   1.5616009589E+001   1.9280637894E-001
   1.5770623545E+001   1.8630983776E-001
   1.5925237502E+001   1.8249353462E-001
   1.6079851458E+001   1.8000625503E-001
   1.6234465414E+001   1.7820110729E-001
   1.6389079371E+001   1.7679481911E-001
   1.6543693327E+001   1.7569604965E-001
   1.6698307283E+001   1.7490858148E-001
   1.6852921240E+001   1.7447147832E-001
   1.7007535196E+001   1.7442156011E-001
   1.7162149152E+001   1.7477349580E-001
   1.7316763109E+001   1.7551391952E-001
   1.7471377065E+001   1.7660719515E-001
   1.7625991021E+001   1.7801520621E-001
   1.7780604978E+001   1.7973476496E-001
   1.7935218934E+001   1.8185734178E-001
   1.8089832890E+001   1.8466576214E-001
   1.8244446847E+001   1.8880576319E-001
   1.8399060803E+001   1.9562650068E-001
   1.8553674759E+001   2.0788829521E-001
   1.8708288716E+001   2.3111411193E-001
   1.8862902672E+001   2.7571580036E-001
   1.9017516628E+001   3.5987277074E-001
   1.9172130585E+001   5.1540382708E-001
   1.9326744541E+001   8.0354833857E-001
   1.9481358497E+001   1.3207041656E+000
   1.9635972454E+001   2.0635242473E+000
   1.9790586410E+001   2.6366686486E+000
   1.9945200366E+001   2.5047733939E+000
   2.0099814323E+001   1.8054020497E+000
   2.0254428279E+001   1.1179032786E+000
   2.0409042235E+001   6.8740422639E-001
   2.0563656191E+001   4.5306913397E-001
   2.0718270148E+001   3.2630509254E-001
   2.0872884104E+001   2.5809283428E-001
   2.1027498060E+001   2.2227999611E-001
   2.1182112017E+001   2.0367406509E-001
   2.1336725973E+001   1.9377121964E-001
   2.1491339929E+001   1.8816870555E-001
   2.1645953886E+001   1.8468961559E-001
   2.1800567842E+001   1.8227466133E-001
   2.1955181798E+001   1.8042605935E-001
   2.2109795755E+001   1.7893947087E-001
   2.2264409711E+001   1.7776405153E-001
   2.2419023667E+001   1.7692073212E-001
   2.2573637624E+001   1.7645081684E-001
   2.2728251580E+001   1.7638474341E-001
   2.2882865536E+001   1.7672736637E-001
   2.3037479493E+001   1.7745605437E-001
   2.3192093449E+001   1.7853074015E-001
   2.3346707405E+001   1.7991928324E-001
   2.3501321362E+001   1.8164155667E-001
   2.3655935318E+001   1.8383910227E-001
   2.3810549274E+001   1.8689077995E-001
   2.3965163231E+001   1.9162588020E-001
   2.4119777187E+001   1.9975910048E-001
   2.4274391143E+001   2.1478254453E-001
   2.4429005100E+001   2.4357763392E-001
   2.4583619056E+001   2.9877321114E-001
   2.4738233012E+001   4.0211231923E-001
   2.4892846969E+001   5.9286660254E-001
   2.5047460925E+001   9.4626258493E-001
   2.5202074881E+001   1.5529355551E+000
   2.5356688838E+001   2.3056208985E+000
   2.5511302794E+001   2.6831427789E+000
   2.5665916750E+001   2.3056229977E+000
   2.5820530707E+001   1.5529397250E+000
   2.5975144663E+001   9.4626877334E-001
   2.6129758619E+001   5.9287474203E-001
   2.6284372576E+001   4.0212233474E-001
   2.6438986532E+001   2.9878502580E-001
   2.6593600488E+001   2.4359117262E-001
   2.6748214445E+001   2.1479773655E-001
   2.6902828401E+001   1.9977588252E-001
   2.7057442357E+001   1.9164420083E-001
   2.7212056314E+001   1.8691060550E-001
   2.7366670270E+001   1.8386042387E-001
   2.7521284226E+001   1.8166439810E-001
   2.7675898183E+001   1.7994370956E-001
   2.7830512139E+001   1.7855686698E-001
   2.7985126095E+001   1.7748405777E-001
   2.8139740052E+001   1.7675749343E-001
   2.8294354008E+001   1.7641732323E-001
   2.8448967964E+001   1.7648627136E-001
   2.8603581920E+001   1.7695958631E-001
   2.8758195877E+001   1.7780694240E-001
   2.8912809833E+001   1.7898715411E-001
   2.9067423789E+001   1.8047941283E-001
   2.9222037746E+001   1.8233468468E-001
   2.9376651702E+001   1.8475742502E-001
   2.9531265658E+001   1.8824552234E-001
   2.9685879615E+001   1.9385835010E-001
   2.9840493571E+001   2.0377286843E-001
   2.9995107527E+001   2.2239183730E-001
   3.0149721484E+001   2.5821902722E-001
   3.0304335440E+001   3.2644685312E-001
   3.0458949396E+001   4.5322756822E-001
   3.0613563353E+001   6.8758036264E-001
   3.0768177309E+001   1.1180982168E+000
   3.0922791265E+001   1.8056175791E+000
   3.1077405222E+001   2.5050133677E+000
   3.1232019178E+001   2.6369401221E+000
   3.1386633134E+001   2.0638365849E+000
   3.1541247091E+001   1.3210665747E+000
   3.1695861047E+001   8.0396842126E-001
   3.1850475003E+001   5.1588789381E-001
   3.2005088960E+001   3.6042649274E-001
   3.2159702916E+001   2.7634443507E-001
   3.2314316872E+001   2.3182259418E-001
   3.2468930829E+001   2.0868140340E-001
   3.2623544785E+001   1.9650901978E-001
   3.2778158741E+001   1.8978257769E-001
   3.2932772698E+001   1.8574190280E-001
   3.3087386654E+001   1.8303803437E-001
   3.3242000610E+001   1.8102550595E-001
   3.3396614567E+001   1.7942186305E-001
   3.3551228523E+001   1.7813611545E-001
   3.3705842479E+001   1.7717203026E-001
   3.3860456436E+001   1.7656837723E-001
