  -3.4015070392E+001   1.6855437334E-001
  -3.3860456436E+001   1.6885688642E-001
  -3.3705842479E+001   1.6974697732E-001
  -3.3551228523E+001   1.7117779239E-001
  -3.3396614567E+001   1.7309314919E-001
  -3.3242000610E+001   1.7546533864E-001
  -3.3087386654E+001   1.7835564876E-001
  -3.2932772698E+001   1.8201240729E-001
  -3.2778158741E+001   1.8704446134E-001
  -3.2623544785E+001   1.9476402052E-001
  -3.2468930829E+001   2.0789685824E-001
  -3.2314316872E+001   2.3193612419E-001
  -3.2159702916E+001   2.7727071485E-001
  -3.2005088960E+001   3.6206543885E-001
  -3.1850475003E+001   5.1813018413E-001
  -3.1695861047E+001   8.0668291278E-001
  -3.1541247091E+001   1.3240524686E+000
  -3.1386633134E+001   2.0668205775E+000
  -3.1232019178E+001   2.6397949371E+000
  -3.1077405222E+001   2.5079017958E+000
  -3.0922791265E+001   1.8086239437E+000
  -3.0768177309E+001   1.1210119782E+000
  -3.0613563353E+001   6.9014083449E-001
  -3.0458949396E+001   4.5526356220E-001
  -3.0304335440E+001   3.2783811617E-001
  -3.0149721484E+001   2.5885936379E-001
  -2.9995107527E+001   2.2218521873E-001
  -2.9840493571E+001   2.0264080490E-001
  -2.9685879615E+001   1.9174777314E-001
  -2.9531265658E+001   1.8513489176E-001
  -2.9376651702E+001   1.8066066091E-001
  -2.9222037746E+001   1.7730269614E-001
  -2.9067423789E+001   1.7459914901E-001
  -2.8912809833E+001   1.7237840712E-001
  -2.8758195877E+001   1.7061740860E-001
  -2.8603581920E+001   1.6935879248E-001
  -2.8448967964E+001   1.6865888923E-001
  -2.8294354008E+001   1.6855622325E-001
  -2.8139740052E+001   1.6905671879E-001
  -2.7985126095E+001   1.7013179066E-001
  -2.7830512139E+001   1.7172844245E-001
  -2.7675898183E+001   1.7379481359E-001
  -2.7521284226E+001   1.7632473954E-001
  -2.7366670270E+001   1.7942835076E-001
  -2.7212056314E+001   1.8344926201E-001
  -2.7057442357E+001   1.8917978756E-001
  -2.6902828401E+001   1.9829835435E-001
  -2.6748214445E+001   2.1426395542E-001
  -2.6593600488E+001   2.4393031808E-001
  -2.6438986532E+001   2.9990597235E-001
  -2.6284372576E+001   4.0392176778E-001
  -2.6129758619E+001   5.9523913731E-001
  -2.5975144663E+001   9.4905038151E-001
  -2.5820530707E+001   1.5559055442E+000
  -2.5665916750E+001   2.3085137422E+000
  -2.5511302794E+001   2.6859370353E+000
  -2.5356688838E+001   2.3085104826E+000
  -2.5202074881E+001   1.5558990567E+000
  -2.5047460925E+001   9.4904072597E-001
  -2.4892846969E+001   5.9522639664E-001
  -2.4738233012E+001   4.0390604372E-001
  -2.4583619056E+001   2.9988738363E-001
  -2.4429005100E+001   2.4390900120E-001
  -2.4274391143E+001   2.1424006702E-001
  -2.4119777187E+001   1.9827207404E-001
  -2.3965163231E+001   1.8915132052E-001
  -2.3810549274E+001   1.8341884142E-001
  -2.3655935318E+001   1.7939624024E-001
  -2.3501321362E+001   1.7629123599E-001
  -2.3346707405E+001   1.7376025057E-001
  -2.3192093449E+001   1.7169319405E-001
  -2.3037479493E+001   1.7009627572E-001
  -2.2882865536E+001   1.6902140542E-001
  -2.2728251580E+001   1.6852163335E-001
  -2.2573637624E+001   1.6862560293E-001
  -2.2419023667E+001   1.6932745214E-001
  -2.2264409711E+001   1.7058872214E-001
  -2.2109795755E+001   1.7235315017E-001
  -2.1955181798E+001   1.7457816549E-001
  -2.1800567842E+001   1.7728689690E-001
  -2.1645953886E+001   1.8065101993E-001
  -2.1491339929E+001   1.8513243904E-001
  -2.1336725973E+001   1.9175358266E-001
  -2.1182112017E+001   2.0265597565E-001
  -2.1027498060E+001   2.2221084669E-001
  -2.0872884104E+001   2.5889650697E-001
  -2.0718270148E+001   3.2788776209E-001
  -2.0563656191E+001   4.5532660849E-001
  -2.0409042235E+001   6.9021808278E-001
  -2.0254428279E+001   1.1211041822E+000
  -2.0099814323E+001   1.8087321240E+000
  -1.9945200366E+001   2.5080280064E+000
  -1.9790586410E+001   2.6399429136E+000
  -1.9635972454E+001   2.0669952137E+000
  -1.9481358497E+001   1.3242583892E+000
  -1.9326744541E+001   8.0692365693E-001
  -1.9172130585E+001   5.1840841756E-001
  -1.9017516628E+001   3.6238333309E-001
  -1.8862902672E+001   2.7763004110E-001
  -1.8708288716E+001   2.3233824662E-001
  -1.8553674759E+001   2.0834276330E-001
  -1.8399060803E+001   1.9525434316E-001
  -1.8244446847E+001   1.8757946926E-001
  -1.8089832890E+001   1.8259195463E-001
  -1.7935218934E+001   1.7897912580E-001
  -1.7780604978E+001   1.7613163284E-001
  -1.7625991021E+001   1.7380061929E-001
  -1.7471377065E+001   1.7192425126E-001
  -1.7316763109E+001   1.7052967881E-001
  -1.7162149152E+001   1.6967251506E-001
  -1.7007535196E+001   1.6939904037E-001
  -1.6852921240E+001   1.6972625661E-001
  -1.6698307283E+001   1.7063606363E-001
  -1.6543693327E+001   1.7208113197E-001
  -1.6389079371E+001   1.7400489780E-001
  -1.6234465414E+001   1.7637940521E-001
  -1.6079851458E+001   1.7926587170E-001
  -1.5925237502E+001   1.8291277730E-001
  -1.5770623545E+001   1.8792940534E-001
  -1.5616009589E+001   1.9562877731E-001
  -1.5461395633E+001   2.0873798415E-001
  -1.5306781676E+001   2.3275212179E-001
  -1.5152167720E+001   2.7806263661E-001
  -1.4997553764E+001   3.6283715677E-001
  -1.4842939807E+001   5.1888810016E-001
  -1.4688325851E+001   8.0743503534E-001
  -1.4533711895E+001   1.3248052689E+000
  -1.4379097938E+001   2.0675692412E+000
  -1.4224483982E+001   2.6405081514E+000
  -1.4069870026E+001   2.5085178285E+000
  -1.3915256069E+001   1.8090707279E+000
  -1.3760642113E+001   1.1212328053E+000
  -1.3606028157E+001   6.9010127378E-001
  -1.3451414200E+001   4.5494415606E-001
  -1.3296800244E+001   3.2722852872E-001
  -1.3142186288E+001   2.5795665062E-001
  -1.2987572331E+001   2.2099247591E-001
  -1.2832958375E+001   2.0116545118E-001
  -1.2678344419E+001   1.9000041645E-001
  -1.2523730462E+001   1.8312897648E-001
  -1.2369116506E+001   1.7841243241E-001
  -1.2214502550E+001   1.7483106471E-001
  -1.2059888594E+001   1.7192533696E-001
  -1.1905274637E+001   1.6952547795E-001
  -1.1750660681E+001   1.6760983903E-001
  -1.1596046725E+001   1.6622221611E-001
  -1.1441432768E+001   1.6542007202E-001
  -1.1286818812E+001   1.6524326590E-001
  -1.1132204856E+001   1.6569943972E-001
  -1.0977590899E+001   1.6676221068E-001
  -1.0822976943E+001   1.6838125342E-001
  -1.0668362987E+001   1.7050768659E-001
  -1.0513749030E+001   1.7313834080E-001
  -1.0359135074E+001   1.7638599525E-001
  -1.0204521118E+001   1.8059625386E-001
  -1.0049907161E+001   1.8656260037E-001
  -9.8952932049E+000   1.9596362487E-001
  -9.7406792486E+000   2.1225644930E-001
  -9.5860652923E+000   2.4228765966E-001
  -9.4314513359E+000   2.9864733420E-001
  -9.2768373796E+000   4.0302980099E-001
  -9.1222234233E+000   5.9463564293E-001
  -8.9676094670E+000   9.4856007512E-001
  -8.8129955106E+000   1.5552367400E+000
  -8.6583815543E+000   2.3074305360E+000
  -8.5037675980E+000   2.6846447035E+000
  -8.3491536417E+000   2.3075684877E+000
  -8.1945396853E+000   1.5555727832E+000
  -8.0399257290E+000   9.4917080468E-001
  -7.8853117727E+000   5.9558158715E-001
  -7.7306978164E+000   4.0435110244E-001
  -7.5760838600E+000   3.0036673255E-001
  -7.4214699037E+000   2.4441171164E-001
  -7.2668559474E+000   2.1477786623E-001
  -7.1122419910E+000   1.9886481219E-001
  -6.9576280347E+000   1.8981842247E-001
  -6.8030140784E+000   1.8417546704E-001
  -6.6484001221E+000   1.8025199502E-001
  -6.4937861657E+000   1.7724990683E-001
  -6.3391722094E+000   1.7481997298E-001
  -6.1845582531E+000   1.7284693058E-001
  -6.0299442968E+000   1.7133256786E-001
  -5.8753303404E+000   1.7032532051E-001
  -5.7207163841E+000   1.6987581269E-001
  -5.5661024278E+000   1.7001133478E-001
  -5.4114884714E+000   1.7072572384E-001
  -5.2568745151E+000   1.7198123263E-001
  -5.1022605588E+000   1.7372326949E-001
  -4.9476466025E+000   1.7591180811E-001
  -4.7930326461E+000   1.7857325607E-001
  -4.6384186898E+000   1.8188311166E-001
  -4.4838047335E+000   1.8630743213E-001
  -4.3291907772E+000   1.9287290155E-001
  -4.1745768208E+000   2.0372499594E-001
  -4.0199628645E+000   2.2323745090E-001
  -3.8653489082E+000   2.5988695169E-001
  -3.7107349518E+000   3.2883816860E-001
  -3.5561209955E+000   4.5620945680E-001
  -3.4015070392E+000   6.9096148637E-001
  -3.2468930829E+000   1.1215616761E+000
  -3.0922791265E+000   1.8086986662E+000
  -2.9376651702E+000   2.5074478717E+000
  -2.7830512139E+000   2.6391361012E+000
  -2.6284372576E+000   2.0663536310E+000
  -2.4738233012E+000   1.3237982804E+000
  -2.3192093449E+000   8.0640540200E-001
  -2.1645953886E+000   5.1761860211E-001
  -2.0099814323E+000   3.6120265585E-001
  -1.8553674759E+000   2.7600633750E-001
  -1.7007535196E+000   2.3026163348E-001
  -1.5461395633E+000   2.0582835705E-001
  -1.3915256069E+000   1.9232986419E-001
  -1.2369116506E+000   1.8427827131E-001
  -1.0822976943E+000   1.7895005979E-001
  -9.2768373796E-001   1.7503402857E-001
  -7.7306978164E-001   1.7192153467E-001
  -6.1845582531E-001   1.6936374525E-001
  -4.6384186898E-001   1.6729834579E-001
  -3.0922791265E-001   1.6575181104E-001
  -1.5461395633E-001   1.6477921871E-001
   0.0000000000E+000   1.6442671932E-001
   1.5461395633E-001   1.6471174103E-001
   3.0922791265E-001   1.6561719273E-001
   4.6384186898E-001   1.6709724059E-001
   6.1845582531E-001   1.6909708306E-001
   7.7306978164E-001   1.7159046572E-001
   9.2768373796E-001   1.7463986108E-001
   1.0822976943E+000   1.7849419951E-001
   1.2369116506E+000   1.8376217181E-001
   1.3915256069E+000   1.9175499856E-001
   1.5461395633E+000   2.0519623087E-001
   1.7007535196E+000   2.2957389762E-001
   1.8553674759E+000   2.7526512659E-001
   2.0099814323E+000   3.6041131238E-001
   2.1645953886E+000   5.1678299524E-001
   2.3192093449E+000   8.0553632370E-001
   2.4738233012E+000   1.3229139728E+000
   2.6284372576E+000   2.0654729533E+000
   2.7830512139E+000   2.6382532793E+000
   2.9376651702E+000   2.5065269365E+000
   3.0922791265E+000   1.8077209874E+000
   3.2468930829E+000   1.1205518454E+000
   3.4015070392E+000   6.8995912367E-001
   3.5561209955E+000   4.5524668394E-001
   3.7107349518E+000   3.2793845291E-001
   3.8653489082E+000   2.5906854325E-001
   4.0199628645E+000   2.2251581128E-001
   4.1745768208E+000   2.0311465616E-001
   4.3291907772E+000   1.9238874959E-001
   4.4838047335E+000   1.8596534468E-001
   4.6384186898E+000   1.8170015229E-001
   4.7930326461E+000   1.7856768472E-001
   4.9476466025E+000   1.7610300185E-001
   5.1022605588E+000   1.7413154154E-001
   5.2568745151E+000   1.7262749016E-001
   5.4114884714E+000   1.7163089495E-001
   5.5661024278E+000   1.7119550899E-001
   5.7207163841E+000   1.7135706351E-001
   5.8753303404E+000   1.7211819434E-001
   6.0299442968E+000   1.7344625511E-001
   6.1845582531E+000   1.7528320938E-001
   6.3391722094E+000   1.7757110695E-001
   6.4937861657E+000   1.8029675365E-001
   6.6484001221E+000   1.8356262212E-001
   6.8030140784E+000   1.8770452532E-001
   6.9576280347E+000   1.9350740802E-001
   7.1122419910E+000   2.0264342407E-001
   7.2668559474E+000   2.1856741015E-001
   7.4214699037E+000   2.4813298033E-001
   7.5760838600E+000   3.0395566948E-001
   7.7306978164E+000   4.0778341903E-001
   7.8853117727E+000   5.9890504531E-001
   8.0399257290E+000   9.5254622923E-001
   8.1945396853E+000   1.5592814852E+000
   8.3491536417E+000   2.3117954339E+000
   8.5037675980E+000   2.6890529957E+000
   8.6583815543E+000   2.3113120641E+000
   8.8129955106E+000   1.5582784994E+000
   8.9676094670E+000   9.5097224991E-001
   9.1222234233E+000   5.9671318106E-001
   9.2768373796E+000   4.0493984714E-001
   9.4314513359E+000   3.0044274031E-001
   9.5860652923E+000   2.4395000931E-001
   9.7406792486E+000   2.1372924739E-001
   9.8952932049E+000   1.9717804921E-001
   1.0049907161E+001   1.8745394754E-001
   1.0204521118E+001   1.8111194380E-001
   1.0359135074E+001   1.7648864009E-001
   1.0513749030E+001   1.7280659479E-001
   1.0668362987E+001   1.6973600166E-001
   1.0822976943E+001   1.6717881039E-001
   1.0977590899E+001   1.6515116099E-001
   1.1132204856E+001   1.6371269690E-001
   1.1286818812E+001   1.6292213013E-001
   1.1441432768E+001   1.6281192728E-001
   1.1596046725E+001   1.6337845518E-001
   1.1750660681E+001   1.6458406713E-001
   1.1905274637E+001   1.6637196281E-001
   1.2059888594E+001   1.6869764743E-001
   1.2214502550E+001   1.7158085930E-001
   1.2369116506E+001   1.7518840605E-001
   1.2523730462E+001   1.7997604833E-001
   1.2678344419E+001   1.8695929047E-001
   1.2832958375E+001   1.9827259467E-001
   1.2987572331E+001   2.1828027935E-001
   1.3142186288E+001   2.5545318357E-001
   1.3296800244E+001   3.2495635633E-001
   1.3451414200E+001   4.5291871305E-001
   1.3606028157E+001   6.8833017279E-001
   1.3760642113E+001   1.1197139341E+000
   1.3915256069E+001   1.8077815975E+000
   1.4069870026E+001   2.5074003918E+000
   1.4224483982E+001   2.6394768748E+000
   1.4379097938E+001   2.0665514450E+000
   1.4533711895E+001   1.3237728407E+000
   1.4688325851E+001   8.0639686312E-001
   1.4842939807E+001   5.1786534873E-001
   1.4997553764E+001   3.6184921197E-001
   1.5152167720E+001   2.7712431781E-001
   1.5306781676E+001   2.3187385741E-001
   1.5461395633E+001   2.0792614909E-001
   1.5616009589E+001   1.9488634138E-001
   1.5770623545E+001   1.8725683287E-001
   1.5925237502E+001   1.8230887430E-001
   1.6079851458E+001   1.7872842598E-001
   1.6234465414E+001   1.7590562618E-001
   1.6389079371E+001   1.7359171937E-001
   1.6543693327E+001   1.7172543209E-001
   1.6698307283E+001   1.7033482709E-001
   1.6852921240E+001   1.6947669123E-001
   1.7007535196E+001   1.6919865291E-001
   1.7162149152E+001   1.6951915116E-001
   1.7316763109E+001   1.7042152886E-001
   1.7471377065E+001   1.7185982515E-001
   1.7625991021E+001   1.7377869369E-001
   1.7780604978E+001   1.7615117361E-001
   1.7935218934E+001   1.7903919214E-001
   1.8089832890E+001   1.8269159967E-001
   1.8244446847E+001   1.8771765780E-001
   1.8399060803E+001   1.9542990347E-001
   1.8553674759E+001   2.0855437312E-001
   1.8708288716E+001   2.3258441811E-001
   1.8862902672E+001   2.7790903923E-001
   1.9017516628E+001   3.6269299654E-001
   1.9172130585E+001   5.1874597619E-001
   1.9326744541E+001   8.0728564696E-001
   1.9481358497E+001   1.3246403524E+000
   1.9635972454E+001   2.0673907499E+000
   1.9790586410E+001   2.6403431696E+000
   1.9945200366E+001   2.5084236449E+000
   2.0099814323E+001   1.8091167471E+000
   2.0254428279E+001   1.1214755688E+000
   2.0409042235E+001   6.9057659447E-001
   2.0563656191E+001   4.5567329508E-001
   2.0718270148E+001   3.2822354883E-001
   2.0872884104E+001   2.5922203398E-001
   2.1027498060E+001   2.2252645584E-001
   2.1182112017E+001   2.0296174377E-001
   2.1336725973E+001   1.9204939502E-001
   2.1491339929E+001   1.8541807313E-001
   2.1645953886E+001   1.8092621393E-001
   2.1800567842E+001   1.7755139709E-001
   2.1955181798E+001   1.7483175721E-001
   2.2109795755E+001   1.7259567732E-001
   2.2264409711E+001   1.7082009817E-001
   2.2419023667E+001   1.6954766516E-001
   2.2573637624E+001   1.6883471617E-001
   2.2728251580E+001   1.6871978149E-001
   2.2882865536E+001   1.6920878787E-001
   2.3037479493E+001   1.7027314868E-001
   2.3192093449E+001   1.7185986167E-001
   2.3346707405E+001   1.7391705559E-001
   2.3501321362E+001   1.7643855081E-001
   2.3655935318E+001   1.7953445902E-001
   2.3810549274E+001   1.8354837268E-001
   2.3965163231E+001   1.8927258049E-001
   2.4119777187E+001   1.9838548128E-001
   2.4274391143E+001   2.1434603794E-001
   2.4429005100E+001   2.4400794598E-001
   2.4583619056E+001   2.9997970299E-001
   2.4738233012E+001   4.0399212668E-001
   2.4892846969E+001   5.9530661857E-001
   2.5047460925E+001   9.4911544696E-001
   2.5202074881E+001   1.5559686208E+000
   2.5356688838E+001   2.3085752175E+000
   2.5511302794E+001   2.6859972518E+000
   2.5665916750E+001   2.3085697343E+000
   2.5820530707E+001   1.5559575897E+000
   2.5975144663E+001   9.4909874232E-001
   2.6129758619E+001   5.9528405952E-001
   2.6284372576E+001   4.0396348261E-001
   2.6438986532E+001   2.9994469683E-001
   2.6593600488E+001   2.4396625551E-001
   2.6748214445E+001   2.1429729605E-001
   2.6902828401E+001   1.9832927629E-001
   2.7057442357E+001   1.8920845740E-001
   2.7212056314E+001   1.8347583530E-001
   2.7366670270E+001   1.7945297280E-001
   2.7521284226E+001   1.7634754610E-001
   2.7675898183E+001   1.7381593132E-001
   2.7830512139E+001   1.7174798943E-001
   2.7985126095E+001   1.7014987714E-001
   2.8139740052E+001   1.6907344763E-001
   2.8294354008E+001   1.6857169022E-001
   2.8448967964E+001   1.6867318359E-001
   2.8603581920E+001   1.6937199753E-001
   2.8758195877E+001   1.7062960192E-001
   2.8912809833E+001   1.7238966089E-001
   2.9067423789E+001   1.7460953053E-001
   2.9222037746E+001   1.7731226813E-001
   2.9376651702E+001   1.8066948161E-001
   2.9531265658E+001   1.8514301542E-001
   2.9685879615E+001   1.9175525031E-001
   2.9840493571E+001   2.0264768255E-001
   2.9995107527E+001   2.2219154043E-001
   3.0149721484E+001   2.5886517011E-001
   3.0304335440E+001   3.2784344481E-001
   3.0458949396E+001   4.5526844807E-001
   3.0613563353E+001   6.9014530995E-001
   3.0768177309E+001   1.1210160733E+000
   3.0922791265E+001   1.8086276863E+000
   3.1077405222E+001   2.5079052115E+000
   3.1232019178E+001   2.6397980496E+000
   3.1386633134E+001   2.0668234088E+000
   3.1541247091E+001   1.3240550387E+000
   3.1695861047E+001   8.0668524012E-001
   3.1850475003E+001   5.1813228569E-001
   3.2005088960E+001   3.6206733006E-001
   3.2159702916E+001   2.7727240968E-001
   3.2314316872E+001   2.3193763536E-001
   3.2468930829E+001   2.0789819725E-001
   3.2623544785E+001   1.9476519753E-001
   3.2778158741E+001   1.8704548540E-001
   3.2932772698E+001   1.8201328641E-001
   3.3087386654E+001   1.7835638980E-001
   3.3242000610E+001   1.7546594736E-001
   3.3396614567E+001   1.7309363044E-001
   3.3551228523E+001   1.7117815005E-001
   3.3705842479E+001   1.6974721419E-001
   3.3860456436E+001   1.6885700435E-001
