                  24                  24
   1.9358845076E+000   4.1983540393E-001   3.9525210834E-003  -4.9632164581E-002  -6.8165825080E-003   3.0938177871E-002  -8.1058990300E-003   4.0207391753E-002   2.4906036251E-003  -9.6685030261E-003   2.5210370846E-003  -1.0178430715E-002   0.0000000000E+000   0.0000000000E+000  -1.8812030254E-003   7.6851474770E-003   3.3249432834E-003  -1.1108873548E-002  -8.1058990264E-003   4.0207391740E-002  -6.8165825083E-003   3.0938177876E-002   3.9525210801E-003  -4.9632164562E-002
   4.1983540393E-001   8.0624084776E-001  -4.9632164579E-002   3.7859103846E-001   3.0938177875E-002  -9.7534787668E-002   4.0207391753E-002  -1.9345076482E-001  -1.0809905931E-002   4.6210066312E-002  -1.0849107070E-002   4.0534711745E-002   0.0000000000E+000   0.0000000000E+000   9.7334316701E-003  -3.9950113392E-002  -1.1108873548E-002   3.1280427069E-002   4.0207391739E-002  -1.9345076477E-001   3.0938177874E-002  -9.7534787678E-002  -4.9632164562E-002   3.7859103838E-001
   3.9525210834E-003  -4.9632164579E-002   1.9358845076E+000   4.1983540393E-001   3.9525210797E-003  -4.9632164560E-002  -6.8165825080E-003   3.0938177875E-002  -4.0614664299E-003   1.6674632234E-002   2.2086130403E-003  -6.4691234539E-003   0.0000000000E+000   0.0000000000E+000   0.0000000000E+000   0.0000000000E+000   5.6370619616E-003  -2.6801759529E-002   3.3249432837E-003  -1.1108873548E-002  -8.1058990308E-003   4.0207391758E-002  -6.8165825084E-003   3.0938177874E-002
  -4.9632164581E-002   3.7859103846E-001   4.1983540393E-001   8.0624084774E-001  -4.9632164560E-002   3.7859103837E-001   3.0938177871E-002  -9.7534787667E-002   1.6825759365E-002  -6.1538743808E-002  -6.0005830256E-003   1.3805400137E-002   0.0000000000E+000   0.0000000000E+000   0.0000000000E+000   0.0000000000E+000  -2.6801759529E-002   1.2421271372E-001  -1.1108873550E-002   3.1280427072E-002   4.0207391758E-002  -1.9345076484E-001   3.0938177876E-002  -9.7534787679E-002
  -6.8165825080E-003   3.0938177875E-002   3.9525210797E-003  -4.9632164560E-002   1.9358845076E+000   4.1983540393E-001   3.9525210834E-003  -4.9632164579E-002  -3.0576888418E-003   1.4071560095E-002  -5.1596338724E-003   2.2224250756E-002   0.0000000000E+000   0.0000000000E+000   0.0000000000E+000   0.0000000000E+000   0.0000000000E+000   0.0000000000E+000   5.6370619592E-003  -2.6801759519E-002   3.3249432837E-003  -1.1108873550E-002  -8.1058990264E-003   4.0207391739E-002
   3.0938177871E-002  -9.7534787668E-002  -4.9632164560E-002   3.7859103837E-001   4.1983540393E-001   8.0624084774E-001  -4.9632164581E-002   3.7859103846E-001   9.8860997535E-003  -7.7947666015E-003   2.4722530417E-002  -9.6971789940E-002   0.0000000000E+000   0.0000000000E+000   0.0000000000E+000   0.0000000000E+000   0.0000000000E+000   0.0000000000E+000  -2.6801759519E-002   1.2421271367E-001  -1.1108873548E-002   3.1280427072E-002   4.0207391740E-002  -1.9345076477E-001
  -8.1058990300E-003   4.0207391753E-002  -6.8165825080E-003   3.0938177871E-002   3.9525210834E-003  -4.9632164581E-002   1.9358845076E+000   4.1983540393E-001   1.7922950843E-003  -3.1030383916E-002  -4.6430840362E-003   1.8752088061E-002   0.0000000000E+000   0.0000000000E+000   0.0000000000E+000   0.0000000000E+000   0.0000000000E+000   0.0000000000E+000   0.0000000000E+000   0.0000000000E+000   5.6370619616E-003  -2.6801759529E-002   3.3249432834E-003  -1.1108873548E-002
   4.0207391753E-002  -1.9345076482E-001   3.0938177875E-002  -9.7534787667E-002  -4.9632164579E-002   3.7859103846E-001   4.1983540393E-001   8.0624084776E-001  -4.2711649198E-002   3.0183964209E-001   1.6820719411E-002  -1.7445494002E-002   0.0000000000E+000   0.0000000000E+000   0.0000000000E+000   0.0000000000E+000   0.0000000000E+000   0.0000000000E+000   0.0000000000E+000   0.0000000000E+000  -2.6801759529E-002   1.2421271372E-001  -1.1108873548E-002   3.1280427069E-002
   2.4906036251E-003  -1.0809905931E-002  -4.0614664299E-003   1.6825759365E-002  -3.0576888418E-003   9.8860997535E-003   1.7922950843E-003  -4.2711649198E-002   1.9349419980E+000   4.2715529783E-001   3.0995084588E-003  -4.5872049841E-002   0.0000000000E+000   0.0000000000E+000   0.0000000000E+000   0.0000000000E+000   0.0000000000E+000   0.0000000000E+000   0.0000000000E+000   0.0000000000E+000   0.0000000000E+000   0.0000000000E+000   1.4060091115E-003  -3.9482395168E-003
  -9.6685030261E-003   4.6210066312E-002   1.6674632234E-002  -6.1538743808E-002   1.4071560095E-002  -7.7947666015E-003  -3.1030383916E-002   3.0183964209E-001   4.2715529783E-001   7.5217933197E-001  -4.9325013194E-002   3.7619707609E-001   0.0000000000E+000   0.0000000000E+000   0.0000000000E+000   0.0000000000E+000   0.0000000000E+000   0.0000000000E+000   0.0000000000E+000   0.0000000000E+000   0.0000000000E+000   0.0000000000E+000  -3.5321492036E-003   7.1974848192E-003
   2.5210370846E-003  -1.0849107070E-002   2.2086130403E-003  -6.0005830256E-003  -5.1596338724E-003   2.4722530417E-002  -4.6430840362E-003   1.6820719411E-002   3.0995084588E-003  -4.9325013194E-002   1.9366567997E+000   4.2124878678E-001   0.0000000000E+000   0.0000000000E+000   0.0000000000E+000   0.0000000000E+000   0.0000000000E+000   0.0000000000E+000   0.0000000000E+000   0.0000000000E+000   0.0000000000E+000   0.0000000000E+000   0.0000000000E+000   0.0000000000E+000
  -1.0178430715E-002   4.0534711745E-002  -6.4691234539E-003   1.3805400137E-002   2.2224250756E-002  -9.6971789940E-002   1.8752088061E-002  -1.7445494002E-002  -4.5872049841E-002   3.7619707609E-001   4.2124878678E-001   7.7926367633E-001   0.0000000000E+000   0.0000000000E+000   0.0000000000E+000   0.0000000000E+000   0.0000000000E+000   0.0000000000E+000   0.0000000000E+000   0.0000000000E+000   0.0000000000E+000   0.0000000000E+000   0.0000000000E+000   0.0000000000E+000
   0.0000000000E+000   0.0000000000E+000   0.0000000000E+000   0.0000000000E+000   0.0000000000E+000   0.0000000000E+000   0.0000000000E+000   0.0000000000E+000   0.0000000000E+000   0.0000000000E+000   0.0000000000E+000   0.0000000000E+000   1.9357284776E+000   4.2411038844E-001   4.8263230087E-003  -5.1498620510E-002  -9.2660730652E-003   3.6679704973E-002  -2.9995242978E-003   1.6775086053E-002   5.3223795178E-003  -1.8930463659E-002  -1.2790063253E-003   1.2828860219E-003
   0.0000000000E+000   0.0000000000E+000   0.0000000000E+000   0.0000000000E+000   0.0000000000E+000   0.0000000000E+000   0.0000000000E+000   0.0000000000E+000   0.0000000000E+000   0.0000000000E+000   0.0000000000E+000   0.0000000000E+000   4.2411038844E-001   7.7008559896E-001  -5.5323074721E-002   3.9155684924E-001   3.9633919101E-002  -1.1713632130E-001   2.3258659815E-002  -1.1484113873E-001  -1.9177589951E-002   6.1162365084E-002  -9.9513051992E-004   1.9933748389E-002
  -1.8812030254E-003   9.7334316701E-003   0.0000000000E+000   0.0000000000E+000   0.0000000000E+000   0.0000000000E+000   0.0000000000E+000   0.0000000000E+000   0.0000000000E+000   0.0000000000E+000   0.0000000000E+000   0.0000000000E+000   4.8263230087E-003  -5.5323074721E-002   1.9408450398E+000   4.0623703777E-001  -3.4654468374E-003  -1.1925486755E-002  -1.5259111553E-002   6.7799452473E-002   2.4008598901E-003  -1.7365739180E-003   7.0405035528E-003  -2.7630347579E-002
   7.6851474770E-003  -3.9950113392E-002   0.0000000000E+000   0.0000000000E+000   0.0000000000E+000   0.0000000000E+000   0.0000000000E+000   0.0000000000E+000   0.0000000000E+000   0.0000000000E+000   0.0000000000E+000   0.0000000000E+000  -5.1498620510E-002   3.9155684924E-001   4.0623703777E-001   8.4081995414E-001  -3.0682288483E-002   2.6914789092E-001   6.6854105463E-002  -2.4846464322E-001   2.2107020939E-003  -4.2288215725E-002  -2.8593144178E-002   1.0633440611E-001
   3.3249432834E-003  -1.1108873548E-002   5.6370619616E-003  -2.6801759529E-002   0.0000000000E+000   0.0000000000E+000   0.0000000000E+000   0.0000000000E+000   0.0000000000E+000   0.0000000000E+000   0.0000000000E+000   0.0000000000E+000  -9.2660730652E-003   3.9633919101E-002  -3.4654468374E-003  -3.0682288483E-002   1.9358845076E+000   4.1983540393E-001   3.9525210834E-003  -4.9632164581E-002  -6.8165825080E-003   3.0938177871E-002  -8.1058990300E-003   4.0207391753E-002
  -1.1108873548E-002   3.1280427069E-002  -2.6801759529E-002   1.2421271372E-001   0.0000000000E+000   0.0000000000E+000   0.0000000000E+000   0.0000000000E+000   0.0000000000E+000   0.0000000000E+000   0.0000000000E+000   0.0000000000E+000   3.6679704973E-002  -1.1713632130E-001  -1.1925486755E-002   2.6914789092E-001   4.1983540393E-001   8.0624084776E-001  -4.9632164579E-002   3.7859103846E-001   3.0938177875E-002  -9.7534787668E-002   4.0207391753E-002  -1.9345076482E-001
  -8.1058990264E-003   4.0207391739E-002   3.3249432837E-003  -1.1108873550E-002   5.6370619592E-003  -2.6801759519E-002   0.0000000000E+000   0.0000000000E+000   0.0000000000E+000   0.0000000000E+000   0.0000000000E+000   0.0000000000E+000  -2.9995242978E-003   2.3258659815E-002  -1.5259111553E-002   6.6854105463E-002   3.9525210834E-003  -4.9632164579E-002   1.9358845076E+000   4.1983540393E-001   3.9525210797E-003  -4.9632164560E-002  -6.8165825080E-003   3.0938177875E-002
   4.0207391740E-002  -1.9345076477E-001  -1.1108873548E-002   3.1280427072E-002  -2.6801759519E-002   1.2421271367E-001   0.0000000000E+000   0.0000000000E+000   0.0000000000E+000   0.0000000000E+000   0.0000000000E+000   0.0000000000E+000   1.6775086053E-002  -1.1484113873E-001   6.7799452473E-002  -2.4846464322E-001  -4.9632164581E-002   3.7859103846E-001   4.1983540393E-001   8.0624084774E-001  -4.9632164560E-002   3.7859103837E-001   3.0938177871E-002  -9.7534787667E-002
  -6.8165825083E-003   3.0938177874E-002  -8.1058990308E-003   4.0207391758E-002   3.3249432837E-003  -1.1108873548E-002   5.6370619616E-003  -2.6801759529E-002   0.0000000000E+000   0.0000000000E+000   0.0000000000E+000   0.0000000000E+000   5.3223795178E-003  -1.9177589951E-002   2.4008598901E-003   2.2107020939E-003  -6.8165825080E-003   3.0938177875E-002   3.9525210797E-003  -4.9632164560E-002   1.9358845076E+000   4.1983540393E-001   3.9525210834E-003  -4.9632164579E-002
   3.0938177876E-002  -9.7534787678E-002   4.0207391758E-002  -1.9345076484E-001  -1.1108873550E-002   3.1280427072E-002  -2.6801759529E-002   1.2421271372E-001   0.0000000000E+000   0.0000000000E+000   0.0000000000E+000   0.0000000000E+000  -1.8930463659E-002   6.1162365084E-002  -1.7365739180E-003  -4.2288215725E-002   3.0938177871E-002  -9.7534787668E-002  -4.9632164560E-002   3.7859103837E-001   4.1983540393E-001   8.0624084774E-001  -4.9632164581E-002   3.7859103846E-001
   3.9525210801E-003  -4.9632164562E-002  -6.8165825084E-003   3.0938177876E-002  -8.1058990264E-003   4.0207391740E-002   3.3249432834E-003  -1.1108873548E-002   1.4060091115E-003  -3.5321492036E-003   0.0000000000E+000   0.0000000000E+000  -1.2790063253E-003  -9.9513051992E-004   7.0405035528E-003  -2.8593144178E-002  -8.1058990300E-003   4.0207391753E-002  -6.8165825080E-003   3.0938177871E-002   3.9525210834E-003  -4.9632164581E-002   1.9358845076E+000   4.1983540393E-001
  -4.9632164562E-002   3.7859103838E-001   3.0938177874E-002  -9.7534787679E-002   4.0207391739E-002  -1.9345076477E-001  -1.1108873548E-002   3.1280427069E-002  -3.9482395168E-003   7.1974848192E-003   0.0000000000E+000   0.0000000000E+000   1.2828860219E-003   1.9933748389E-002  -2.7630347579E-002   1.0633440611E-001   4.0207391753E-002  -1.9345076482E-001   3.0938177875E-002  -9.7534787667E-002  -4.9632164579E-002   3.7859103846E-001   4.1983540393E-001   8.0624084776E-001
