  -3.4015070392E+001   1.7622730494E-001
  -3.3860456436E+001   1.7642991791E-001
  -3.3705842479E+001   1.7702924688E-001
  -3.3551228523E+001   1.7798898068E-001
  -3.3396614567E+001   1.7927037044E-001
  -3.3242000610E+001   1.8086966984E-001
  -3.3087386654E+001   1.8287788648E-001
  -3.2932772698E+001   1.8557748807E-001
  -3.2778158741E+001   1.8961395338E-001
  -3.2623544785E+001   1.9633626129E-001
  -3.2468930829E+001   2.0850461833E-001
  -3.2314316872E+001   2.3164194525E-001
  -3.2159702916E+001   2.7616017247E-001
  -3.2005088960E+001   3.6023899414E-001
  -3.1850475003E+001   5.1569767581E-001
  -3.1695861047E+001   8.0377596930E-001
  -3.1541247091E+001   1.3208718068E+000
  -3.1386633134E+001   2.0636387230E+000
  -3.1232019178E+001   2.6367397551E+000
  -3.1077405222E+001   2.5048138745E+000
  -3.0922791265E+001   1.8054215799E+000
  -3.0768177309E+001   1.1179055053E+000
  -3.0613563353E+001   6.8739028528E-001
  -3.0458949396E+001   4.5304029577E-001
  -3.0304335440E+001   3.2626291145E-001
  -3.0149721484E+001   2.5803887774E-001
  -2.9995107527E+001   2.2221579431E-001
  -2.9840493571E+001   2.0360112895E-001
  -2.9685879615E+001   1.9369103226E-001
  -2.9531265658E+001   1.8808269411E-001
  -2.9376651702E+001   1.8459912388E-001
  -2.9222037746E+001   1.8218092853E-001
  -2.9067423789E+001   1.8033020292E-001
  -2.8912809833E+001   1.7884247230E-001
  -2.8758195877E+001   1.7766674642E-001
  -2.8603581920E+001   1.7682380689E-001
  -2.8448967964E+001   1.7635481328E-001
  -2.8294354008E+001   1.7629007090E-001
  -2.8139740052E+001   1.7663431941E-001
  -2.7985126095E+001   1.7736483177E-001
  -2.7830512139E+001   1.7844146263E-001
  -2.7675898183E+001   1.7983200713E-001
  -2.7521284226E+001   1.8155628287E-001
  -2.7366670270E+001   1.8375578166E-001
  -2.7212056314E+001   1.8680931896E-001
  -2.7057442357E+001   1.9154615036E-001
  -2.6902828401E+001   1.9968095459E-001
  -2.6748214445E+001   2.1470584054E-001
  -2.6593600488E+001   2.4350226688E-001
  -2.6438986532E+001   2.9869915349E-001
  -2.6284372576E+001   4.0203966217E-001
  -2.6129758619E+001   5.9279553520E-001
  -2.5975144663E+001   9.4619311228E-001
  -2.5820530707E+001   1.5528669253E+000
  -2.5665916750E+001   2.3055520864E+000
  -2.5511302794E+001   2.6830750327E+000
  -2.5356688838E+001   2.3055596414E+000
  -2.5202074881E+001   1.5528820455E+000
  -2.5047460925E+001   9.4621581344E-001
  -2.4892846969E+001   5.9282583173E-001
  -2.4738233012E+001   4.0207756119E-001
  -2.4583619056E+001   2.9874465216E-001
  -2.4429005100E+001   2.4355535295E-001
  -2.4274391143E+001   2.1476649508E-001
  -2.4119777187E+001   1.9974915516E-001
  -2.3965163231E+001   1.9162187388E-001
  -2.3810549274E+001   1.8689254411E-001
  -2.3655935318E+001   1.8384649131E-001
  -2.3501321362E+001   1.8165446686E-001
  -2.3346707405E+001   1.7993766549E-001
  -2.3192093449E+001   1.7855460934E-001
  -2.3037479493E+001   1.7748549883E-001
  -2.2882865536E+001   1.7676256100E-001
  -2.2728251580E+001   1.7642596741E-001
  -2.2573637624E+001   1.7649847492E-001
  -2.2419023667E+001   1.7697537667E-001
  -2.2264409711E+001   1.7782640189E-001
  -2.2109795755E+001   1.7901042574E-001
  -2.1955181798E+001   1.8050669949E-001
  -2.1800567842E+001   1.8236624175E-001
  -2.1645953886E+001   1.8479354797E-001
  -2.1491339929E+001   1.8828653221E-001
  -2.1336725973E+001   1.9390457877E-001
  -2.1182112017E+001   2.0382464319E-001
  -2.1027498060E+001   2.2244946349E-001
  -2.0872884104E+001   2.5828277192E-001
  -2.0718270148E+001   3.2651694116E-001
  -2.0563656191E+001   4.5330418487E-001
  -2.0409042235E+001   6.8766355871E-001
  -2.0254428279E+001   1.1181875405E+000
  -2.0099814323E+001   1.8057119795E+000
  -1.9945200366E+001   2.5051133848E+000
  -1.9790586410E+001   2.6370510399E+000
  -1.9635972454E+001   2.0639657178E+000
  -1.9481358497E+001   1.3212179790E+000
  -1.9326744541E+001   8.0414332202E-001
  -1.9172130585E+001   5.1608699954E-001
  -1.9017516628E+001   3.6065032114E-001
  -1.8862902672E+001   2.7659288416E-001
  -1.8708288716E+001   2.3209475786E-001
  -1.8553674759E+001   2.0897561400E-001
  -1.8399060803E+001   1.9682291870E-001
  -1.8244446847E+001   1.9011313135E-001
  -1.8089832890E+001   1.8608537478E-001
  -1.7935218934E+001   1.8338994597E-001
  -1.7780604978E+001   1.8138060454E-001
  -1.7625991021E+001   1.7977410258E-001
  -1.7471377065E+001   1.7847864656E-001
  -1.7316763109E+001   1.7749719870E-001
  -1.7162149152E+001   1.7686773214E-001
  -1.7007535196E+001   1.7662580019E-001
  -1.6852921240E+001   1.7678472170E-001
  -1.6698307283E+001   1.7732978831E-001
  -1.6543693327E+001   1.7822411640E-001
  -1.6389079371E+001   1.7942851866E-001
  -1.6234465414E+001   1.8093898955E-001
  -1.6079851458E+001   1.8284650349E-001
  -1.5925237502E+001   1.8543377017E-001
  -1.5770623545E+001   1.8934684514E-001
  -1.5616009589E+001   1.9593570442E-001
  -1.5461395633E+001   2.0796208892E-001
  -1.5306781676E+001   2.3095109423E-001
  -1.5152167720E+001   2.7531742426E-001
  -1.4997553764E+001   3.5924379597E-001
  -1.4842939807E+001   5.1455212362E-001
  -1.4688325851E+001   8.0248367189E-001
  -1.4533711895E+001   1.3194347716E+000
  -1.4379097938E+001   2.0620490498E+000
  -1.4224483982E+001   2.6349674481E+000
  -1.4069870026E+001   2.5028042734E+000
  -1.3915256069E+001   1.8031123679E+000
  -1.3760642113E+001   1.1152485015E+000
  -1.3606028157E+001   6.8435844885E-001
  -1.3451414200E+001   4.4962311359E-001
  -1.3296800244E+001   3.2246226614E-001
  -1.3142186288E+001   2.5386761101E-001
  -1.2987572331E+001   2.1769634071E-001
  -1.2832958375E+001   1.9876388016E-001
  -1.2678344419E+001   1.8857324610E-001
  -1.2523730462E+001   1.8272804351E-001
  -1.2369116506E+001   1.7905743256E-001
  -1.2214502550E+001   1.7650770290E-001
  -1.2059888594E+001   1.7458584651E-001
  -1.1905274637E+001   1.7309126714E-001
  -1.1750660681E+001   1.7197573586E-001
  -1.1596046725E+001   1.7126166818E-001
  -1.1441432768E+001   1.7099073834E-001
  -1.1286818812E+001   1.7119261731E-001
  -1.1132204856E+001   1.7187016024E-001
  -1.0977590899E+001   1.7299732691E-001
  -1.0822976943E+001   1.7452900170E-001
  -1.0668362987E+001   1.7642613283E-001
  -1.0513749030E+001   1.7869969211E-001
  -1.0359135074E+001   1.8148041497E-001
  -1.0204521118E+001   1.8513484566E-001
  -1.0049907161E+001   1.9047916517E-001
  -9.8952932049E+000   1.9921506682E-001
  -9.7406792486E+000   2.1482258788E-001
  -9.5860652923E+000   2.4417257742E-001
  -9.4314513359E+000   2.9988515529E-001
  -9.2768373796E+000   4.0369687003E-001
  -9.1222234233E+000   5.9487399910E-001
  -8.9676094670E+000   9.4863025329E-001
  -8.8129955106E+000   1.5555673338E+000
  -8.6583815543E+000   2.3083973482E+000
  -8.5037675980E+000   2.6860112573E+000
  -8.3491536417E+000   2.3086231248E+000
  -8.1945396853E+000   1.5560918839E+000
  -8.0399257290E+000   9.4954539470E-001
  -7.8853117727E+000   5.9625071420E-001
  -7.7306978164E+000   4.0558107368E-001
  -7.5760838600E+000   3.0230215337E-001
  -7.4214699037E+000   2.4712875440E-001
  -7.2668559474E+000   2.1830818487E-001
  -7.1122419910E+000   2.0320841846E-001
  -6.9576280347E+000   1.9495003149E-001
  -6.8030140784E+000   1.9004612853E-001
  -6.6484001221E+000   1.8678901317E-001
  -6.4937861657E+000   1.8435731221E-001
  -6.3391722094E+000   1.8238035910E-001
  -6.1845582531E+000   1.8072451996E-001
  -6.0299442968E+000   1.7937707255E-001
  -5.8753303404E+000   1.7837622495E-001
  -5.7207163841E+000   1.7776686514E-001
  -5.5661024278E+000   1.7757517452E-001
  -5.4114884714E+000   1.7779865624E-001
  -5.2568745151E+000   1.7840817313E-001
  -5.1022605588E+000   1.7936281752E-001
  -4.9476466025E+000   1.8064130476E-001
  -4.7930326461E+000   1.8229352890E-001
  -4.6384186898E+000   1.8452244398E-001
  -4.4838047335E+000   1.8782420165E-001
  -4.3291907772E+000   1.9325642216E-001
  -4.1745768208E+000   2.0299443153E-001
  -4.0199628645E+000   2.2143921926E-001
  -3.8653489082E+000   2.5709156728E-001
  -3.7107349518E+000   3.2513763320E-001
  -3.5561209955E+000   4.5171726400E-001
  -3.4015070392E+000   6.8582511978E-001
  -3.2468930829E+000   1.1160071851E+000
  -3.0922791265E+000   1.8030563635E+000
  -2.9376651702E+000   2.5019403794E+000
  -2.7830512139E+000   2.6335653862E+000
  -2.6284372576E+000   2.0604145092E+000
  -2.4738233012E+000   1.3175913868E+000
  -2.3192093449E+000   8.0026821856E-001
  -2.1645953886E+000   5.1181923579E-001
  -2.0099814323E+000   3.5591313673E-001
  -1.8553674759E+000   2.7135519654E-001
  -1.7007535196E+000   2.2635537973E-001
  -1.5461395633E+000   2.0275385305E-001
  -1.3915256069E+000   1.9015218490E-001
  -1.2369116506E+000   1.8303755381E-001
  -1.0822976943E+000   1.7865851521E-001
  -9.2768373796E-001   1.7567417765E-001
  -7.7306978164E-001   1.7344629196E-001
  -6.1845582531E-001   1.7169839187E-001
  -4.6384186898E-001   1.7034401302E-001
  -3.0922791265E-001   1.6938993235E-001
  -1.5461395633E-001   1.6887645375E-001
   0.0000000000E+000   1.6884000645E-001
   1.5461395633E-001   1.6929329460E-001
   3.0922791265E-001   1.7021938047E-001
   4.6384186898E-001   1.7157734338E-001
   6.1845582531E-001   1.7332194198E-001
   7.7306978164E-001   1.7544094889E-001
   9.2768373796E-001   1.7801495169E-001
   1.0822976943E+000   1.8131435196E-001
   1.2369116506E+000   1.8597148436E-001
   1.3915256069E+000   1.9332189202E-001
   1.5461395633E+000   2.0611293986E-001
   1.7007535196E+000   2.2985619945E-001
   1.8553674759E+000   2.7495469567E-001
   2.0099814323E+000   3.5958268867E-001
   2.1645953886E+000   5.1555783450E-001
   2.3192093449E+000   8.0411889151E-001
   2.4738233012E+000   1.3216537212E+000
   2.6284372576E+000   2.0647943981E+000
   2.7830512139E+000   2.6382037776E+000
   2.9376651702E+000   2.5065571453E+000
   3.0922791265E+000   1.8074342719E+000
   3.2468930829E+000   1.1201758108E+000
   3.4015070392E+000   6.8991529835E-001
   3.5561209955E+000   4.5582294310E-001
   3.7107349518E+000   3.2929847623E-001
   3.8653489082E+000   2.6131004441E-001
   4.0199628645E+000   2.2569612444E-001
   4.1745768208E+000   2.0726145703E-001
   4.3291907772E+000   1.9750498383E-001
   4.4838047335E+000   1.9203022318E-001
   4.6384186898E+000   1.8866844711E-001
   4.7930326461E+000   1.8636940733E-001
   4.9476466025E+000   1.8464443983E-001
   5.1022605588E+000   1.8329769316E-001
   5.2568745151E+000   1.8228551522E-001
   5.4114884714E+000   1.8163415777E-001
   5.5661024278E+000   1.8138790851E-001
   5.7207163841E+000   1.8157748858E-001
   5.8753303404E+000   1.8220505294E-001
   6.0299442968E+000   1.8324207768E-001
   6.1845582531E+000   1.8463931723E-001
   6.3391722094E+000   1.8635227386E-001
   6.4937861657E+000   1.8838567625E-001
   6.6484001221E+000   1.9086386692E-001
   6.8030140784E+000   1.9414749382E-001
   6.9576280347E+000   1.9904785686E-001
   7.1122419910E+000   2.0726332730E-001
   7.2668559474E+000   2.2227355083E-001
   7.4214699037E+000   2.5095548093E-001
   7.5760838600E+000   3.0594812680E-001
   7.7306978164E+000   4.0902625399E-001
   7.8853117727E+000   5.9951788196E-001
   8.0399257290E+000   9.5272812198E-001
   8.1945396853E+000   1.5593610139E+000
   8.3491536417E+000   2.3120810794E+000
   8.5037675980E+000   2.6894052446E+000
   8.6583815543E+000   2.3112348949E+000
   8.8129955106E+000   1.5576491498E+000
   8.9676094670E+000   9.5012155114E-001
   9.1222234233E+000   5.9598885140E-001
   9.2768373796E+000   4.0455492852E-001
   9.4314513359E+000   3.0052589664E-001
   9.5860652923E+000   2.4458593690E-001
   9.7406792486E+000   2.1497173295E-001
   9.8952932049E+000   1.9905432857E-001
   1.0049907161E+001   1.8996561979E-001
   1.0204521118E+001   1.8423392853E-001
   1.0359135074E+001   1.8016804691E-001
   1.0513749030E+001   1.7696291934E-001
   1.0668362987E+001   1.7426311361E-001
   1.0822976943E+001   1.7194850217E-001
   1.0977590899E+001   1.7001775669E-001
   1.1132204856E+001   1.6851825437E-001
   1.1286818812E+001   1.6750192832E-001
   1.1441432768E+001   1.6700009667E-001
   1.1596046725E+001   1.6701372386E-001
   1.1750660681E+001   1.6751562753E-001
   1.1905274637E+001   1.6846540851E-001
   1.2059888594E+001   1.6984080096E-001
   1.2214502550E+001   1.7168913372E-001
   1.2369116506E+001   1.7420916104E-001
   1.2523730462E+001   1.7789131401E-001
   1.2678344419E+001   1.8378633175E-001
   1.2832958375E+001   1.9406206850E-001
   1.2987572331E+001   2.1311205797E-001
   1.3142186288E+001   2.4943010332E-001
   1.3296800244E+001   3.1819634067E-001
   1.3451414200E+001   4.4554754391E-001
   1.3606028157E+001   6.8048548777E-001
   1.3760642113E+001   1.1115819434E+000
   1.3915256069E+001   1.7996356944E+000
   1.4069870026E+001   2.4994634307E+000
   1.4224483982E+001   2.6316787119E+000
   1.4379097938E+001   2.0587420493E+000
   1.4533711895E+001   1.3160863730E+000
   1.4688325851E+001   7.9910956778E-001
   1.4842939807E+001   5.1118023606E-001
   1.4997553764E+001   3.5589954443E-001
   1.5152167720E+001   2.7202121562E-001
   1.5306781676E+001   2.2771882931E-001
   1.5461395633E+001   2.0480562133E-001
   1.5616009589E+001   1.9286348828E-001
   1.5770623545E+001   1.8636479548E-001
   1.5925237502E+001   1.8254606213E-001
   1.6079851458E+001   1.8005616409E-001
   1.6234465414E+001   1.7824829213E-001
   1.6389079371E+001   1.7683924435E-001
   1.6543693327E+001   1.7573773644E-001
   1.6698307283E+001   1.7494759515E-001
   1.6852921240E+001   1.7450792038E-001
   1.7007535196E+001   1.7445556533E-001
   1.7162149152E+001   1.7480523360E-001
   1.7316763109E+001   1.7554359704E-001
   1.7471377065E+001   1.7663505937E-001
   1.7625991021E+001   1.7804154267E-001
   1.7780604978E+001   1.7975989220E-001
   1.7935218934E+001   1.8188160231E-001
   1.8089832890E+001   1.8468951302E-001
   1.8244446847E+001   1.8882936993E-001
   1.8399060803E+001   1.9565033797E-001
   1.8553674759E+001   2.0791275604E-001
   1.8708288716E+001   2.3113962585E-001
   1.8862902672E+001   2.7574286176E-001
   1.9017516628E+001   3.5990197520E-001
   1.9172130585E+001   5.1543587972E-001
   1.9326744541E+001   8.0358388105E-001
   1.9481358497E+001   1.3207432380E+000
   1.9635972454E+001   2.0635661601E+000
   1.9790586410E+001   2.6367140451E+000
   1.9945200366E+001   2.5048256689E+000
   2.0099814323E+001   1.8054637919E+000
   2.0254428279E+001   1.1179742006E+000
   2.0409042235E+001   6.8748354712E-001
   2.0563656191E+001   4.5315685462E-001
   2.0718270148E+001   3.2640152944E-001
   2.0872884104E+001   2.5819820021E-001
   2.1027498060E+001   2.2239431860E-001
   2.1182112017E+001   2.0379721745E-001
   2.1336725973E+001   1.9390296073E-001
   2.1491339929E+001   1.8830871046E-001
   2.1645953886E+001   1.8483749721E-001
   2.1800567842E+001   1.8242998365E-001
   2.1955181798E+001   1.8058834301E-001
   2.2109795755E+001   1.7910819322E-001
   2.2264409711E+001   1.7793864481E-001
   2.2419023667E+001   1.7710058358E-001
   2.2573637624E+001   1.7663527306E-001
   2.2728251580E+001   1.7657311901E-001
   2.2882865536E+001   1.7691895578E-001
   2.3037479493E+001   1.7765014406E-001
   2.3192093449E+001   1.7872661865E-001
   2.3346707405E+001   1.8011624699E-001
   2.3501321362E+001   1.8183891147E-001
   2.3655935318E+001   1.8403616184E-001
   2.3810549274E+001   1.8708686512E-001
   2.3965163231E+001   1.9182032256E-001
   2.4119777187E+001   1.9995125329E-001
   2.4274391143E+001   2.1497180210E-001
   2.4429005100E+001   2.4376345982E-001
   2.4583619056E+001   2.9895517612E-001
   2.4738233012E+001   4.0229014135E-001
   2.4892846969E+001   5.9304012531E-001
   2.5047460925E+001   9.4643149273E-001
   2.5202074881E+001   1.5530987956E+000
   2.5356688838E+001   2.3057771585E+000
   2.5511302794E+001   2.6832930235E+000
   2.5665916750E+001   2.3057702664E+000
   2.5820530707E+001   1.5530850192E+000
   2.5975144663E+001   9.4641085272E-001
   2.6129758619E+001   5.9301266241E-001
   2.6284372576E+001   4.0225592357E-001
   2.6438986532E+001   2.9891430352E-001
   2.6593600488E+001   2.4371606679E-001
   2.6748214445E+001   2.1491805850E-001
   2.6902828401E+001   1.9989136581E-001
   2.7057442357E+001   1.9175453722E-001
   2.7212056314E+001   1.8701547105E-001
   2.7366670270E+001   1.8395949595E-001
   2.7521284226E+001   1.8175736383E-001
   2.7675898183E+001   1.8003026670E-001
   2.7830512139E+001   1.7863672033E-001
   2.7985126095E+001   1.7755691474E-001
   2.8139740052E+001   1.7682306240E-001
   2.8294354008E+001   1.7647531623E-001
   2.8448967964E+001   1.7653641079E-001
   2.8603581920E+001   1.7700161391E-001
   2.8758195877E+001   1.7784062764E-001
   2.8912809833E+001   1.7901229965E-001
   2.9067423789E+001   1.8049585550E-001
   2.9222037746E+001   1.8234229239E-001
   2.9376651702E+001   1.8475609185E-001
   2.9531265658E+001   1.8823516565E-001
   2.9685879615E+001   1.9383891325E-001
   2.9840493571E+001   2.0374433149E-001
   2.9995107527E+001   2.2235423646E-001
   3.0149721484E+001   2.5817248332E-001
   3.0304335440E+001   3.2639160981E-001
   3.0458949396E+001   4.5316402152E-001
   3.0613563353E+001   6.8750897805E-001
   3.0768177309E+001   1.1180191095E+000
   3.0922791265E+001   1.8055300446E+000
   3.1077405222E+001   2.5049171530E+000
   3.1232019178E+001   2.6368378046E+000
   3.1386633134E+001   2.0637315048E+000
   3.1541247091E+001   1.3209592855E+000
   3.1695861047E+001   8.0385811314E-001
   3.1850475003E+001   5.1577445599E-001
   3.2005088960E+001   3.6031038483E-001
   3.2159702916E+001   2.7622615055E-001
   3.2314316872E+001   2.3170249018E-001
   3.2468930829E+001   2.0855971195E-001
   3.2623544785E+001   1.9638588760E-001
   3.2778158741E+001   1.8965809846E-001
   3.2932772698E+001   1.8561613989E-001
   3.3087386654E+001   1.8291103481E-001
   3.3242000610E+001   1.8089730608E-001
   3.3396614567E+001   1.7929248760E-001
   3.3551228523E+001   1.7800557329E-001
   3.3705842479E+001   1.7704031086E-001
   3.3860456436E+001   1.7643545056E-001
