  -3.4015070392E+001   1.7635647278E-001
  -3.3860456436E+001   1.7656185348E-001
  -3.3705842479E+001   1.7716395813E-001
  -3.3551228523E+001   1.7812646189E-001
  -3.3396614567E+001   1.7941059724E-001
  -3.3242000610E+001   1.8101259857E-001
  -3.3087386654E+001   1.8302345697E-001
  -3.2932772698E+001   1.8572562750E-001
  -3.2778158741E+001   1.8976457787E-001
  -3.2623544785E+001   1.9648927207E-001
  -3.2468930829E+001   2.0865989123E-001
  -3.2314316872E+001   2.3179931249E-001
  -3.2159702916E+001   2.7631939600E-001
  -3.2005088960E+001   3.6039973154E-001
  -3.1850475003E+001   5.1585947075E-001
  -3.1695861047E+001   8.0393840397E-001
  -3.1541247091E+001   1.3210349853E+000
  -3.1386633134E+001   2.0638033959E+000
  -3.1232019178E+001   2.6369054795E+000
  -3.1077405222E+001   2.5049777296E+000
  -3.0922791265E+001   1.8055813243E+000
  -3.0768177309E+001   1.1180614099E+000
  -3.0613563353E+001   6.8754299912E-001
  -3.0458949396E+001   4.5318971704E-001
  -3.0304335440E+001   3.2640861516E-001
  -3.0149721484E+001   2.5818049277E-001
  -2.9995107527E+001   2.2235307739E-001
  -2.9840493571E+001   2.0373393876E-001
  -2.9685879615E+001   1.9381929681E-001
  -2.9531265658E+001   1.8820638708E-001
  -2.9376651702E+001   1.8471824897E-001
  -2.9222037746E+001   1.8229551124E-001
  -2.9067423789E+001   1.8044028875E-001
  -2.8912809833E+001   1.7894812934E-001
  -2.8758195877E+001   1.7776806921E-001
  -2.8603581920E+001   1.7692091811E-001
  -2.8448967964E+001   1.7644786157E-001
  -2.8294354008E+001   1.7637922452E-001
  -2.8139740052E+001   1.7671975715E-001
  -2.7985126095E+001   1.7744673346E-001
  -2.7830512139E+001   1.7852000160E-001
  -2.7675898183E+001   1.7990734654E-001
  -2.7521284226E+001   1.8162857618E-001
  -2.7366670270E+001   1.8382517599E-001
  -2.7212056314E+001   1.8687595834E-001
  -2.7057442357E+001   1.9161017563E-001
  -2.6902828401E+001   1.9974249719E-001
  -2.6748214445E+001   2.1476500929E-001
  -2.6593600488E+001   2.4355912687E-001
  -2.6438986532E+001   2.9875369600E-001
  -2.6284372576E+001   4.0209177161E-001
  -2.6129758619E+001   5.9284501048E-001
  -2.5975144663E+001   9.4623992351E-001
  -2.5820530707E+001   1.5529117374E+000
  -2.5665916750E+001   2.3055958442E+000
  -2.5511302794E+001   2.6831166912E+000
  -2.5356688838E+001   2.3055963332E+000
  -2.5202074881E+001   1.5529127433E+000
  -2.5047460925E+001   9.4624149760E-001
  -2.4892846969E+001   5.9284722004E-001
  -2.4738233012E+001   4.0209469387E-001
  -2.4583619056E+001   2.9875741503E-001
  -2.4429005100E+001   2.4356373372E-001
  -2.4274391143E+001   2.1477060414E-001
  -2.4119777187E+001   1.9974919192E-001
  -2.3965163231E+001   1.9161809597E-001
  -2.3810549274E+001   1.8688524550E-001
  -2.3655935318E+001   1.8383598818E-001
  -2.3501321362E+001   1.8164109048E-001
  -2.3346707405E+001   1.7992176106E-001
  -2.3192093449E+001   1.7853653820E-001
  -2.3037479493E+001   1.7746564066E-001
  -2.2882865536E+001   1.7674131305E-001
  -2.2728251580E+001   1.7640373959E-001
  -2.2573637624E+001   1.7647568100E-001
  -2.2419023667E+001   1.7695242339E-001
  -2.2264409711E+001   1.7780367852E-001
  -2.2109795755E+001   1.7898829635E-001
  -2.1955181798E+001   1.8048549930E-001
  -2.1800567842E+001   1.8234627746E-001
  -2.1645953886E+001   1.8477510010E-001
  -2.1491339929E+001   1.8826985633E-001
  -2.1336725973E+001   1.9388990222E-001
  -2.1182112017E+001   2.0381215543E-001
  -2.1027498060E+001   2.2243929910E-001
  -2.0872884104E+001   2.5827498546E-001
  -2.0718270148E+001   3.2651147332E-001
  -2.0563656191E+001   4.5330083531E-001
  -2.0409042235E+001   6.8766205904E-001
  -2.0254428279E+001   1.1181879306E+000
  -2.0099814323E+001   1.8057150357E+000
  -1.9945200366E+001   2.5051194933E+000
  -1.9790586410E+001   2.6370580654E+000
  -1.9635972454E+001   2.0639708341E+000
  -1.9481358497E+001   1.3212208213E+000
  -1.9326744541E+001   8.0414470026E-001
  -1.9172130585E+001   5.1608705975E-001
  -1.9017516628E+001   3.6064867276E-001
  -1.8862902672E+001   2.7658908482E-001
  -1.8708288716E+001   2.3208846714E-001
  -1.8553674759E+001   2.0896658542E-001
  -1.8399060803E+001   1.9681096748E-001
  -1.8244446847E+001   1.9009810946E-001
  -1.8089832890E+001   1.8606715478E-001
  -1.7935218934E+001   1.8336841242E-001
  -1.7780604978E+001   1.8135565257E-001
  -1.7625991021E+001   1.7974564189E-001
  -1.7471377065E+001   1.7844660798E-001
  -1.7316763109E+001   1.7746153975E-001
  -1.7162149152E+001   1.7682843920E-001
  -1.7007535196E+001   1.7658288651E-001
  -1.6852921240E+001   1.7673822211E-001
  -1.6698307283E+001   1.7727975274E-001
  -1.6543693327E+001   1.7817060467E-001
  -1.6389079371E+001   1.7937159867E-001
  -1.6234465414E+001   1.8087873976E-001
  -1.6079851458E+001   1.8278301883E-001
  -1.5925237502E+001   1.8536716903E-001
  -1.5770623545E+001   1.8927727395E-001
  -1.5616009589E+001   1.9586333697E-001
  -1.5461395633E+001   2.0788711891E-001
  -1.5306781676E+001   2.3087372029E-001
  -1.5152167720E+001   2.7523782588E-001
  -1.4997553764E+001   3.5916210052E-001
  -1.4842939807E+001   5.1446839504E-001
  -1.4688325851E+001   8.0239805772E-001
  -1.4533711895E+001   1.3193479735E+000
  -1.4379097938E+001   2.0619624199E+000
  -1.4224483982E+001   2.6348811084E+000
  -1.4069870026E+001   2.5027158178E+000
  -1.3915256069E+001   1.8030200577E+000
  -1.3760642113E+001   1.1151531507E+000
  -1.3606028157E+001   6.8426130264E-001
  -1.3451414200E+001   4.4952469865E-001
  -1.3296800244E+001   3.2236279800E-001
  -1.3142186288E+001   2.5376735774E-001
  -1.2987572331E+001   2.1759568492E-001
  -1.2832958375E+001   1.9866328210E-001
  -1.2678344419E+001   1.8847320364E-001
  -1.2523730462E+001   1.8262906456E-001
  -1.2369116506E+001   1.7896001792E-001
  -1.2214502550E+001   1.7641233735E-001
  -1.2059888594E+001   1.7449299716E-001
  -1.1905274637E+001   1.7300138705E-001
  -1.1750660681E+001   1.7188927007E-001
  -1.1596046725E+001   1.7117905900E-001
  -1.1441432768E+001   1.7091242758E-001
  -1.1286818812E+001   1.7111904475E-001
  -1.1132204856E+001   1.7180175891E-001
  -1.0977590899E+001   1.7293451638E-001
  -1.0822976943E+001   1.7447218097E-001
  -1.0668362987E+001   1.7637567398E-001
  -1.0513749030E+001   1.7865593463E-001
  -1.0359135074E+001   1.8144365965E-001
  -1.0204521118E+001   1.8510534559E-001
  -1.0049907161E+001   1.9045711097E-001
  -9.8952932049E+000   1.9920056470E-001
  -9.7406792486E+000   2.1481563359E-001
  -9.5860652923E+000   2.4417303642E-001
  -9.4314513359E+000   2.9989276465E-001
  -9.2768373796E+000   4.0371128274E-001
  -9.1222234233E+000   5.9489493918E-001
  -8.9676094670E+000   9.4865798029E-001
  -8.8129955106E+000   1.5556032673E+000
  -8.6583815543E+000   2.3084428640E+000
  -8.5037675980E+000   2.6860638007E+000
  -8.3491536417E+000   2.3086769893E+000
  -8.1945396853E+000   1.5561447952E+000
  -8.0399257290E+000   9.4959905050E-001
  -7.8853117727E+000   5.9630672236E-001
  -7.7306978164E+000   4.0563972868E-001
  -7.5760838600E+000   3.0236308397E-001
  -7.4214699037E+000   2.4719140417E-001
  -7.2668559474E+000   2.1837198988E-001
  -7.1122419910E+000   2.0327287873E-001
  -6.9576280347E+000   1.9501473288E-001
  -6.8030140784E+000   1.9011073335E-001
  -6.6484001221E+000   1.8685323974E-001
  -6.4937861657E+000   1.8442091821E-001
  -6.3391722094E+000   1.8244313323E-001
  -6.1845582531E+000   1.8078628014E-001
  -6.0299442968E+000   1.7943766651E-001
  -5.8753303404E+000   1.7843553035E-001
  -5.7207163841E+000   1.7782478778E-001
  -5.5661024278E+000   1.7763164527E-001
  -5.4114884714E+000   1.7785362827E-001
  -5.2568745151E+000   1.7846162161E-001
  -5.1022605588E+000   1.7941474338E-001
  -4.9476466025E+000   1.8069174290E-001
  -4.7930326461E+000   1.8234255951E-001
  -4.6384186898E+000   1.8457020380E-001
  -4.4838047335E+000   1.8787089040E-001
  -4.3291907772E+000   1.9330229972E-001
  -4.1745768208E+000   2.0303980272E-001
  -4.0199628645E+000   2.2148440295E-001
  -3.8653489082E+000   2.5713684480E-001
  -3.7107349518E+000   3.2518317050E-001
  -3.5561209955E+000   4.5176302006E-001
  -3.4015070392E+000   6.8587082111E-001
  -3.2468930829E+000   1.1160525684E+000
  -3.0922791265E+000   1.8031017359E+000
  -2.9376651702E+000   2.5019865762E+000
  -2.7830512139E+000   2.6336126724E+000
  -2.6284372576E+000   2.0604626525E+000
  -2.4738233012E+000   1.3176404578E+000
  -2.3192093449E+000   8.0031802150E-001
  -2.1645953886E+000   5.1186903637E-001
  -2.0099814323E+000   3.5596219425E-001
  -1.8553674759E+000   2.7140312319E-001
  -1.7007535196E+000   2.2640215655E-001
  -1.5461395633E+000   2.0279970708E-001
  -1.3915256069E+000   1.9019746308E-001
  -1.2369116506E+000   1.8308263809E-001
  -1.0822976943E+000   1.7870377468E-001
  -9.2768373796E-001   1.7571994366E-001
  -7.7306978164E-001   1.7349284664E-001
  -6.1845582531E-001   1.7174596642E-001
  -4.6384186898E-001   1.7039279337E-001
  -3.0922791265E-001   1.6944006916E-001
  -1.5461395633E-001   1.6892807364E-001
   0.0000000000E+000   1.6889322160E-001
   1.5461395633E-001   1.6934820933E-001
   3.0922791265E-001   1.7027609378E-001
   4.6384186898E-001   1.7163594774E-001
   6.1845582531E-001   1.7338251869E-001
   7.7306978164E-001   1.7550356046E-001
   9.2768373796E-001   1.7807963102E-001
   1.0822976943E+000   1.8138108784E-001
   1.2369116506E+000   1.8604020190E-001
   1.3915256069E+000   1.9339242774E-001
   1.5461395633E+000   2.0618501531E-001
   1.7007535196E+000   2.2992940796E-001
   1.8553674759E+000   2.7502852885E-001
   2.0099814323E+000   3.5965663252E-001
   2.1645953886E+000   5.1563158359E-001
   2.3192093449E+000   8.0419285030E-001
   2.4738233012E+000   1.3217298204E+000
   2.6284372576E+000   2.0648753675E+000
   2.7830512139E+000   2.6382881809E+000
   2.9376651702E+000   2.5066372122E+000
   3.0922791265E+000   1.8075044834E+000
   3.2468930829E+000   1.1202379572E+000
   3.4015070392E+000   6.8997327726E-001
   3.5561209955E+000   4.5587894957E-001
   3.7107349518E+000   3.2935321097E-001
   3.8653489082E+000   2.6136351774E-001
   4.0199628645E+000   2.2574807713E-001
   4.1745768208E+000   2.0731159066E-001
   4.3291907772E+000   1.9755308665E-001
   4.4838047335E+000   1.9207621045E-001
   4.6384186898E+000   1.8871235350E-001
   4.7930326461E+000   1.8641136675E-001
   4.9476466025E+000   1.8468466904E-001
   5.1022605588E+000   1.8333648049E-001
   5.2568745151E+000   1.8232321011E-001
   5.4114884714E+000   1.8167115736E-001
   5.5661024278E+000   1.8142463978E-001
   5.7207163841E+000   1.8161438689E-001
   5.8753303404E+000   1.8224253908E-001
   6.0299442968E+000   1.8328053630E-001
   6.1845582531E+000   1.8467907935E-001
   6.3391722094E+000   1.8639360572E-001
   6.4937861657E+000   1.8842877522E-001
   6.6484001221E+000   1.9090886343E-001
   6.8030140784E+000   1.9419445558E-001
   6.9576280347E+000   1.9909679053E-001
   7.1122419910E+000   2.0731417500E-001
   7.2668559474E+000   2.2232618643E-001
   7.4214699037E+000   2.5100972194E-001
   7.5760838600E+000   3.0600378206E-001
   7.7306978164E+000   4.0908321658E-001
   7.8853117727E+000   5.9957630121E-001
   8.0399257290E+000   9.5278882701E-001
   8.1945396853E+000   1.5594260949E+000
   8.3491536417E+000   2.3121527461E+000
   8.5037675980E+000   2.6894819449E+000
   8.6583815543E+000   2.3113115831E+000
   8.8129955106E+000   1.5577233209E+000
   8.9676094670E+000   9.5019415560E-001
   9.1222234233E+000   5.9606091059E-001
   9.2768373796E+000   4.0462647617E-001
   9.4314513359E+000   3.0059651663E-001
   9.5860652923E+000   2.4465514709E-001
   9.7406792486E+000   2.1503909303E-001
   9.8952932049E+000   1.9911945671E-001
   1.0049907161E+001   1.9002818600E-001
   1.0204521118E+001   1.8429364082E-001
   1.0359135074E+001   1.8022463737E-001
   1.0513749030E+001   1.7701613375E-001
   1.0668362987E+001   1.7431270535E-001
   1.0822976943E+001   1.7199423001E-001
   1.0977590899E+001   1.7005938508E-001
   1.1132204856E+001   1.6855555511E-001
   1.1286818812E+001   1.6753468302E-001
   1.1441432768E+001   1.6702810006E-001
   1.1596046725E+001   1.6703678847E-001
   1.1750660681E+001   1.6753359059E-001
   1.1905274637E+001   1.6847814137E-001
   1.2059888594E+001   1.6984822089E-001
   1.2214502550E+001   1.7169121664E-001
   1.2369116506E+001   1.7420595367E-001
   1.2523730462E+001   1.7788294368E-001
   1.2678344419E+001   1.8377301328E-001
   1.2832958375E+001   1.9404410738E-001
   1.2987572331E+001   2.1308984561E-001
   1.3142186288E+001   2.4940409371E-001
   1.3296800244E+001   3.1816699706E-001
   1.3451414200E+001   4.4551527594E-001
   1.3606028157E+001   6.8045069347E-001
   1.3760642113E+001   1.1115453335E+000
   1.3915256069E+001   1.7995985417E+000
   1.4069870026E+001   2.4994261960E+000
   1.4224483982E+001   2.6316389980E+000
   1.4379097938E+001   2.0586969855E+000
   1.4533711895E+001   1.3160361983E+000
   1.4688325851E+001   7.9905620528E-001
   1.4842939807E+001   5.1112506793E-001
   1.4997553764E+001   3.5584331485E-001
   1.5152167720E+001   2.7196446389E-001
   1.5306781676E+001   2.2766204284E-001
   1.5461395633E+001   2.0474923513E-001
   1.5616009589E+001   1.9280786792E-001
   1.5770623545E+001   1.8631023168E-001
   1.5925237502E+001   1.8249277242E-001
   1.6079851458E+001   1.8000429770E-001
   1.6234465414E+001   1.7819793791E-001
   1.6389079371E+001   1.7679044145E-001
   1.6543693327E+001   1.7569048574E-001
   1.6698307283E+001   1.7490186871E-001
   1.6852921240E+001   1.7446366654E-001
   1.7007535196E+001   1.7441270913E-001
   1.7162149152E+001   1.7476367321E-001
   1.7316763109E+001   1.7550319873E-001
   1.7471377065E+001   1.7659565348E-001
   1.7625991021E+001   1.7800292274E-001
   1.7780604978E+001   1.7972181828E-001
   1.7935218934E+001   1.8184380780E-001
   1.8089832890E+001   1.8465171243E-001
   1.8244446847E+001   1.8879126435E-001
   1.8399060803E+001   1.9561161523E-001
   1.8553674759E+001   2.0787308395E-001
   1.8708288716E+001   2.3109863778E-001
   1.8862902672E+001   2.7570013321E-001
   1.9017516628E+001   3.5985699262E-001
   1.9172130585E+001   5.1538803346E-001
   1.9326744541E+001   8.0353262023E-001
   1.9481358497E+001   1.3206885554E+000
   1.9635972454E+001   2.0635087162E+000
   1.9790586410E+001   2.6366533277E+000
   1.9945200366E+001   2.5047587140E+000
   2.0099814323E+001   1.8053883487E+000
   2.0254428279E+001   1.1178905670E+000
   2.0409042235E+001   6.8739243261E-001
   2.0563656191E+001   4.5305824774E-001
   2.0718270148E+001   3.2629512381E-001
   2.0872884104E+001   2.5808377141E-001
   2.1027498060E+001   2.2227179791E-001
   2.1182112017E+001   2.0366666546E-001
   2.1336725973E+001   1.9376453415E-001
   2.1491339929E+001   1.8816263742E-001
   2.1645953886E+001   1.8468406058E-001
   2.1800567842E+001   1.8226951137E-001
   2.1955181798E+001   1.8042120469E-001
   2.2109795755E+001   1.7893480098E-001
   2.2264409711E+001   1.7775945523E-001
   2.2419023667E+001   1.7691609747E-001
   2.2573637624E+001   1.7644603112E-001
   2.2728251580E+001   1.7637969342E-001
   2.2882865536E+001   1.7672193893E-001
   2.3037479493E+001   1.7745013686E-001
   2.3192093449E+001   1.7852422081E-001
   2.3346707405E+001   1.7991205120E-001
   2.3501321362E+001   1.8163350172E-001
   2.3655935318E+001   1.8383011469E-001
   2.3810549274E+001   1.8688075092E-001
   2.3965163231E+001   1.9161470332E-001
   2.4119777187E+001   1.9974667466E-001
   2.4274391143E+001   2.1476877826E-001
   2.4429005100E+001   2.4356245070E-001
   2.4583619056E+001   2.9875655566E-001
   2.4738233012E+001   4.0209416299E-001
   2.4892846969E+001   5.9284694194E-001
   2.5047460925E+001   9.4624141210E-001
   2.5202074881E+001   1.5529128028E+000
   2.5356688838E+001   2.3055965001E+000
   2.5511302794E+001   2.6831169363E+000
   2.5665916750E+001   2.3055961454E+000
   2.5820530707E+001   1.5529120779E+000
   2.5975144663E+001   9.4624029104E-001
   2.6129758619E+001   5.9284539614E-001
   2.6284372576E+001   4.0209216890E-001
   2.6438986532E+001   2.9875410020E-001
   2.6593600488E+001   2.4355953445E-001
   2.6748214445E+001   2.1476541762E-001
   2.6902828401E+001   1.9974290433E-001
   2.7057442357E+001   1.9161058018E-001
   2.7212056314E+001   1.8687635922E-001
   2.7366670270E+001   1.8382557239E-001
   2.7521284226E+001   1.8162896754E-001
   2.7675898183E+001   1.7990773237E-001
   2.7830512139E+001   1.7852038151E-001
   2.7985126095E+001   1.7744710715E-001
   2.8139740052E+001   1.7672012434E-001
   2.8294354008E+001   1.7637958494E-001
   2.8448967964E+001   1.7644821496E-001
   2.8603581920E+001   1.7692126423E-001
   2.8758195877E+001   1.7776840783E-001
   2.8912809833E+001   1.7894846020E-001
   2.9067423789E+001   1.8044061161E-001
   2.9222037746E+001   1.8229582589E-001
   2.9376651702E+001   1.8471855516E-001
   2.9531265658E+001   1.8820668457E-001
   2.9685879615E+001   1.9381958542E-001
   2.9840493571E+001   2.0373421827E-001
   2.9995107527E+001   2.2235334761E-001
   3.0149721484E+001   2.5818075351E-001
   3.0304335440E+001   3.2640886626E-001
   3.0458949396E+001   4.5318995835E-001
   3.0613563353E+001   6.8754323048E-001
   3.0768177309E+001   1.1180616312E+000
   3.0922791265E+001   1.8055815354E+000
   3.1077405222E+001   2.5049779304E+000
   3.1232019178E+001   2.6369056700E+000
   3.1386633134E+001   2.0638035760E+000
   3.1541247091E+001   1.3210351549E+000
   3.1695861047E+001   8.0393856307E-001
   3.1850475003E+001   5.1585961930E-001
   3.2005088960E+001   3.6039986951E-001
   3.2159702916E+001   2.7631952334E-001
   3.2314316872E+001   2.3179942920E-001
   3.2468930829E+001   2.0865999732E-001
   3.2623544785E+001   1.9648936753E-001
   3.2778158741E+001   1.8976466269E-001
   3.2932772698E+001   1.8572570171E-001
   3.3087386654E+001   1.8302352056E-001
   3.3242000610E+001   1.8101265154E-001
   3.3396614567E+001   1.7941063960E-001
   3.3551228523E+001   1.7812649367E-001
   3.3705842479E+001   1.7716397932E-001
   3.3860456436E+001   1.7656186407E-001
