  -3.4015070392E+001   1.7635585923E-001
  -3.3860456436E+001   1.7656121825E-001
  -3.3705842479E+001   1.7716331084E-001
  -3.3551228523E+001   1.7812581197E-001
  -3.3396614567E+001   1.7940995381E-001
  -3.3242000610E+001   1.8101197033E-001
  -3.3087386654E+001   1.8302285204E-001
  -3.2932772698E+001   1.8572505331E-001
  -3.2778158741E+001   1.8976404103E-001
  -3.2623544785E+001   1.9648877831E-001
  -3.2468930829E+001   2.0865944526E-001
  -3.2314316872E+001   2.3179891799E-001
  -3.2159702916E+001   2.7631905552E-001
  -3.2005088960E+001   3.6039944652E-001
  -3.1850475003E+001   5.1585924145E-001
  -3.1695861047E+001   8.0393822953E-001
  -3.1541247091E+001   1.3210348639E+000
  -3.1386633134E+001   2.0638033253E+000
  -3.1232019178E+001   2.6369054570E+000
  -3.1077405222E+001   2.5049777521E+000
  -3.0922791265E+001   1.8055813882E+000
  -3.0768177309E+001   1.1180615112E+000
  -3.0613563353E+001   6.8754313314E-001
  -3.0458949396E+001   4.5318987892E-001
  -3.0304335440E+001   3.2640880014E-001
  -3.0149721484E+001   2.5818069644E-001
  -2.9995107527E+001   2.2235329563E-001
  -2.9840493571E+001   2.0373416780E-001
  -2.9685879615E+001   1.9381953321E-001
  -2.9531265658E+001   1.8820662773E-001
  -2.9376651702E+001   1.8471849108E-001
  -2.9222037746E+001   1.8229575230E-001
  -2.9067423789E+001   1.8044052645E-001
  -2.8912809833E+001   1.7894836155E-001
  -2.8758195877E+001   1.7776829390E-001
  -2.8603581920E+001   1.7692113328E-001
  -2.8448967964E+001   1.7644806522E-001
  -2.8294354008E+001   1.7637941455E-001
  -2.8139740052E+001   1.7671993138E-001
  -2.7985126095E+001   1.7744688950E-001
  -2.7830512139E+001   1.7852013685E-001
  -2.7675898183E+001   1.7990745816E-001
  -2.7521284226E+001   1.8162866098E-001
  -2.7366670270E+001   1.8382523042E-001
  -2.7212056314E+001   1.8687597843E-001
  -2.7057442357E+001   1.9161015693E-001
  -2.6902828401E+001   1.9974243479E-001
  -2.6748214445E+001   2.1476489777E-001
  -2.6593600488E+001   2.4355896033E-001
  -2.6438986532E+001   2.9875346806E-001
  -2.6284372576E+001   4.0209147547E-001
  -2.6129758619E+001   5.9284463894E-001
  -2.5975144663E+001   9.4623946909E-001
  -2.5820530707E+001   1.5529111927E+000
  -2.5665916750E+001   2.3055952023E+000
  -2.5511302794E+001   2.6831159456E+000
  -2.5356688838E+001   2.3055954781E+000
  -2.5202074881E+001   1.5529117733E+000
  -2.5047460925E+001   9.4624040771E-001
  -2.4892846969E+001   5.9284600590E-001
  -2.4738233012E+001   4.0209335197E-001
  -2.4583619056E+001   2.9875594309E-001
  -2.4429005100E+001   2.4356213076E-001
  -2.4274391143E+001   2.1476887047E-001
  -2.4119777187E+001   1.9974732915E-001
  -2.3965163231E+001   1.9161610695E-001
  -2.3810549274E+001   1.8688313429E-001
  -2.3655935318E+001   1.8383375996E-001
  -2.3501321362E+001   1.8163875146E-001
  -2.3346707405E+001   1.7991931838E-001
  -2.3192093449E+001   1.7853399981E-001
  -2.3037479493E+001   1.7746301515E-001
  -2.2882865536E+001   1.7673860957E-001
  -2.2728251580E+001   1.7640096769E-001
  -2.2573637624E+001   1.7647285048E-001
  -2.2419023667E+001   1.7694954421E-001
  -2.2264409711E+001   1.7780076065E-001
  -2.2109795755E+001   1.7898534962E-001
  -2.1955181798E+001   1.8048253328E-001
  -2.1800567842E+001   1.8234330131E-001
  -2.1645953886E+001   1.8477212246E-001
  -2.1491339929E+001   1.8826688515E-001
  -2.1336725973E+001   1.9388694468E-001
  -2.1182112017E+001   2.0380921781E-001
  -2.1027498060E+001   2.2243638674E-001
  -2.0872884104E+001   2.5827210268E-001
  -2.0718270148E+001   3.2650862339E-001
  -2.0563656191E+001   4.5329802043E-001
  -2.0409042235E+001   6.8765928031E-001
  -2.0254428279E+001   1.1181851882E+000
  -2.0099814323E+001   1.8057123292E+000
  -1.9945200366E+001   2.5051168221E+000
  -1.9790586410E+001   2.6370554285E+000
  -1.9635972454E+001   2.0639682303E+000
  -1.9481358497E+001   1.3212182490E+000
  -1.9326744541E+001   8.0414215739E-001
  -1.9172130585E+001   5.1608454413E-001
  -1.9017516628E+001   3.6064618242E-001
  -1.8862902672E+001   2.7658661831E-001
  -1.8708288716E+001   2.3208602359E-001
  -1.8553674759E+001   2.0896416458E-001
  -1.8399060803E+001   1.9680856975E-001
  -1.8244446847E+001   1.9009573594E-001
  -1.8089832890E+001   1.8606480720E-001
  -1.7935218934E+001   1.8336609320E-001
  -1.7780604978E+001   1.8135336475E-001
  -1.7625991021E+001   1.7974338910E-001
  -1.7471377065E+001   1.7844439437E-001
  -1.7316763109E+001   1.7745936992E-001
  -1.7162149152E+001   1.7682631818E-001
  -1.7007535196E+001   1.7658081963E-001
  -1.6852921240E+001   1.7673621495E-001
  -1.6698307283E+001   1.7727781106E-001
  -1.6543693327E+001   1.7816873430E-001
  -1.6389079371E+001   1.7936980543E-001
  -1.6234465414E+001   1.8087702932E-001
  -1.6079851458E+001   1.8278139659E-001
  -1.5925237502E+001   1.8536564002E-001
  -1.5770623545E+001   1.8927584264E-001
  -1.5616009589E+001   1.9586200719E-001
  -1.5461395633E+001   2.0788589369E-001
  -1.5306781676E+001   2.3087260178E-001
  -1.5152167720E+001   2.7523681523E-001
  -1.4997553764E+001   3.5916119784E-001
  -1.4842939807E+001   5.1446759940E-001
  -1.4688325851E+001   8.0239736724E-001
  -1.4533711895E+001   1.3193473858E+000
  -1.4379097938E+001   2.0619619331E+000
  -1.4224483982E+001   2.6348807221E+000
  -1.4069870026E+001   2.5027155331E+000
  -1.3915256069E+001   1.8030198762E+000
  -1.3760642113E+001   1.1151530730E+000
  -1.3606028157E+001   6.8426132758E-001
  -1.3451414200E+001   4.4952482407E-001
  -1.3296800244E+001   3.2236302144E-001
  -1.3142186288E+001   2.5376767664E-001
  -1.2987572331E+001   2.1759609677E-001
  -1.2832958375E+001   1.9866378454E-001
  -1.2678344419E+001   1.8847379450E-001
  -1.2523730462E+001   1.8262974190E-001
  -1.2369116506E+001   1.7896077994E-001
  -1.2214502550E+001   1.7641318236E-001
  -1.2059888594E+001   1.7449392349E-001
  -1.1905274637E+001   1.7300239301E-001
  -1.1750660681E+001   1.7189035389E-001
  -1.1596046725E+001   1.7118021877E-001
  -1.1441432768E+001   1.7091366123E-001
  -1.1286818812E+001   1.7112035004E-001
  -1.1132204856E+001   1.7180313343E-001
  -1.0977590899E+001   1.7293595766E-001
  -1.0822976943E+001   1.7447368658E-001
  -1.0668362987E+001   1.7637724168E-001
  -1.0513749030E+001   1.7865756254E-001
  -1.0359135074E+001   1.8144534643E-001
  -1.0204521118E+001   1.8510709051E-001
  -1.0049907161E+001   1.9045891399E-001
  -9.8952932049E+000   1.9920242641E-001
  -9.7406792486E+000   2.1481755495E-001
  -9.5860652923E+000   2.4417501808E-001
  -9.4314513359E+000   2.9989480558E-001
  -9.2768373796E+000   4.0371337801E-001
  -9.1222234233E+000   5.9489707706E-001
  -8.9676094670E+000   9.4866013887E-001
  -8.8129955106E+000   1.5556054147E+000
  -8.6583815543E+000   2.3084449782E+000
  -8.5037675980E+000   2.6860659055E+000
  -8.3491536417E+000   2.3086791390E+000
  -8.1945396853E+000   1.5561470079E+000
  -8.0399257290E+000   9.4960129637E-001
  -7.8853117727E+000   5.9630896219E-001
  -7.7306978164E+000   4.0564193476E-001
  -7.5760838600E+000   3.0236524049E-001
  -7.4214699037E+000   2.4719350390E-001
  -7.2668559474E+000   2.1837403110E-001
  -7.1122419910E+000   2.0327486269E-001
  -6.9576280347E+000   1.9501666215E-001
  -6.8030140784E+000   1.9011261100E-001
  -6.6484001221E+000   1.8685506900E-001
  -6.4937861657E+000   1.8442270232E-001
  -6.3391722094E+000   1.8244487537E-001
  -6.1845582531E+000   1.8078798342E-001
  -6.0299442968E+000   1.7943933407E-001
  -5.8753303404E+000   1.7843716537E-001
  -5.7207163841E+000   1.7782639364E-001
  -5.5661024278E+000   1.7763322555E-001
  -5.4114884714E+000   1.7785518672E-001
  -5.2568745151E+000   1.7846316205E-001
  -5.1022605588E+000   1.7941626947E-001
  -4.9476466025E+000   1.8069325785E-001
  -4.7930326461E+000   1.8234406576E-001
  -4.6384186898E+000   1.8457170263E-001
  -4.4838047335E+000   1.8787238164E-001
  -4.3291907772E+000   1.9330378153E-001
  -4.1745768208E+000   2.0304127146E-001
  -4.0199628645E+000   2.2148585344E-001
  -3.8653489082E+000   2.5713827112E-001
  -3.7107349518E+000   3.2518456790E-001
  -3.5561209955E+000   4.5176438788E-001
  -3.4015070392E+000   6.8587216696E-001
  -3.2468930829E+000   1.1160539132E+000
  -3.0922791265E+000   1.8031031094E+000
  -2.9376651702E+000   2.5019879794E+000
  -2.7830512139E+000   2.6336140402E+000
  -2.6284372576E+000   2.0604639085E+000
  -2.4738233012E+000   1.3176415934E+000
  -2.3192093449E+000   8.0031907632E-001
  -2.1645953886E+000   5.1187004772E-001
  -2.0099814323E+000   3.5596318307E-001
  -1.8553674759E+000   2.7140409793E-001
  -1.7007535196E+000   2.2640311789E-001
  -1.5461395633E+000   2.0280065165E-001
  -1.3915256069E+000   1.9019838633E-001
  -1.2369116506E+000   1.8308353578E-001
  -1.0822976943E+000   1.7870464356E-001
  -9.2768373796E-001   1.7572078160E-001
  -7.7306978164E-001   1.7349365263E-001
  -6.1845582531E-001   1.7174674049E-001
  -4.6384186898E-001   1.7039353632E-001
  -3.0922791265E-001   1.6944078241E-001
  -1.5461395633E-001   1.6892875890E-001
   0.0000000000E+000   1.6889388062E-001
   1.5461395633E-001   1.6934884370E-001
   3.0922791265E-001   1.7027670481E-001
   4.6384186898E-001   1.7163653645E-001
   6.1845582531E-001   1.7338308593E-001
   7.7306978164E-001   1.7550410704E-001
   9.2768373796E-001   1.7808015796E-001
   1.0822976943E+000   1.8138159655E-001
   1.2369116506E+000   1.8604069437E-001
   1.3915256069E+000   1.9339290654E-001
   1.5461395633E+000   2.0618548347E-001
   1.7007535196E+000   2.2992986844E-001
   1.8553674759E+000   2.7502898345E-001
   2.0099814323E+000   3.5965708001E-001
   2.1645953886E+000   5.1563201713E-001
   2.3192093449E+000   8.0419325454E-001
   2.4738233012E+000   1.3217301702E+000
   2.6284372576E+000   2.0648756402E+000
   2.7830512139E+000   2.6382883894E+000
   2.9376651702E+000   2.5066374111E+000
   3.0922791265E+000   1.8075047091E+000
   3.2468930829E+000   1.1202381911E+000
   3.4015070392E+000   6.8997347722E-001
   3.5561209955E+000   4.5587908105E-001
   3.7107349518E+000   3.2935325311E-001
   3.8653489082E+000   2.6136346106E-001
   4.0199628645E+000   2.2574792031E-001
   4.1745768208E+000   2.0731133743E-001
   4.3291907772E+000   1.9755274340E-001
   4.4838047335E+000   1.9207578478E-001
   4.6384186898E+000   1.8871185345E-001
   4.7930326461E+000   1.8641080044E-001
   4.9476466025E+000   1.8468404435E-001
   5.1022605588E+000   1.8333580495E-001
   5.2568745151E+000   1.8232249084E-001
   5.4114884714E+000   1.8167040110E-001
   5.5661024278E+000   1.8142385300E-001
   5.7207163841E+000   1.8161357591E-001
   5.8753303404E+000   1.8224171013E-001
   6.0299442968E+000   1.8327969556E-001
   6.1845582531E+000   1.8467823292E-001
   6.3391722094E+000   1.8639275946E-001
   6.4937861657E+000   1.8842793458E-001
   6.6484001221E+000   1.9090803318E-001
   6.8030140784E+000   1.9419363956E-001
   6.9576280347E+000   1.9909599146E-001
   7.1122419910E+000   2.0731339432E-001
   7.2668559474E+000   2.2232542420E-001
   7.4214699037E+000   2.5100897689E-001
   7.5760838600E+000   3.0600305155E-001
   7.7306978164E+000   4.0908249670E-001
   7.8853117727E+000   5.9957558694E-001
   8.0399257290E+000   9.5278811242E-001
   8.1945396853E+000   1.5594253725E+000
   8.3491536417E+000   2.3121520046E+000
   8.5037675980E+000   2.6894811679E+000
   8.6583815543E+000   2.3113107559E+000
   8.8129955106E+000   1.5577224402E+000
   8.9676094670E+000   9.5019322868E-001
   9.1222234233E+000   5.9605994677E-001
   9.2768373796E+000   4.0462548259E-001
   9.4314513359E+000   3.0059549733E-001
   9.5860652923E+000   2.4465410320E-001
   9.7406792486E+000   2.1503802355E-001
   9.8952932049E+000   1.9911835952E-001
   1.0049907161E+001   1.9002705872E-001
   1.0204521118E+001   1.8429248147E-001
   1.0359135074E+001   1.8022344474E-001
   1.0513749030E+001   1.7701490765E-001
   1.0668362987E+001   1.7431144684E-001
   1.0822976943E+001   1.7199294149E-001
   1.0977590899E+001   1.7005807021E-001
   1.1132204856E+001   1.6855421875E-001
   1.1286818812E+001   1.6753333096E-001
   1.1441432768E+001   1.6702673876E-001
   1.1596046725E+001   1.6703542471E-001
   1.1750660681E+001   1.6753223115E-001
   1.1905274637E+001   1.6847679273E-001
   1.2059888594E+001   1.6984688890E-001
   1.2214502550E+001   1.7168990633E-001
   1.2369116506E+001   1.7420466906E-001
   1.2523730462E+001   1.7788168766E-001
   1.2678344419E+001   1.8377178751E-001
   1.2832958375E+001   1.9404291219E-001
   1.2987572331E+001   2.1308868004E-001
   1.3142186288E+001   2.4940295562E-001
   1.3296800244E+001   3.1816588355E-001
   1.3451414200E+001   4.4551418391E-001
   1.3606028157E+001   6.8044962019E-001
   1.3760642113E+001   1.1115442774E+000
   1.3915256069E+001   1.7995975042E+000
   1.4069870026E+001   2.4994251836E+000
   1.4224483982E+001   2.6316380205E+000
   1.4379097938E+001   2.0586960502E+000
   1.4533711895E+001   1.3160353057E+000
   1.4688325851E+001   7.9905534959E-001
   1.4842939807E+001   5.1112424100E-001
   1.4997553764E+001   3.5584250879E-001
   1.5152167720E+001   2.7196367235E-001
   1.5306781676E+001   2.2766126149E-001
   1.5461395633E+001   2.0474846176E-001
   1.5616009589E+001   1.9280710245E-001
   1.5770623545E+001   1.8630947592E-001
   1.5925237502E+001   1.8249202983E-001
   1.6079851458E+001   1.8000357304E-001
   1.6234465414E+001   1.7819723696E-001
   1.6389079371E+001   1.7678977070E-001
   1.6543693327E+001   1.7568985209E-001
   1.6698307283E+001   1.7490127920E-001
   1.6852921240E+001   1.7446312815E-001
   1.7007535196E+001   1.7441222851E-001
   1.7162149152E+001   1.7476325655E-001
   1.7316763109E+001   1.7550285161E-001
   1.7471377065E+001   1.7659538071E-001
   1.7625991021E+001   1.7800272831E-001
   1.7780604978E+001   1.7972170522E-001
   1.7935218934E+001   1.8184377813E-001
   1.8089832890E+001   1.8465176711E-001
   1.8244446847E+001   1.8879140324E-001
   1.8399060803E+001   1.9561183706E-001
   1.8553674759E+001   2.0787338635E-001
   1.8708288716E+001   2.3109901730E-001
   1.8862902672E+001   2.7570058538E-001
   1.9017516628E+001   3.5985751200E-001
   1.9172130585E+001   5.1538861373E-001
   1.9326744541E+001   8.0353325429E-001
   1.9481358497E+001   1.3206892357E+000
   1.9635972454E+001   2.0635094351E+000
   1.9790586410E+001   2.6366540781E+000
   1.9945200366E+001   2.5047594888E+000
   2.0099814323E+001   1.8053891410E+000
   2.0254428279E+001   1.1178913703E+000
   2.0409042235E+001   6.8739324074E-001
   2.0563656191E+001   4.5305905501E-001
   2.0718270148E+001   3.2629592557E-001
   2.0872884104E+001   2.5808456421E-001
   2.1027498060E+001   2.2227257950E-001
   2.1182112017E+001   2.0366743482E-001
   2.1336725973E+001   1.9376529142E-001
   2.1491339929E+001   1.8816338392E-001
   2.1645953886E+001   1.8468479871E-001
   2.1800567842E+001   1.8227024454E-001
   2.1955181798E+001   1.8042193721E-001
   2.2109795755E+001   1.7893553795E-001
   2.2264409711E+001   1.7776020242E-001
   2.2419023667E+001   1.7691686113E-001
   2.2573637624E+001   1.7644681792E-001
   2.2728251580E+001   1.7638051025E-001
   2.2882865536E+001   1.7672279279E-001
   2.3037479493E+001   1.7745103474E-001
   2.3192093449E+001   1.7852516954E-001
   2.3346707405E+001   1.7991305730E-001
   2.3501321362E+001   1.8163457128E-001
   2.3655935318E+001   1.8383125320E-001
   2.3810549274E+001   1.8688196315E-001
   2.3965163231E+001   1.9161599322E-001
   2.4119777187E+001   1.9974804521E-001
   2.4274391143E+001   2.1477023142E-001
   2.4429005100E+001   2.4356398733E-001
   2.4583619056E+001   2.9875817547E-001
   2.4738233012E+001   4.0209586452E-001
   2.4892846969E+001   5.9284872254E-001
   2.5047460925E+001   9.4624326799E-001
   2.5202074881E+001   1.5529147293E+000
   2.5356688838E+001   2.3055984923E+000
   2.5511302794E+001   2.6831189889E+000
   2.5665916750E+001   2.3055982522E+000
   2.5820530707E+001   1.5529142326E+000
   2.5975144663E+001   9.4624248693E-001
   2.6129758619E+001   5.9284762580E-001
   2.6284372576E+001   4.0209442494E-001
   2.6438986532E+001   2.9875637551E-001
   2.6593600488E+001   2.4356182233E-001
   2.6748214445E+001   2.1476771178E-001
   2.6902828401E+001   1.9974519895E-001
   2.7057442357E+001   1.9161286989E-001
   2.7212056314E+001   1.8687863914E-001
   2.7366670270E+001   1.8382783809E-001
   2.7521284226E+001   1.8163121505E-001
   2.7675898183E+001   1.7990995810E-001
   2.7830512139E+001   1.7852258222E-001
   2.7985126095E+001   1.7744927990E-001
   2.8139740052E+001   1.7672226644E-001
   2.8294354008E+001   1.7638169389E-001
   2.8448967964E+001   1.7645028841E-001
   2.8603581920E+001   1.7692329994E-001
   2.8758195877E+001   1.7777040359E-001
   2.8912809833E+001   1.7895041385E-001
   2.9067423789E+001   1.8044252091E-001
   2.9222037746E+001   1.8229768849E-001
   2.9376651702E+001   1.8472036855E-001
   2.9531265658E+001   1.8820844603E-001
   2.9685879615E+001   1.9382129192E-001
   2.9840493571E+001   2.0373586650E-001
   2.9995107527E+001   2.2235493392E-001
   3.0149721484E+001   2.5818227393E-001
   3.0304335440E+001   3.2641031649E-001
   3.0458949396E+001   4.5319133377E-001
   3.0613563353E+001   6.8754452617E-001
   3.0768177309E+001   1.1180628421E+000
   3.0922791265E+001   1.8055826568E+000
   3.1077405222E+001   2.5049789581E+000
   3.1232019178E+001   2.6369066002E+000
   3.1386633134E+001   2.0638044056E+000
   3.1541247091E+001   1.3210358811E+000
   3.1695861047E+001   8.0393918342E-001
   3.1850475003E+001   5.1586013200E-001
   3.2005088960E+001   3.6040027363E-001
   3.2159702916E+001   2.7631981911E-001
   3.2314316872E+001   2.3179961801E-001
   3.2468930829E+001   2.0866008169E-001
   3.2623544785E+001   1.9648935112E-001
   3.2778158741E+001   1.8976455019E-001
   3.2932772698E+001   1.8572549882E-001
   3.3087386654E+001   1.8302323390E-001
   3.3242000610E+001   1.8101228853E-001
   3.3396614567E+001   1.7941020835E-001
   3.3551228523E+001   1.7812600288E-001
   3.3705842479E+001   1.7716343811E-001
   3.3860456436E+001   1.7656128188E-001
