  -3.4015070392E+001   1.7567575314E-001
  -3.3860456436E+001   1.7588335980E-001
  -3.3705842479E+001   1.7649110071E-001
  -3.3551228523E+001   1.7746256948E-001
  -3.3396614567E+001   1.7875889512E-001
  -3.3242000610E+001   1.8037621807E-001
  -3.3087386654E+001   1.8240546229E-001
  -3.2932772698E+001   1.8512902840E-001
  -3.2778158741E+001   1.8919228877E-001
  -3.2623544785E+001   1.9594398676E-001
  -3.2468930829E+001   2.0814386189E-001
  -3.2314316872E+001   2.3131403775E-001
  -3.2159702916E+001   2.7586522313E-001
  -3.2005088960E+001   3.5997540922E-001
  -3.1850475003E+001   5.1546200354E-001
  -3.1695861047E+001   8.0356463360E-001
  -3.1541247091E+001   1.3206865573E+000
  -3.1386633134E+001   2.0634877841E+000
  -3.1232019178E+001   2.6366165417E+000
  -3.1077405222E+001   2.5046826630E+000
  -3.0922791265E+001   1.8052545376E+000
  -3.0768177309E+001   1.1177044389E+000
  -3.0613563353E+001   6.8716235377E-001
  -3.0458949396E+001   4.5278478459E-001
  -3.0304335440E+001   3.2597591526E-001
  -3.0149721484E+001   2.5771757553E-001
  -2.9995107527E+001   2.2185927987E-001
  -2.9840493571E+001   2.0321005225E-001
  -2.9685879615E+001   1.9326712377E-001
  -2.9531265658E+001   1.8762837146E-001
  -2.9376651702E+001   1.8411719390E-001
  -2.9222037746E+001   1.8167438995E-001
  -2.9067423789E+001   1.7980214980E-001
  -2.8912809833E+001   1.7829607788E-001
  -2.8758195877E+001   1.7710528873E-001
  -2.8603581920E+001   1.7625069436E-001
  -2.8448967964E+001   1.7577358231E-001
  -2.8294354008E+001   1.7570434729E-001
  -2.8139740052E+001   1.7604775397E-001
  -2.7985126095E+001   1.7678103188E-001
  -2.7830512139E+001   1.7786394319E-001
  -2.7675898183E+001   1.7926417596E-001
  -2.7521284226E+001   1.8100145918E-001
  -2.7366670270E+001   1.8321722592E-001
  -2.7212056314E+001   1.8629023555E-001
  -2.7057442357E+001   1.9104962119E-001
  -2.6902828401E+001   1.9920977622E-001
  -2.6748214445E+001   2.1426225916E-001
  -2.6593600488E+001   2.4308761645E-001
  -2.6438986532E+001   2.9831340238E-001
  -2.6284372576E+001   4.0168096084E-001
  -2.6129758619E+001   5.9246043505E-001
  -2.5975144663E+001   9.4587949047E-001
  -2.5820530707E+001   1.5525798397E+000
  -2.5665916750E+001   2.3052987187E+000
  -2.5511302794E+001   2.6828386393E+000
  -2.5356688838E+001   2.3053020745E+000
  -2.5202074881E+001   1.5525866054E+000
  -2.5047460925E+001   9.4588976964E-001
  -2.4892846969E+001   5.9247437357E-001
  -2.4738233012E+001   4.0169874073E-001
  -2.4583619056E+001   2.9833523897E-001
  -2.4429005100E+001   2.4311375884E-001
  -2.4274391143E+001   2.1429299288E-001
  -2.4119777187E+001   1.9924542633E-001
  -2.3965163231E+001   1.9109055499E-001
  -2.3810549274E+001   1.8633686485E-001
  -2.3655935318E+001   1.8327000929E-001
  -2.3501321362E+001   1.8106090449E-001
  -2.3346707405E+001   1.7933084346E-001
  -2.3192093449E+001   1.7793844901E-001
  -2.3037479493E+001   1.7686405186E-001
  -2.2882865536E+001   1.7614002759E-001
  -2.2728251580E+001   1.7580668136E-001
  -2.2573637624E+001   1.7588685432E-001
  -2.2419023667E+001   1.7637585500E-001
  -2.2264409711E+001   1.7724336318E-001
  -2.2109795755E+001   1.7844816538E-001
  -2.1955181798E+001   1.7996942105E-001
  -2.1800567842E+001   1.8185808178E-001
  -2.1645953886E+001   1.8431860039E-001
  -2.1491339929E+001   1.8784883087E-001
  -2.1336725973E+001   1.9350799916E-001
  -2.1182112017E+001   2.0347270294E-001
  -2.1027498060E+001   2.2214502170E-001
  -2.0872884104E+001   2.5802763256E-001
  -2.0718270148E+001   3.2631137420E-001
  -2.0563656191E+001   4.5314656493E-001
  -2.0409042235E+001   6.8755119363E-001
  -2.0254428279E+001   1.1181209472E+000
  -2.0099814323E+001   1.8056995799E+000
  -1.9945200366E+001   2.5051583157E+000
  -1.9790586410E+001   2.6371268945E+000
  -1.9635972454E+001   2.0640382663E+000
  -1.9481358497E+001   1.3212821265E+000
  -1.9326744541E+001   8.0420873641E-001
  -1.9172130585E+001   5.1615683243E-001
  -1.9017516628E+001   3.6072237069E-001
  -1.8862902672E+001   2.7666504456E-001
  -1.8708288716E+001   2.3216674739E-001
  -1.8553674759E+001   2.0904881530E-001
  -1.8399060803E+001   1.9689989169E-001
  -1.8244446847E+001   1.9019718016E-001
  -1.8089832890E+001   1.8618020676E-001
  -1.7935218934E+001   1.8349942821E-001
  -1.7780604978E+001   1.8150862270E-001
  -1.7625991021E+001   1.7992450938E-001
  -1.7471377065E+001   1.7865526568E-001
  -1.7316763109E+001   1.7770384118E-001
  -1.7162149152E+001   1.7710819148E-001
  -1.7007535196E+001   1.7690381140E-001
  -1.6852921240E+001   1.7710388942E-001
  -1.6698307283E+001   1.7769350361E-001
  -1.6543693327E+001   1.7863548687E-001
  -1.6389079371E+001   1.7989033104E-001
  -1.6234465414E+001   1.8145371007E-001
  -1.6079851458E+001   1.8341630135E-001
  -1.5925237502E+001   1.8606053016E-001
  -1.5770623545E+001   1.9003212704E-001
  -1.5616009589E+001   1.9668061658E-001
  -1.5461395633E+001   2.0876706448E-001
  -1.5306781676E+001   2.3181557262E-001
  -1.5152167720E+001   2.7623943417E-001
  -1.4997553764E+001   3.6021945900E-001
  -1.4842939807E+001   5.1557543924E-001
  -1.4688325851E+001   8.0354812913E-001
  -1.4533711895E+001   1.3205385810E+000
  -1.4379097938E+001   2.0631959108E+000
  -1.4224483982E+001   2.6361448115E+000
  -1.4069870026E+001   2.5039689505E+000
  -1.3915256069E+001   1.8042282171E+000
  -1.3760642113E+001   1.1163090686E+000
  -1.3606028157E+001   6.8536312440E-001
  -1.3451414200E+001   4.5056392366E-001
  -1.3296800244E+001   3.2332849415E-001
  -1.3142186288E+001   2.5465003460E-001
  -1.2987572331E+001   2.1838801217E-001
  -1.2832958375E+001   1.9935972891E-001
  -1.2678344419E+001   1.8906961209E-001
  -1.2523730462E+001   1.8312233782E-001
  -1.2369116506E+001   1.7934791264E-001
  -1.2214502550E+001   1.7669334658E-001
  -1.2059888594E+001   1.7466631754E-001
  -1.1905274637E+001   1.7306695476E-001
  -1.1750660681E+001   1.7184783400E-001
  -1.1596046725E+001   1.7103225263E-001
  -1.1441432768E+001   1.7066280830E-001
  -1.1286818812E+001   1.7077008426E-001
  -1.1132204856E+001   1.7135778247E-001
  -1.0977590899E+001   1.7240059933E-001
  -1.0822976943E+001   1.7385401680E-001
  -1.0668362987E+001   1.7567942845E-001
  -1.0513749030E+001   1.7788809382E-001
  -1.0359135074E+001   1.8061086982E-001
  -1.0204521118E+001   1.8421423185E-001
  -1.0049907161E+001   1.8951405632E-001
  -9.8952932049E+000   1.9821145118E-001
  -9.7406792486E+000   2.1378561898E-001
  -9.5860652923E+000   2.4310655901E-001
  -9.4314513359E+000   2.9879405101E-001
  -9.2768373796E+000   4.0258560009E-001
  -9.1222234233E+000   5.9375122265E-001
  -8.9676094670E+000   9.4751475944E-001
  -8.8129955106E+000   1.5544944990E+000
  -8.6583815543E+000   2.3073968126E+000
  -8.5037675980E+000   2.6850484650E+000
  -8.3491536417E+000   2.3076151379E+000
  -8.1945396853E+000   1.5550101270E+000
  -8.0399257290E+000   9.4842750405E-001
  -7.8853117727E+000   5.9513897785E-001
  -7.7306978164E+000   4.0449946671E-001
  -7.5760838600E+000   3.0126289461E-001
  -7.4214699037E+000   2.4613876326E-001
  -7.2668559474E+000   2.1737209807E-001
  -7.1122419910E+000   2.0233024344E-001
  -6.9576280347E+000   1.9413393626E-001
  -6.8030140784E+000   1.8929658077E-001
  -6.6484001221E+000   1.8611062356E-001
  -6.4937861657E+000   1.8375464919E-001
  -6.3391722094E+000   1.8185783061E-001
  -6.1845582531E+000   1.8028630783E-001
  -6.0299442968E+000   1.7902707399E-001
  -5.8753303404E+000   1.7811796882E-001
  -5.7207163841E+000   1.7760339431E-001
  -5.5661024278E+000   1.7750890605E-001
  -5.4114884714E+000   1.7783124457E-001
  -5.2568745151E+000   1.7854040497E-001
  -5.1022605588E+000   1.7959456195E-001
  -4.9476466025E+000   1.8097153002E-001
  -4.7930326461E+000   1.8272037827E-001
  -4.6384186898E+000   1.8504333827E-001
  -4.4838047335E+000   1.8843591584E-001
  -4.3291907772E+000   1.9395508452E-001
  -4.1745768208E+000   2.0377542491E-001
  -4.0199628645E+000   2.2229702193E-001
  -3.8653489082E+000   2.5801962284E-001
  -3.7107349518E+000   3.2612833208E-001
  -3.5561209955E+000   4.5276214588E-001
  -3.4015070392E+000   6.8691608199E-001
  -3.2468930829E+000   1.1171407868E+000
  -3.0922791265E+000   1.8042383538E+000
  -2.9376651702E+000   2.5031719882E+000
  -2.7830512139E+000   2.6348170584E+000
  -2.6284372576E+000   2.0616441809E+000
  -2.4738233012E+000   1.3187808695E+000
  -2.3192093449E+000   8.0141228449E-001
  -2.1645953886E+000   5.1290687992E-001
  -2.0099814323E+000   3.5692903004E-001
  -1.8553674759E+000   2.7228508432E-001
  -1.7007535196E+000   2.2718797951E-001
  -1.5461395633E+000   2.0348081844E-001
  -1.3915256069E+000   1.9076764027E-001
  -1.2369116506E+000   1.8353766037E-001
  -1.0822976943E+000   1.7904113532E-001
  -9.2768373796E-001   1.7593862270E-001
  -7.7306978164E-001   1.7359313756E-001
  -6.1845582531E-001   1.7172935115E-001
  -4.6384186898E-001   1.7026185429E-001
  -3.0922791265E-001   1.6919841963E-001
  -1.5461395633E-001   1.6858028726E-001
   0.0000000000E+000   1.6844474672E-001
   1.5461395633E-001   1.6880526236E-001
   3.0922791265E-001   1.6964553092E-001
   4.6384186898E-001   1.7092511847E-001
   6.1845582531E-001   1.7259910524E-001
   7.7306978164E-001   1.7465540342E-001
   9.2768373796E-001   1.7717453588E-001
   1.0822976943E+000   1.8042660252E-001
   1.2369116506E+000   1.8504335346E-001
   1.3915256069E+000   1.9235941572E-001
   1.5461395633E+000   2.0512089921E-001
   1.7007535196E+000   2.2883790851E-001
   1.8553674759E+000   2.7391215943E-001
   2.0099814323E+000   3.5851742183E-001
   2.1645953886E+000   5.1447292153E-001
   2.3192093449E+000   8.0302429750E-001
   2.4738233012E+000   1.3205751825E+000
   2.6284372576E+000   2.0637648704E+000
   2.7830512139E+000   2.6372073481E+000
   2.9376651702E+000   2.5055062894E+000
   3.0922791265E+000   1.8062702004E+000
   3.2468930829E+000   1.1189264957E+000
   3.4015070392E+000   6.8863462866E-001
   3.5561209955E+000   4.5454590895E-001
   3.7107349518E+000   3.2804259292E-001
   3.8653489082E+000   2.6008373149E-001
   4.0199628645E+000   2.2450296037E-001
   4.1745768208E+000   2.0610254141E-001
   4.3291907772E+000   1.9638030723E-001
   4.4838047335E+000   1.9093916969E-001
   4.6384186898E+000   1.8760981410E-001
   4.7930326461E+000   1.8534133675E-001
   4.9476466025E+000   1.8364444461E-001
   5.1022605588E+000   1.8232278176E-001
   5.2568745151E+000   1.8133234514E-001
   5.4114884714E+000   1.8069915577E-001
   5.5661024278E+000   1.8046733018E-001
   5.7207163841E+000   1.8066742466E-001
   5.8753303404E+000   1.8130141381E-001
   6.0299442968E+000   1.8234059892E-001
   6.1845582531E+000   1.8373562582E-001
   6.3391722094E+000   1.8544204092E-001
   6.4937861657E+000   1.8746485746E-001
   6.6484001221E+000   1.8992899681E-001
   6.8030140784E+000   1.9319596497E-001
   6.9576280347E+000   1.9807810202E-001
   7.1122419910E+000   2.0627484887E-001
   7.2668559474E+000   2.2126680602E-001
   7.4214699037E+000   2.4993169135E-001
   7.5760838600E+000   3.0490906586E-001
   7.7306978164E+000   4.0797397863E-001
   7.8853117727E+000   5.9845461903E-001
   8.0399257290E+000   9.5165788283E-001
   8.1945396853E+000   1.5582947167E+000
   8.3491536417E+000   2.3110368823E+000
   8.5037675980E+000   2.6883911611E+000
   8.6583815543E+000   2.3102389798E+000
   8.8129955106E+000   1.5566558795E+000
   8.9676094670E+000   9.4911730763E-001
   9.1222234233E+000   5.9495703037E-001
   9.2768373796E+000   4.0347962153E-001
   9.4314513359E+000   2.9939725065E-001
   9.5860652923E+000   2.4340172284E-001
   9.7406792486E+000   2.1373630882E-001
   9.8952932049E+000   1.9777690077E-001
   1.0049907161E+001   1.8865883076E-001
   1.0204521118E+001   1.8291293123E-001
   1.0359135074E+001   1.7884986042E-001
   1.0513749030E+001   1.7566588231E-001
   1.0668362987E+001   1.7300637688E-001
   1.0822976943E+001   1.7075157524E-001
   1.0977590899E+001   1.6890013066E-001
   1.1132204856E+001   1.6749910556E-001
   1.1286818812E+001   1.6659989121E-001
   1.1441432768E+001   1.6623308894E-001
   1.1596046725E+001   1.6639880667E-001
   1.1750660681E+001   1.6706888608E-001
   1.1905274637E+001   1.6820183694E-001
   1.2059888594E+001   1.6977417274E-001
   1.2214502550E+001   1.7183183847E-001
   1.2369116506E+001   1.7457200066E-001
   1.2523730462E+001   1.7848327442E-001
   1.2678344419E+001   1.8461436982E-001
   1.2832958375E+001   1.9513093616E-001
   1.2987572331E+001   2.1442408311E-001
   1.3142186288E+001   2.5098468749E-001
   1.3296800244E+001   3.1998893281E-001
   1.3451414200E+001   4.4756843732E-001
   1.3606028157E+001   6.8272007553E-001
   1.3760642113E+001   1.1140140938E+000
   1.3915256069E+001   1.8022486978E+000
   1.4069870026E+001   2.5022218377E+000
   1.4224483982E+001   2.6345079029E+000
   1.4379097938E+001   2.0615656458E+000
   1.4533711895E+001   1.3188755192E+000
   1.4688325851E+001   8.0186601179E-001
   1.4842939807E+001   5.1390566936E-001
   1.4997553764E+001   3.5859099596E-001
   1.5152167720E+001   2.7467488884E-001
   1.5306781676E+001   2.3033149773E-001
   1.5461395633E+001   2.0737440233E-001
   1.5616009589E+001   1.9538555025E-001
   1.5770623545E+001   1.8883728638E-001
   1.5925237502E+001   1.8496613529E-001
   1.6079851458E+001   1.8242102629E-001
   1.6234465414E+001   1.8055527592E-001
   1.6389079371E+001   1.7908591535E-001
   1.6543693327E+001   1.7792202106E-001
   1.6698307283E+001   1.7706789543E-001
   1.6852921240E+001   1.7656318497E-001
   1.7007535196E+001   1.7644530354E-001
   1.7162149152E+001   1.7672947907E-001
   1.7316763109E+001   1.7740284318E-001
   1.7471377065E+001   1.7843019376E-001
   1.7625991021E+001   1.7977380264E-001
   1.7780604978E+001   1.8143084908E-001
   1.7935218934E+001   1.8349316224E-001
   1.8089832890E+001   1.8624390229E-001
   1.8244446847E+001   1.9032906441E-001
   1.8399060803E+001   1.9709790434E-001
   1.8553674759E+001   2.0931059258E-001
   1.8708288716E+001   2.3248960504E-001
   1.8862902672E+001   2.7704587576E-001
   1.9017516628E+001   3.6115742054E-001
   1.9172130585E+001   5.1664146966E-001
   1.9326744541E+001   8.0473735289E-001
   1.9481358497E+001   1.3218477640E+000
   1.9635972454E+001   2.0646314191E+000
   1.9790586410E+001   2.6377348836E+000
   1.9945200366E+001   2.5057678583E+000
   2.0099814323E+001   1.8063012298E+000
   2.0254428279E+001   1.1187107115E+000
   2.0409042235E+001   6.8812849271E-001
   2.0563656191E+001   4.5371179244E-001
   2.0718270148E+001   3.2686484288E-001
   2.0872884104E+001   2.5856935833E-001
   2.1027498060E+001   2.2267469911E-001
   2.1182112017E+001   2.0398974289E-001
   2.1336725973E+001   1.9401161999E-001
   2.1491339929E+001   1.8833816339E-001
   2.1645953886E+001   1.8479277445E-001
   2.1800567842E+001   1.8231628641E-001
   2.1955181798E+001   1.8041094314E-001
   2.2109795755E+001   1.7887241348E-001
   2.2264409711E+001   1.7764988091E-001
   2.2419023667E+001   1.7676432629E-001
   2.2573637624E+001   1.7625710223E-001
   2.2728251580E+001   1.7615866169E-001
   2.2882865536E+001   1.7647381865E-001
   2.3037479493E+001   1.7717984194E-001
   2.3192093449E+001   1.7823652257E-001
   2.3346707405E+001   1.7961156706E-001
   2.3501321362E+001   1.8132471299E-001
   2.3655935318E+001   1.8351739300E-001
   2.3810549274E+001   1.8656835768E-001
   2.3965163231E+001   1.9130672380E-001
   2.4119777187E+001   1.9944686156E-001
   2.4274391143E+001   2.1448030035E-001
   2.4429005100E+001   2.4328755268E-001
   2.4583619056E+001   2.9849613555E-001
   2.4738233012E+001   4.0184735363E-001
   2.4892846969E+001   5.9261130933E-001
   2.5047460925E+001   9.4601562435E-001
   2.5202074881E+001   1.5527019620E+000
   2.5356688838E+001   2.3054075006E+000
   2.5511302794E+001   2.6829346860E+000
   2.5665916750E+001   2.3053859190E+000
   2.5820530707E+001   1.5526587080E+000
   2.5975144663E+001   9.4595052243E-001
   2.6129758619E+001   5.9252410700E-001
   2.6284372576E+001   4.0173773002E-001
   2.6438986532E+001   2.9836370707E-001
   2.6593600488E+001   2.4313187621E-001
   2.6748214445E+001   2.1430087527E-001
   2.6902828401E+001   1.9924313213E-001
   2.7057442357E+001   1.9107808298E-001
   2.7212056314E+001   1.8631415247E-001
   2.7366670270E+001   1.8323693092E-001
   2.7521284226E+001   1.8101726950E-001
   2.7675898183E+001   1.7927639365E-001
   2.7830512139E+001   1.7787285572E-001
   2.7985126095E+001   1.7678691268E-001
   2.8139740052E+001   1.7605086297E-001
   2.8294354008E+001   1.7570493151E-001
   2.8448967964E+001   1.7577187634E-001
   2.8603581920E+001   1.7624692092E-001
   2.8758195877E+001   1.7709965912E-001
   2.8912809833E+001   1.7828879250E-001
   2.9067423789E+001   1.7979339860E-001
   2.9222037746E+001   1.8166435290E-001
   2.9376651702E+001   1.8410604137E-001
   2.9531265658E+001   1.8761626465E-001
   2.9685879615E+001   1.9325421513E-001
   2.9840493571E+001   2.0319648583E-001
   2.9995107527E+001   2.2184519167E-001
   3.0149721484E+001   2.5770309384E-001
   3.0304335440E+001   3.2596116101E-001
   3.0458949396E+001   4.5276987162E-001
   3.0613563353E+001   6.8714738914E-001
   3.0768177309E+001   1.1176895232E+000
   3.0922791265E+001   1.8052397651E+000
   3.1077405222E+001   2.5046681220E+000
   3.1232019178E+001   2.6366023148E+000
   3.1386633134E+001   2.0634739482E+000
   3.1541247091E+001   1.3206731841E+000
   3.1695861047E+001   8.0355178954E-001
   3.1850475003E+001   5.1544975013E-001
   3.2005088960E+001   3.5996380313E-001
   3.2159702916E+001   2.7585431636E-001
   3.2314316872E+001   2.3130387778E-001
   3.2468930829E+001   2.0813449182E-001
   3.2623544785E+001   1.9593544537E-001
   3.2778158741E+001   1.8918461070E-001
   3.2932772698E+001   1.8512224419E-001
   3.3087386654E+001   1.8239959850E-001
   3.3242000610E+001   1.8037129729E-001
   3.3396614567E+001   1.7875493613E-001
   3.3551228523E+001   1.7745958722E-001
   3.3705842479E+001   1.7648910635E-001
   3.3860456436E+001   1.7588236076E-001
