  -3.4015070392E+001   1.7601714559E-001
  -3.3860456436E+001   1.7622070434E-001
  -3.3705842479E+001   1.7681702647E-001
  -3.3551228523E+001   1.7776995834E-001
  -3.3396614567E+001   1.7904099902E-001
  -3.3242000610E+001   1.8062672036E-001
  -3.3087386654E+001   1.8261849992E-001
  -3.2932772698E+001   1.8529921795E-001
  -3.2778158741E+001   1.8931481163E-001
  -3.2623544785E+001   1.9601477794E-001
  -3.2468930829E+001   2.0815991961E-001
  -3.2314316872E+001   2.3127385006E-001
  -3.2159702916E+001   2.7576930845E-001
  -3.2005088960E+001   3.5982692416E-001
  -3.1850475003E+001   5.1526690712E-001
  -3.1695861047E+001   8.0332930834E-001
  -3.1541247091E+001   1.3204104194E+000
  -3.1386633134E+001   2.0631616382E+000
  -3.1232019178E+001   2.6362510760E+000
  -3.1077405222E+001   2.5043276781E+000
  -3.0922791265E+001   1.8049492505E+000
  -3.0768177309E+001   1.1174483006E+000
  -3.0613563353E+001   6.8694762450E-001
  -3.0458949396E+001   4.5261419325E-001
  -3.0304335440E+001   3.2585627807E-001
  -3.0149721484E+001   2.5765399297E-001
  -2.9995107527E+001   2.2185397372E-001
  -2.9840493571E+001   2.0326280476E-001
  -2.9685879615E+001   1.9337588042E-001
  -2.9531265658E+001   1.8778974360E-001
  -2.9376651702E+001   1.8432684700E-001
  -2.9222037746E+001   1.8192731278E-001
  -2.9067423789E+001   1.8009280519E-001
  -2.8912809833E+001   1.7861846217E-001
  -2.8758195877E+001   1.7745295044E-001
  -2.8603581920E+001   1.7661676577E-001
  -2.8448967964E+001   1.7615085884E-001
  -2.8294354008E+001   1.7608542248E-001
  -2.8139740052E+001   1.7642519289E-001
  -2.7985126095E+001   1.7714755051E-001
  -2.7830512139E+001   1.7821255899E-001
  -2.7675898183E+001   1.7958830632E-001
  -2.7521284226E+001   1.8129496621E-001
  -2.7366670270E+001   1.8347443391E-001
  -2.7212056314E+001   1.8650597032E-001
  -2.7057442357E+001   1.9121932587E-001
  -2.6902828401E+001   1.9932973954E-001
  -2.6748214445E+001   2.1432996448E-001
  -2.6593600488E+001   2.4310220609E-001
  -2.6438986532E+001   2.9827625319E-001
  -2.6284372576E+001   4.0159625056E-001
  -2.6129758619E+001   5.9233480243E-001
  -2.5975144663E+001   9.4571805181E-001
  -2.5820530707E+001   1.5523782439E+000
  -2.5665916750E+001   2.3050498317E+000
  -2.5511302794E+001   2.6825674591E+000
  -2.5356688838E+001   2.3050623527E+000
  -2.5202074881E+001   1.5524033340E+000
  -2.5047460925E+001   9.4575580236E-001
  -2.4892846969E+001   5.9238534101E-001
  -2.4738233012E+001   4.0165973446E-001
  -2.4583619056E+001   2.9835286608E-001
  -2.4429005100E+001   2.4319215780E-001
  -2.4274391143E+001   2.1443349266E-001
  -2.4119777187E+001   1.9944711166E-001
  -2.3965163231E+001   1.9135084076E-001
  -2.3810549274E+001   1.8665195907E-001
  -2.3655935318E+001   1.8363526059E-001
  -2.3501321362E+001   1.8147102880E-001
  -2.3346707405E+001   1.7978003791E-001
  -2.3192093449E+001   1.7842042936E-001
  -2.3037479493E+001   1.7737206778E-001
  -2.2882865536E+001   1.7666690512E-001
  -2.2728251580E+001   1.7634491896E-001
  -2.2573637624E+001   1.7642877084E-001
  -2.2419023667E+001   1.7691376640E-001
  -2.2264409711E+001   1.7776975317E-001
  -2.2109795755E+001   1.7895581757E-001
  -2.1955181798E+001   1.8045149553E-001
  -2.1800567842E+001   1.8230814379E-001
  -2.1645953886E+001   1.8473063635E-001
  -2.1491339929E+001   1.8821730514E-001
  -2.1336725973E+001   1.9382800240E-001
  -2.1182112017E+001   2.0374021933E-001
  -2.1027498060E+001   2.2235731568E-001
  -2.0872884104E+001   2.5818375041E-001
  -2.0718270148E+001   3.2641274574E-001
  -2.0563656191E+001   4.5319744108E-001
  -2.0409042235E+001   6.8755748108E-001
  -2.0254428279E+001   1.1180844004E+000
  -2.0099814323E+001   1.8056114012E+000
  -1.9945200366E+001   2.5050167731E+000
  -1.9790586410E+001   2.6369698619E+000
  -1.9635972454E+001   2.0639140651E+000
  -1.9481358497E+001   1.3211999005E+000
  -1.9326744541E+001   8.0415772143E-001
  -1.9172130585E+001   5.1613484078E-001
  -1.9017516628E+001   3.6073412778E-001
  -1.8862902672E+001   2.7671479646E-001
  -1.8708288716E+001   2.3225588539E-001
  -1.8553674759E+001   2.0917604318E-001
  -1.8399060803E+001   1.9706183840E-001
  -1.8244446847E+001   1.9038894872E-001
  -1.8089832890E+001   1.8639581240E-001
  -1.7935218934E+001   1.8373212141E-001
  -1.7780604978E+001   1.8175109239E-001
  -1.7625991021E+001   1.8016898336E-001
  -1.7471377065E+001   1.7889355331E-001
  -1.7316763109E+001   1.7792737377E-001
  -1.7162149152E+001   1.7730810310E-001
  -1.7007535196E+001   1.7707107706E-001
  -1.6852921240E+001   1.7722951053E-001
  -1.6698307283E+001   1.7776871135E-001
  -1.6543693327E+001   1.7865192720E-001
  -1.6389079371E+001   1.7984020249E-001
  -1.6234465414E+001   1.8132984417E-001
  -1.6079851458E+001   1.8321220210E-001
  -1.5925237502E+001   1.8577041582E-001
  -1.5770623545E+001   1.8965102927E-001
  -1.5616009589E+001   1.9620458047E-001
  -1.5461395633E+001   2.0819346580E-001
  -1.5306781676E+001   2.3114355025E-001
  -1.5152167720E+001   2.7547044262E-001
  -1.4997553764E+001   3.5935791329E-001
  -1.4842939807E+001   5.1462897019E-001
  -1.4688325851E+001   8.0252537469E-001
  -1.4533711895E+001   1.3194420461E+000
  -1.4379097938E+001   2.0620206085E+000
  -1.4224483982E+001   2.6349069694E+000
  -1.4069870026E+001   2.5027252082E+000
  -1.3915256069E+001   1.8030255745E+000
  -1.3760642113E+001   1.1151551744E+000
  -1.3606028157E+001   6.8425839727E-001
  -1.3451414200E+001   4.4951895109E-001
  -1.3296800244E+001   3.2235756303E-001
  -1.3142186288E+001   2.5376534720E-001
  -1.2987572331E+001   2.1759857531E-001
  -1.2832958375E+001   1.9867181403E-001
  -1.2678344419E+001   1.8848732259E-001
  -1.2523730462E+001   1.8264803281E-001
  -1.2369116506E+001   1.7898249924E-001
  -1.2214502550E+001   1.7643645583E-001
  -1.2059888594E+001   1.7451637309E-001
  -1.1905274637E+001   1.7302116056E-001
  -1.1750660681E+001   1.7190213055E-001
  -1.1596046725E+001   1.7118130104E-001
  -1.1441432768E+001   1.7090004885E-001
  -1.1286818812E+001   1.7108789217E-001
  -1.1132204856E+001   1.7174772161E-001
  -1.0977590899E+001   1.7285375742E-001
  -1.0822976943E+001   1.7436139204E-001
  -1.0668362987E+001   1.7623233189E-001
  -1.0513749030E+001   1.7847853774E-001
  -1.0359135074E+001   1.8123192541E-001
  -1.0204521118E+001   1.8486036025E-001
  -1.0049907161E+001   1.9018143400E-001
  -9.8952932049E+000   1.9889827509E-001
  -9.7406792486E+000   2.1449221858E-001
  -9.5860652923E+000   2.4383486403E-001
  -9.4314513359E+000   2.9954578443E-001
  -9.2768373796E+000   4.0335876977E-001
  -9.1222234233E+000   5.9453409991E-001
  -8.9676094670E+000   9.4827444748E-001
  -8.8129955106E+000   1.5551676461E+000
  -8.6583815543E+000   2.3079337918E+000
  -8.5037675980E+000   2.6855199407E+000
  -8.3491536417E+000   2.3081817533E+000
  -8.1945396853E+000   1.5557349547E+000
  -8.0399257290E+000   9.4925074093E-001
  -7.8853117727E+000   5.9598842177E-001
  -7.7306978164E+000   4.0533549666E-001
  -7.5760838600E+000   3.0206905067E-001
  -7.4214699037E+000   2.4691022638E-001
  -7.2668559474E+000   2.1810936929E-001
  -7.1122419910E+000   2.0303518444E-001
  -6.9576280347E+000   1.9480761034E-001
  -6.8030140784E+000   1.8993852889E-001
  -6.6484001221E+000   1.8671886183E-001
  -6.4937861657E+000   1.8432585386E-001
  -6.3391722094E+000   1.8238751217E-001
  -6.1845582531E+000   1.8076897714E-001
  -6.0299442968E+000   1.7945645042E-001
  -5.8753303404E+000   1.7848725371E-001
  -5.7207163841E+000   1.7790559790E-001
  -5.5661024278E+000   1.7773719154E-001
  -5.4114884714E+000   1.7797924072E-001
  -5.2568745151E+000   1.7860244209E-001
  -5.1022605588E+000   1.7956580217E-001
  -4.9476466025E+000   1.8084798476E-001
  -4.7930326461E+000   1.8249883524E-001
  -4.6384186898E+000   1.8472125577E-001
  -4.4838047335E+000   1.8801136557E-001
  -4.3291907772E+000   1.9342681877E-001
  -4.1745768208E+000   2.0314311343E-001
  -4.0199628645E+000   2.2156167185E-001
  -3.8653489082E+000   2.5718419080E-001
  -3.7107349518E+000   3.2519854735E-001
  -3.5561209955E+000   4.5174738307E-001
  -3.4015070392E+000   6.8582916014E-001
  -3.2468930829E+000   1.1159936880E+000
  -3.0922791265E+000   1.8030341887E+000
  -2.9376651702E+000   2.5019100811E+000
  -2.7830512139E+000   2.6335147835E+000
  -2.6284372576E+000   2.0603304247E+000
  -2.4738233012E+000   1.3174742001E+000
  -2.3192093449E+000   8.0013001810E-001
  -2.1645953886E+000   5.1167363605E-001
  -2.0099814323E+000   3.5576978744E-001
  -1.8553674759E+000   2.7121904750E-001
  -1.7007535196E+000   2.2622757303E-001
  -1.5461395633E+000   2.0263299580E-001
  -1.3915256069E+000   1.9003545410E-001
  -1.2369116506E+000   1.8292140319E-001
  -1.0822976943E+000   1.7853905636E-001
  -9.2768373796E-001   1.7554738788E-001
  -7.7306978164E-001   1.7330814244E-001
  -6.1845582531E-001   1.7154492857E-001
  -4.6384186898E-001   1.7017140102E-001
  -3.0922791265E-001   1.6919447767E-001
  -1.5461395633E-001   1.6865462166E-001
   0.0000000000E+000   1.6858845267E-001
   1.5461395633E-001   1.6900892045E-001
   3.0922791265E-001   1.6989941574E-001
   4.6384186898E-001   1.7121945378E-001
   6.1845582531E-001   1.7292435220E-001
   7.7306978164E-001   1.7500257098E-001
   9.2768373796E-001   1.7753550830E-001
   1.0822976943E+000   1.8079448603E-001
   1.2369116506E+000   1.8541285124E-001
   1.3915256069E+000   1.9272723015E-001
   1.5461395633E+000   2.0548609488E-001
   1.7007535196E+000   2.2920202534E-001
   1.8553674759E+000   2.7427869900E-001
   2.0099814323E+000   3.5889029164E-001
   2.1645953886E+000   5.1485313243E-001
   2.3192093449E+000   8.0340236573E-001
   2.4738233012E+000   1.3209190808E+000
   2.6284372576E+000   2.0640328262E+000
   2.7830512139E+000   2.6374265914E+000
   2.9376651702E+000   2.5058047113E+000
   3.0922791265E+000   1.8067365368E+000
   3.2468930829E+000   1.1195285831E+000
   3.4015070392E+000   6.8930307596E-001
   3.5561209955E+000   4.5523679135E-001
   3.7107349518E+000   3.2873606620E-001
   3.8653489082E+000   2.6077242812E-001
   4.0199628645E+000   2.2518577797E-001
   4.1745768208E+000   2.0678100915E-001
   4.3291907772E+000   1.9705641082E-001
   4.4838047335E+000   1.9161448358E-001
   4.6384186898E+000   1.8828539149E-001
   4.7930326461E+000   1.8601779598E-001
   4.9476466025E+000   1.8432198989E-001
   5.1022605588E+000   1.8300114567E-001
   5.2568745151E+000   1.8201073629E-001
   5.4114884714E+000   1.8137628403E-001
   5.5661024278E+000   1.8114153566E-001
   5.7207163841E+000   1.8133689321E-001
   5.8753303404E+000   1.8196443260E-001
   6.0299442968E+000   1.8299579242E-001
   6.1845582531E+000   1.8438211598E-001
   6.3391722094E+000   1.8607949033E-001
   6.4937861657E+000   1.8809338263E-001
   6.6484001221E+000   1.9054898178E-001
   6.8030140784E+000   1.9380785153E-001
   6.9576280347E+000   1.9868225380E-001
   7.1122419910E+000   2.0687154867E-001
   7.2668559474E+000   2.2185633147E-001
   7.4214699037E+000   2.5051426883E-001
   7.5760838600E+000   3.0548447731E-001
   7.7306978164E+000   4.0854078566E-001
   7.8853117727E+000   5.9900870520E-001
   8.0399257290E+000   9.5218806171E-001
   8.1945396853E+000   1.5587752102E+000
   8.3491536417E+000   2.3114374572E+000
   8.5037675980E+000   2.6887211001E+000
   8.6583815543E+000   2.3105515576E+000
   8.8129955106E+000   1.5569875340E+000
   8.9676094670E+000   9.4947473343E-001
   9.1222234233E+000   5.9534702524E-001
   9.2768373796E+000   4.0391553462E-001
   9.4314513359E+000   2.9989127984E-001
   9.5860652923E+000   2.4396061128E-001
   9.7406792486E+000   2.1436093837E-001
   9.8952932049E+000   1.9846316973E-001
   1.0049907161E+001   1.8939859249E-001
   1.0204521118E+001   1.8369473903E-001
   1.0359135074E+001   1.7965958787E-001
   1.0513749030E+001   1.7648730617E-001
   1.0668362987E+001   1.7382174442E-001
   1.0822976943E+001   1.7154213731E-001
   1.0977590899E+001   1.6964661962E-001
   1.1132204856E+001   1.6818215129E-001
   1.1286818812E+001   1.6720037883E-001
   1.1441432768E+001   1.6673246512E-001
   1.1596046725E+001   1.6677934028E-001
   1.1750660681E+001   1.6731388905E-001
   1.1905274637E+001   1.6829585553E-001
   1.2059888594E+001   1.6970316714E-001
   1.2214502550E+001   1.7158337363E-001
   1.2369116506E+001   1.7413546446E-001
   1.2523730462E+001   1.7785011717E-001
   1.2678344419E+001   1.8377833326E-001
   1.2832958375E+001   1.9408825471E-001
   1.2987572331E+001   2.1317374652E-001
   1.3142186288E+001   2.4952902626E-001
   1.3296800244E+001   3.1833478899E-001
   1.3451414200E+001   4.4572850154E-001
   1.3606028157E+001   6.8071234652E-001
   1.3760642113E+001   1.1118570544E+000
   1.3915256069E+001   1.7999589615E+000
   1.4069870026E+001   2.4998371309E+000
   1.4224483982E+001   2.6321155385E+000
   1.4379097938E+001   2.0592565804E+000
   1.4533711895E+001   1.3166815677E+000
   1.4688325851E+001   7.9978191486E-001
   1.4842939807E+001   5.1192769752E-001
   1.4997553764E+001   3.5672151462E-001
   1.5152167720E+001   2.7291672490E-001
   1.5306781676E+001   2.2868594293E-001
   1.5461395633E+001   2.0584146827E-001
   1.5616009589E+001   1.9396438659E-001
   1.5770623545E+001   1.8752635613E-001
   1.5925237502E+001   1.8376327533E-001
   1.6079851458E+001   1.8132347475E-001
   1.6234465414E+001   1.7955966414E-001
   1.6389079371E+001   1.7818821545E-001
   1.6543693327E+001   1.7711747236E-001
   1.6698307283E+001   1.7635095445E-001
   1.6852921240E+001   1.7592753849E-001
   1.7007535196E+001   1.7588395944E-001
   1.7162149152E+001   1.7623492314E-001
   1.7316763109E+001   1.7696722976E-001
   1.7471377065E+001   1.7804553113E-001
   1.7625991021E+001   1.7943210083E-001
   1.7780604978E+001   1.8112421768E-001
   1.7935218934E+001   1.8321387215E-001
   1.8089832890E+001   1.8598445229E-001
   1.8244446847E+001   1.9008230553E-001
   1.8399060803E+001   1.9685726486E-001
   1.8553674759E+001   2.0907042034E-001
   1.8708288716E+001   2.3224562524E-001
   1.8862902672E+001   2.7679576467E-001
   1.9017516628E+001   3.6090144988E-001
   1.9172130585E+001   5.1638270513E-001
   1.9326744541E+001   8.0447930228E-001
   1.9481358497E+001   1.3215870274E+000
   1.9635972454E+001   2.0643561248E+000
   1.9790586410E+001   2.6374532388E+000
   1.9945200366E+001   2.5055272819E+000
   2.0099814323E+001   1.8061384657E+000
   2.0254428279E+001   1.1186225852E+000
   2.0409042235E+001   6.8810459212E-001
   2.0563656191E+001   4.5375224601E-001
   2.0718270148E+001   3.2697398802E-001
   2.0872884104E+001   2.5874994738E-001
   2.1027498060E+001   2.2292673665E-001
   2.1182112017E+001   2.0431092250E-001
   2.1336725973E+001   1.9439792200E-001
   2.1491339929E+001   1.8878435161E-001
   2.1645953886E+001   1.8529277888E-001
   2.1800567842E+001   1.8286346754E-001
   2.1955181798E+001   1.8099823850E-001
   2.2109795755E+001   1.7949239319E-001
   2.2264409711E+001   1.7829476254E-001
   2.2419023667E+001   1.7742600273E-001
   2.2573637624E+001   1.7692721752E-001
   2.2728251580E+001   1.7682874240E-001
   2.2882865536E+001   1.7713544373E-001
   2.3037479493E+001   1.7782481860E-001
   2.3192093449E+001   1.7885703345E-001
   2.3346707405E+001   1.8020026502E-001
   2.3501321362E+001   1.8187476242E-001
   2.3655935318E+001   1.8402248381E-001
   2.3810549274E+001   1.8702274124E-001
   2.3965163231E+001   1.9170532523E-001
   2.4119777187E+001   1.9978550482E-001
   2.4274391143E+001   2.1475605412E-001
   2.4429005100E+001   2.4349919148E-001
   2.4583619056E+001   2.9864471229E-001
   2.4738233012E+001   4.0193676297E-001
   2.4892846969E+001   5.9264794491E-001
   2.5047460925E+001   9.4600439264E-001
   2.5202074881E+001   1.5526383353E+000
   2.5356688838E+001   2.3052841995E+000
   2.5511302794E+001   2.6827765932E+000
   2.5665916750E+001   2.3052466993E+000
   2.5820530707E+001   1.5525632936E+000
   2.5975144663E+001   9.4589173229E-001
   2.6129758619E+001   5.9249756081E-001
   2.6284372576E+001   4.0174853049E-001
   2.6438986532E+001   2.9841849362E-001
   2.6593600488E+001   2.4323484004E-001
   2.6748214445E+001   2.1445341818E-001
   2.6902828401E+001   1.9944443180E-001
   2.7057442357E+001   1.9132566750E-001
   2.7212056314E+001   1.8660436357E-001
   2.7366670270E+001   1.8356527208E-001
   2.7521284226E+001   1.8137863340E-001
   2.7675898183E+001   1.7966517701E-001
   2.7830512139E+001   1.7828299787E-001
   2.7985126095E+001   1.7721191236E-001
   2.8139740052E+001   1.7648382241E-001
   2.8294354008E+001   1.7613865414E-001
   2.8448967964E+001   1.7619901685E-001
   2.8603581920E+001   1.7666016411E-001
   2.8758195877E+001   1.7749189278E-001
   2.8912809833E+001   1.7865324187E-001
   2.9067423789E+001   1.8012370542E-001
   2.9222037746E+001   1.8195460651E-001
   2.9376651702E+001   1.8435079704E-001
   2.9531265658E+001   1.8781060272E-001
   2.9685879615E+001   1.9339389149E-001
   2.9840493571E+001   2.0327820077E-001
   2.9995107527E+001   2.2186697787E-001
   3.0149721484E+001   2.5766481887E-001
   3.0304335440E+001   3.2586512980E-001
   3.0458949396E+001   4.5262126548E-001
   3.0613563353E+001   6.8695310261E-001
   3.0768177309E+001   1.1174523609E+000
   3.0922791265E+001   1.8049520602E+000
   3.1077405222E+001   2.5043293954E+000
   3.1232019178E+001   2.6362518505E+000
   3.1386633134E+001   2.0631616109E+000
   3.1541247091E+001   1.3204097225E+000
   3.1695861047E+001   8.0332806578E-001
   3.1850475003E+001   5.1526523452E-001
   3.2005088960E+001   3.5982492888E-001
   3.2159702916E+001   2.7576708972E-001
   3.2314316872E+001   2.3127149915E-001
   3.2468930829E+001   2.0815751986E-001
   3.2623544785E+001   1.9601240479E-001
   3.2778158741E+001   1.8931253279E-001
   3.2932772698E+001   1.8529709343E-001
   3.3087386654E+001   1.8261658208E-001
   3.3242000610E+001   1.8062505395E-001
   3.3396614567E+001   1.7903962130E-001
   3.3551228523E+001   1.7776889908E-001
   3.3705842479E+001   1.7681630794E-001
   3.3860456436E+001   1.7622034135E-001
