  -3.4015070392E+001   1.7637072909E-001
  -3.3860456436E+001   1.7657556072E-001
  -3.3705842479E+001   1.7717709683E-001
  -3.3551228523E+001   1.7813901398E-001
  -3.3396614567E+001   1.7942254611E-001
  -3.3242000610E+001   1.8102392887E-001
  -3.3087386654E+001   1.8303415415E-001
  -3.2932772698E+001   1.8573567718E-001
  -3.2778158741E+001   1.8977396516E-001
  -3.2623544785E+001   1.9649798104E-001
  -3.2468930829E+001   2.0866790454E-001
  -3.2314316872E+001   2.3180661143E-001
  -3.2159702916E+001   2.7632596096E-001
  -3.2005088960E+001   3.6040554304E-001
  -3.1850475003E+001   5.1586450966E-001
  -3.1695861047E+001   8.0394264504E-001
  -3.1541247091E+001   1.3210383764E+000
  -3.1386633134E+001   2.0638058525E+000
  -3.1232019178E+001   2.6369069648E+000
  -3.1077405222E+001   2.5049783128E+000
  -3.0922791265E+001   1.8055810481E+000
  -3.0768177309E+001   1.1180602149E+000
  -3.0613563353E+001   6.8754081798E-001
  -3.0458949396E+001   4.5318652363E-001
  -3.0304335440E+001   3.2640440586E-001
  -3.0149721484E+001   2.5817527035E-001
  -2.9995107527E+001   2.2234684781E-001
  -2.9840493571E+001   2.0372671196E-001
  -2.9685879615E+001   1.9381108758E-001
  -2.9531265658E+001   1.8819721525E-001
  -2.9376651702E+001   1.8470813931E-001
  -2.9222037746E+001   1.8228449292E-001
  -2.9067423789E+001   1.8042839470E-001
  -2.8912809833E+001   1.7893539548E-001
  -2.8758195877E+001   1.7775453374E-001
  -2.8603581920E+001   1.7690662108E-001
  -2.8448967964E+001   1.7643284464E-001
  -2.8294354008E+001   1.7636353100E-001
  -2.8139740052E+001   1.7670343218E-001
  -2.7985126095E+001   1.7742982417E-001
  -2.7830512139E+001   1.7850255722E-001
  -2.7675898183E+001   1.7988941825E-001
  -2.7521284226E+001   1.8161021663E-001
  -2.7366670270E+001   1.8380643863E-001
  -2.7212056314E+001   1.8685689660E-001
  -2.7057442357E+001   1.9159084208E-001
  -2.6902828401E+001   1.9972294292E-001
  -2.6748214445E+001   2.1474528345E-001
  -2.6593600488E+001   2.4353927667E-001
  -2.6438986532E+001   2.9873376717E-001
  -2.6284372576E+001   4.0207180927E-001
  -2.6129758619E+001   5.9282505791E-001
  -2.5975144663E+001   9.4622001101E-001
  -2.5820530707E+001   1.5528918594E+000
  -2.5665916750E+001   2.3055759771E+000
  -2.5511302794E+001   2.6830968920E+000
  -2.5356688838E+001   2.3055767360E+000
  -2.5202074881E+001   1.5528934041E+000
  -2.5047460925E+001   9.4622239040E-001
  -2.4892846969E+001   5.9282833602E-001
  -2.4738233012E+001   4.0207605883E-001
  -2.4583619056E+001   2.9873906656E-001
  -2.4429005100E+001   2.4354571000E-001
  -2.4274391143E+001   2.1475294266E-001
  -2.4119777187E+001   1.9973193031E-001
  -2.3965163231E+001   1.9160127240E-001
  -2.3810549274E+001   1.8686889858E-001
  -2.3655935318E+001   1.8382015649E-001
  -2.3501321362E+001   1.8162581183E-001
  -2.3346707405E+001   1.7990707163E-001
  -2.3192093449E+001   1.7852247166E-001
  -2.3037479493E+001   1.7745222742E-001
  -2.2882865536E+001   1.7672857980E-001
  -2.2728251580E+001   1.7639170908E-001
  -2.2573637624E+001   1.7646437213E-001
  -2.2419023667E+001   1.7694185140E-001
  -2.2264409711E+001   1.7779385520E-001
  -2.2109795755E+001   1.7897923007E-001
  -2.1955181798E+001   1.8047719490E-001
  -2.1800567842E+001   1.8233873585E-001
  -2.1645953886E+001   1.8476831770E-001
  -2.1491339929E+001   1.8826382440E-001
  -2.1336725973E+001   1.9388460642E-001
  -2.1182112017E+001   2.0380757547E-001
  -2.1027498060E+001   2.2243540882E-001
  -2.0872884104E+001   2.5827175333E-001
  -2.0718270148E+001   3.2650886355E-001
  -2.0563656191E+001   4.5329880897E-001
  -2.0409042235E+001   6.8766057114E-001
  -2.0254428279E+001   1.1181869143E+000
  -2.0099814323E+001   1.8057143839E+000
  -1.9945200366E+001   2.5051191081E+000
  -1.9790586410E+001   2.6370579521E+000
  -1.9635972454E+001   2.0639710264E+000
  -1.9481358497E+001   1.3212212495E+000
  -1.9326744541E+001   8.0414524989E-001
  -1.9172130585E+001   5.1608765214E-001
  -1.9017516628E+001   3.6064925974E-001
  -1.8862902672E+001   2.7658962832E-001
  -1.8708288716E+001   2.3208893297E-001
  -1.8553674759E+001   2.0896694388E-001
  -1.8399060803E+001   1.9681119462E-001
  -1.8244446847E+001   1.9009818782E-001
  -1.8089832890E+001   1.8606707364E-001
  -1.7935218934E+001   1.8336816761E-001
  -1.7780604978E+001   1.8135524610E-001
  -1.7625991021E+001   1.7974508133E-001
  -1.7471377065E+001   1.7844590583E-001
  -1.7316763109E+001   1.7746071296E-001
  -1.7162149152E+001   1.7682750887E-001
  -1.7007535196E+001   1.7658187778E-001
  -1.6852921240E+001   1.7673716419E-001
  -1.6698307283E+001   1.7727867894E-001
  -1.6543693327E+001   1.7816955227E-001
  -1.6389079371E+001   1.7937060859E-001
  -1.6234465414E+001   1.8087785578E-001
  -1.6079851458E+001   1.8278228657E-001
  -1.5925237502E+001   1.8536663468E-001
  -1.5770623545E+001   1.8927698284E-001
  -1.5616009589E+001   1.9586333225E-001
  -1.5461395633E+001   2.0788744037E-001
  -1.5306781676E+001   2.3087440343E-001
  -1.5152167720E+001   2.7523890150E-001
  -1.4997553764E+001   3.5916359495E-001
  -1.4842939807E+001   5.1447032991E-001
  -1.4688325851E+001   8.0240044343E-001
  -1.4533711895E+001   1.3193507893E+000
  -1.4379097938E+001   2.0619656114E+000
  -1.4224483982E+001   2.6348846732E+000
  -1.4069870026E+001   2.5027198644E+000
  -1.3915256069E+001   1.8030246669E+000
  -1.3760642113E+001   1.1151582912E+000
  -1.3606028157E+001   6.8426692277E-001
  -1.3451414200E+001   4.4953077784E-001
  -1.3296800244E+001   3.2236933042E-001
  -1.3142186288E+001   2.5377433719E-001
  -1.2987572331E+001   2.1760310254E-001
  -1.2832958375E+001   1.9867112817E-001
  -1.2678344419E+001   1.8848146900E-001
  -1.2523730462E+001   1.8263774110E-001
  -1.2369116506E+001   1.7896909849E-001
  -1.2214502550E+001   1.7642181527E-001
  -1.2059888594E+001   1.7450286557E-001
  -1.1905274637E+001   1.7301163819E-001
  -1.1750660681E+001   1.7189989456E-001
  -1.1596046725E+001   1.7119004528E-001
  -1.1441432768E+001   1.7092376152E-001
  -1.1286818812E+001   1.7113070960E-001
  -1.1132204856E+001   1.7181373539E-001
  -1.0977590899E+001   1.7294678307E-001
  -1.0822976943E+001   1.7448471482E-001
  -1.0668362987E+001   1.7638845088E-001
  -1.0513749030E+001   1.7866893007E-001
  -1.0359135074E+001   1.8145684937E-001
  -1.0204521118E+001   1.8511870633E-001
  -1.0049907161E+001   1.9047062128E-001
  -9.8952932049E+000   1.9921420583E-001
  -9.7406792486E+000   2.1482939012E-001
  -9.5860652923E+000   2.4418689550E-001
  -9.4314513359E+000   2.9990671257E-001
  -9.2768373796E+000   4.0372529734E-001
  -9.1222234233E+000   5.9490897501E-001
  -8.9676094670E+000   9.4867193706E-001
  -8.8129955106E+000   1.5556169598E+000
  -8.6583815543E+000   2.3084561302E+000
  -8.5037675980E+000   2.6860767797E+000
  -8.3491536417E+000   2.3086900449E+000
  -8.1945396853E+000   1.5561580312E+000
  -8.0399257290E+000   9.4961225965E-001
  -7.8853117727E+000   5.9631968395E-001
  -7.7306978164E+000   4.0565232051E-001
  -7.5760838600E+000   3.0237525095E-001
  -7.4214699037E+000   2.4720312558E-001
  -7.2668559474E+000   2.1838326217E-001
  -7.1122419910E+000   2.0328370505E-001
  -6.9576280347E+000   1.9502511748E-001
  -6.8030140784E+000   1.9012067981E-001
  -6.6484001221E+000   1.8686275106E-001
  -6.4937861657E+000   1.8442999732E-001
  -6.3391722094E+000   1.8245178335E-001
  -6.1845582531E+000   1.8079450502E-001
  -6.0299442968E+000   1.7944547082E-001
  -5.8753303404E+000   1.7844292010E-001
  -5.7207163841E+000   1.7783177101E-001
  -5.5661024278E+000   1.7763823266E-001
  -5.4114884714E+000   1.7785983362E-001
  -5.2568745151E+000   1.7846746198E-001
  -5.1022605588E+000   1.7942023877E-001
  -4.9476466025E+000   1.8069691532E-001
  -4.7930326461E+000   1.8234743167E-001
  -4.6384186898E+000   1.8457479735E-001
  -4.4838047335E+000   1.8787522418E-001
  -4.3291907772E+000   1.9330638821E-001
  -4.1745768208E+000   2.0304365498E-001
  -4.0199628645E+000   2.2148802244E-001
  -3.8653489082E+000   2.5714023058E-001
  -3.7107349518E+000   3.2518632086E-001
  -3.5561209955E+000   4.5176593871E-001
  -3.4015070392E+000   6.8587352430E-001
  -3.2468930829E+000   1.1160550842E+000
  -3.0922791265E+000   1.8031040759E+000
  -2.9376651702E+000   2.5019886823E+000
  -2.7830512139E+000   2.6336144126E+000
  -2.6284372576E+000   2.0604639164E+000
  -2.4738233012E+000   1.3176412460E+000
  -2.3192093449E+000   8.0031842572E-001
  -2.1645953886E+000   5.1186916409E-001
  -2.0099814323E+000   3.5596212633E-001
  -1.8553674759E+000   2.7140290841E-001
  -1.7007535196E+000   2.2640182025E-001
  -1.5461395633E+000   2.0279926303E-001
  -1.3915256069E+000   1.9019692330E-001
  -1.2369116506E+000   1.8308201808E-001
  -1.0822976943E+000   1.7870309522E-001
  -9.2768373796E-001   1.7571923070E-001
  -7.7306978164E-001   1.7349213050E-001
  -6.1845582531E-001   1.7174528059E-001
  -4.6384186898E-001   1.7039217297E-001
  -3.0922791265E-001   1.6943954925E-001
  -1.5461395633E-001   1.6892768730E-001
   0.0000000000E+000   1.6889299815E-001
   1.5461395633E-001   1.6934817267E-001
   3.0922791265E-001   1.7027626114E-001
   4.6384186898E-001   1.7163632890E-001
   6.1845582531E-001   1.7338311571E-001
   7.7306978164E-001   1.7550436800E-001
   9.2768373796E-001   1.7808063731E-001
   1.0822976943E+000   1.8138227617E-001
   1.2369116506E+000   1.8604155265E-001
   1.3915256069E+000   1.9339392073E-001
   1.5461395633E+000   2.0618663223E-001
   1.7007535196E+000   2.2993113385E-001
   1.8553674759E+000   2.7503035096E-001
   2.0099814323E+000   3.5965853454E-001
   2.1645953886E+000   5.1563353159E-001
   2.3192093449E+000   8.0419476072E-001
   2.4738233012E+000   1.3217315130E+000
   2.6284372576E+000   2.0648766239E+000
   2.7830512139E+000   2.6382890620E+000
   2.9376651702E+000   2.5066381734E+000
   3.0922791265E+000   1.8075058109E+000
   3.2468930829E+000   1.1202394471E+000
   3.4015070392E+000   6.8997458151E-001
   3.5561209955E+000   4.5587983858E-001
   3.7107349518E+000   3.2935357250E-001
   3.8653489082E+000   2.6136330745E-001
   4.0199628645E+000   2.2574728875E-001
   4.1745768208E+000   2.0731023718E-001
   4.3291907772E+000   1.9755118900E-001
   4.4838047335E+000   1.9207379311E-001
   4.6384186898E+000   1.8870944409E-001
   4.7930326461E+000   1.8640799683E-001
   4.9476466025E+000   1.8468087458E-001
   5.1022605588E+000   1.8333230191E-001
   5.2568745151E+000   1.8231869211E-001
   5.4114884714E+000   1.8166634873E-001
   5.5661024278E+000   1.8141959314E-001
   5.7207163841E+000   1.8160915829E-001
   5.8753303404E+000   1.8223718705E-001
   6.0299442968E+000   1.8327512021E-001
   6.1845582531E+000   1.8467365692E-001
   6.3391722094E+000   1.8638822958E-001
   6.4937861657E+000   1.8842348898E-001
   6.6484001221E+000   1.9090369754E-001
   6.8030140784E+000   1.9418942373E-001
   6.9576280347E+000   1.9909188710E-001
   7.1122419910E+000   2.0730937423E-001
   7.2668559474E+000   2.2232144447E-001
   7.4214699037E+000   2.5100498489E-001
   7.5760838600E+000   3.0599900410E-001
   7.7306978164E+000   4.0907839044E-001
   7.8853117727E+000   5.9957149896E-001
   8.0399257290E+000   9.5278424494E-001
   8.1945396853E+000   1.5594220379E+000
   8.3491536417E+000   2.3121493523E+000
   8.5037675980E+000   2.6894787416E+000
   8.6583815543E+000   2.3113077271E+000
   8.8129955106E+000   1.5577184761E+000
   8.9676094670E+000   9.5018863802E-001
   9.1222234233E+000   5.9605516889E-001
   9.2768373796E+000   4.0462080058E-001
   9.4314513359E+000   3.0059102724E-001
   9.5860652923E+000   2.4464984355E-001
   9.7406792486E+000   2.1503390483E-001
   9.8952932049E+000   1.9911428556E-001
   1.0049907161E+001   1.9002293319E-001
   1.0204521118E+001   1.8428822061E-001
   1.0359135074E+001   1.8021898223E-001
   1.0513749030E+001   1.7701019634E-001
   1.0668362987E+001   1.7430645896E-001
   1.0822976943E+001   1.7198766769E-001
   1.0977590899E+001   1.7005251754E-001
   1.1132204856E+001   1.6854840767E-001
   1.1286818812E+001   1.6752729196E-001
   1.1441432768E+001   1.6702050882E-001
   1.1596046725E+001   1.6702904405E-001
   1.1750660681E+001   1.6752574027E-001
   1.1905274637E+001   1.6847022995E-001
   1.2059888594E+001   1.6984028837E-001
   1.2214502550E+001   1.7168329651E-001
   1.2369116506E+001   1.7419807160E-001
   1.2523730462E+001   1.7787511639E-001
   1.2678344419E+001   1.8376524732E-001
   1.2832958375E+001   1.9403639764E-001
   1.2987572331E+001   2.1308217430E-001
   1.3142186288E+001   2.4939643129E-001
   1.3296800244E+001   3.1815930697E-001
   1.3451414200E+001   4.4550752162E-001
   1.3606028157E+001   6.8044284023E-001
   1.3760642113E+001   1.1115373404E+000
   1.3915256069E+001   1.7995903708E+000
   1.4069870026E+001   2.4994178986E+000
   1.4224483982E+001   2.6316307917E+000
   1.4379097938E+001   2.0586890858E+000
   1.4533711895E+001   1.3160286140E+000
   1.4688325851E+001   7.9904881642E-001
   1.4842939807E+001   5.1111776708E-001
   1.4997553764E+001   3.5583603684E-001
   1.5152167720E+001   2.7195717337E-001
   1.5306781676E+001   2.2765472776E-001
   1.5461395633E+001   2.0474190534E-001
   1.5616009589E+001   1.9280055309E-001
   1.5770623545E+001   1.8630297780E-001
   1.5925237502E+001   1.8248563791E-001
   1.6079851458E+001   1.7999734978E-001
   1.6234465414E+001   1.7819124938E-001
   1.6389079371E+001   1.7678408781E-001
   1.6543693327E+001   1.7568454269E-001
   1.6698307283E+001   1.7489641008E-001
   1.6852921240E+001   1.7445876278E-001
   1.7007535196E+001   1.7440842622E-001
   1.7162149152E+001   1.7476007206E-001
   1.7316763109E+001   1.7550033480E-001
   1.7471377065E+001   1.7659357647E-001
   1.7625991021E+001   1.7800167628E-001
   1.7780604978E+001   1.7972143946E-001
   1.7935218934E+001   1.8184432648E-001
   1.8089832890E+001   1.8465315056E-001
   1.8244446847E+001   1.8879363530E-001
   1.8399060803E+001   1.9561492326E-001
   1.8553674759E+001   2.0787732407E-001
   1.8708288716E+001   2.3110379589E-001
   1.8862902672E+001   2.7570618690E-001
   1.9017516628E+001   3.5986391248E-001
   1.9172130585E+001   5.1539578371E-001
   1.9326744541E+001   8.0354115264E-001
   1.9481358497E+001   1.3206977890E+000
   1.9635972454E+001   2.0635185324E+000
   1.9790586410E+001   2.6366636512E+000
   1.9945200366E+001   2.5047695710E+000
   2.0099814323E+001   1.8053997348E+000
   2.0254428279E+001   1.1179023718E+000
   2.0409042235E+001   6.8740453512E-001
   2.0563656191E+001   4.5307056546E-001
   2.0718270148E+001   3.2630759509E-001
   2.0872884104E+001   2.5809633963E-001
   2.1027498060E+001   2.2228440874E-001
   2.1182112017E+001   2.0367926806E-001
   2.1336725973E+001   1.9377708235E-001
   2.1491339929E+001   1.8817509036E-001
   2.1645953886E+001   1.8469638287E-001
   2.1800567842E+001   1.8228167287E-001
   2.1955181798E+001   1.8043318015E-001
   2.2109795755E+001   1.7894656950E-001
   2.2264409711E+001   1.7777099982E-001
   2.2419023667E+001   1.7692740472E-001
   2.2573637624E+001   1.7645709116E-001
   2.2728251580E+001   1.7639050005E-001
   2.2882865536E+001   1.7673248991E-001
   2.3037479493E+001   1.7746043415E-001
   2.3192093449E+001   1.7853427069E-001
   2.3346707405E+001   1.7992186409E-001
   2.3501321362E+001   1.8164309176E-001
   2.3655935318E+001   1.8383949897E-001
   2.3810549274E+001   1.8688994863E-001
   2.3965163231E+001   1.9162373488E-001
   2.4119777187E+001   1.9975556093E-001
   2.4274391143E+001   2.1477754007E-001
   2.4429005100E+001   2.4357110869E-001
   2.4583619056E+001   2.9876513068E-001
   2.4738233012E+001   4.0210267683E-001
   2.4892846969E+001   5.9285541600E-001
   2.5047460925E+001   9.4624985614E-001
   2.5202074881E+001   1.5529211920E+000
   2.5356688838E+001   2.3056047925E+000
   2.5511302794E+001   2.6831251722E+000
   2.5665916750E+001   2.3056044423E+000
   2.5820530707E+001   1.5529204768E+000
   2.5975144663E+001   9.4624875163E-001
   2.6129758619E+001   5.9285389594E-001
   2.6284372576E+001   4.0210072087E-001
   2.6438986532E+001   2.9876272982E-001
   2.6593600488E+001   2.4356826851E-001
   2.6748214445E+001   2.1477428293E-001
   2.6902828401E+001   1.9975192857E-001
   2.7057442357E+001   1.9161979229E-001
   2.7212056314E+001   1.8688578939E-001
   2.7366670270E+001   1.8383525155E-001
   2.7521284226E+001   1.8163892672E-001
   2.7675898183E+001   1.7991800189E-001
   2.7830512139E+001   1.7853099008E-001
   2.7985126095E+001   1.7745808124E-001
   2.8139740052E+001   1.7673148774E-001
   2.8294354008E+001   1.7639135859E-001
   2.8448967964E+001   1.7646041707E-001
   2.8603581920E+001   1.7693391052E-001
   2.8758195877E+001   1.7778151171E-001
   2.8912809833E+001   1.7896203289E-001
   2.9067423789E+001   1.8045466195E-001
   2.9222037746E+001   1.8231035993E-001
   2.9376651702E+001   1.8473357556E-001
   2.9531265658E+001   1.8822218991E-001
   2.9685879615E+001   1.9383556958E-001
   2.9840493571E+001   2.0375067007E-001
   2.9995107527E+001   2.2237025069E-001
   3.0149721484E+001   2.5819808670E-001
   3.0304335440E+001   3.2642660448E-001
   3.0458949396E+001   4.5320807352E-001
   3.0613563353E+001   6.8756168846E-001
   3.0768177309E+001   1.1180803757E+000
   3.0922791265E+001   1.8056004695E+000
   3.1077405222E+001   2.5049969657E+000
   3.1232019178E+001   2.6369248206E+000
   3.1386633134E+001   2.0638228837E+000
   3.1541247091E+001   1.3210545562E+000
   3.1695861047E+001   8.0395794783E-001
   3.1850475003E+001   5.1587891082E-001
   3.2005088960E+001   3.6041901918E-001
   3.2159702916E+001   2.7633848992E-001
   3.2314316872E+001   2.3181817246E-001
   3.2468930829E+001   2.0867847833E-001
   3.2623544785E+001   1.9650754978E-001
   3.2778158741E+001   1.8978251260E-001
   3.2932772698E+001   1.8574318875E-001
   3.3087386654E+001   1.8304061695E-001
   3.3242000610E+001   1.8102933176E-001
   3.3396614567E+001   1.7942687973E-001
   3.3551228523E+001   1.7814227084E-001
   3.3705842479E+001   1.7717927123E-001
   3.3860456436E+001   1.7657664886E-001
