  -3.4015070392E+001   1.7635631945E-001
  -3.3860456436E+001   1.7656167448E-001
  -3.3705842479E+001   1.7716375684E-001
  -3.3551228523E+001   1.7812624166E-001
  -3.3396614567E+001   1.7941036137E-001
  -3.3242000610E+001   1.8101235026E-001
  -3.3087386654E+001   1.8302319926E-001
  -3.2932772698E+001   1.8572536331E-001
  -3.2778158741E+001   1.8976430994E-001
  -3.2623544785E+001   1.9648900299E-001
  -3.2468930829E+001   2.0865962341E-001
  -3.2314316872E+001   2.3179904819E-001
  -3.2159702916E+001   2.7631913730E-001
  -3.2005088960E+001   3.6039948032E-001
  -3.1850475003E+001   5.1585922862E-001
  -3.1695861047E+001   8.0393817246E-001
  -3.1541247091E+001   1.3210347667E+000
  -3.1386633134E+001   2.0638031940E+000
  -3.1232019178E+001   2.6369052969E+000
  -3.1077405222E+001   2.5049775655E+000
  -3.0922791265E+001   1.8055811786E+000
  -3.0768177309E+001   1.1180612849E+000
  -3.0613563353E+001   6.8754289660E-001
  -3.0458949396E+001   4.5318963664E-001
  -3.0304335440E+001   3.2640855555E-001
  -3.0149721484E+001   2.5818045226E-001
  -2.9995107527E+001   2.2235305399E-001
  -2.9840493571E+001   2.0373393017E-001
  -2.9685879615E+001   1.9381930044E-001
  -2.9531265658E+001   1.8820640005E-001
  -2.9376651702E+001   1.8471826818E-001
  -2.9222037746E+001   1.8229553340E-001
  -2.9067423789E+001   1.8044031044E-001
  -2.8912809833E+001   1.7894814703E-001
  -2.8758195877E+001   1.7776807929E-001
  -2.8603581920E+001   1.7692091691E-001
  -2.8448967964E+001   1.7644784538E-001
  -2.8294354008E+001   1.7637918961E-001
  -2.8139740052E+001   1.7671969977E-001
  -2.7985126095E+001   1.7744664983E-001
  -2.7830512139E+001   1.7851988796E-001
  -2.7675898183E+001   1.7990719914E-001
  -2.7521284226E+001   1.8162839132E-001
  -2.7366670270E+001   1.8382495002E-001
  -2.7212056314E+001   1.8687568773E-001
  -2.7057442357E+001   1.9160985697E-001
  -2.6902828401E+001   1.9974212729E-001
  -2.6748214445E+001   2.1476458520E-001
  -2.6593600488E+001   2.4355864593E-001
  -2.6438986532E+001   2.9875315584E-001
  -2.6284372576E+001   4.0209117017E-001
  -2.6129758619E+001   5.9284434600E-001
  -2.5975144663E+001   9.4623919497E-001
  -2.5820530707E+001   1.5529109455E+000
  -2.5665916750E+001   2.3055949913E+000
  -2.5511302794E+001   2.6831157778E+000
  -2.5356688838E+001   2.3055953580E+000
  -2.5202074881E+001   1.5529117076E+000
  -2.5047460925E+001   9.4624040496E-001
  -2.4892846969E+001   5.9284607315E-001
  -2.4738233012E+001   4.0209349429E-001
  -2.4583619056E+001   2.9875616418E-001
  -2.4429005100E+001   2.4356243329E-001
  -2.4274391143E+001   2.1476925605E-001
  -2.4119777187E+001   1.9974779830E-001
  -2.3965163231E+001   1.9161665910E-001
  -2.3810549274E+001   1.8688376781E-001
  -2.3655935318E+001   1.8383447228E-001
  -2.3501321362E+001   1.8163953911E-001
  -2.3346707405E+001   1.7992017710E-001
  -2.3192093449E+001   1.7853492465E-001
  -2.3037479493E+001   1.7746400059E-001
  -2.2882865536E+001   1.7673964958E-001
  -2.2728251580E+001   1.7640205584E-001
  -2.2573637624E+001   1.7647398001E-001
  -2.2419023667E+001   1.7695070813E-001
  -2.2264409711E+001   1.7780195179E-001
  -2.2109795755E+001   1.7898656077E-001
  -2.1955181798E+001   1.8048375725E-001
  -2.1800567842E+001   1.8234453107E-001
  -2.1645953886E+001   1.8477335123E-001
  -2.1491339929E+001   1.8826810657E-001
  -2.1336725973E+001   1.9388815290E-001
  -2.1182112017E+001   2.0381040762E-001
  -2.1027498060E+001   2.2243755366E-001
  -2.0872884104E+001   2.5827324303E-001
  -2.0718270148E+001   3.2650973432E-001
  -2.0563656191E+001   4.5329909993E-001
  -2.0409042235E+001   6.8766032730E-001
  -2.0254428279E+001   1.1181862030E+000
  -2.0099814323E+001   1.8057133142E+000
  -1.9945200366E+001   2.5051177802E+000
  -1.9790586410E+001   2.6370563599E+000
  -1.9635972454E+001   2.0639691345E+000
  -1.9481358497E+001   1.3212191288E+000
  -1.9326744541E+001   8.0414301672E-001
  -1.9172130585E+001   5.1608538549E-001
  -1.9017516628E+001   3.6064700700E-001
  -1.8862902672E+001   2.7658742667E-001
  -1.8708288716E+001   2.3208681581E-001
  -1.8553674759E+001   2.0896494024E-001
  -1.8399060803E+001   1.9680932793E-001
  -1.8244446847E+001   1.9009647520E-001
  -1.8089832890E+001   1.8606552568E-001
  -1.7935218934E+001   1.8336678864E-001
  -1.7780604978E+001   1.8135403457E-001
  -1.7625991021E+001   1.7974403050E-001
  -1.7471377065E+001   1.7844500439E-001
  -1.7316763109E+001   1.7745994552E-001
  -1.7162149152E+001   1.7682685625E-001
  -1.7007535196E+001   1.7658131710E-001
  -1.6852921240E+001   1.7673666880E-001
  -1.6698307283E+001   1.7727821834E-001
  -1.6543693327E+001   1.7816909221E-001
  -1.6389079371E+001   1.7937011136E-001
  -1.6234465414E+001   1.8087728089E-001
  -1.6079851458E+001   1.8278159176E-001
  -1.5925237502E+001   1.8536577715E-001
  -1.5770623545E+001   1.8927592059E-001
  -1.5616009589E+001   1.9586202541E-001
  -1.5461395633E+001   2.0788585231E-001
  -1.5306781676E+001   2.3087250166E-001
  -1.5152167720E+001   2.7523665803E-001
  -1.4997553764E+001   3.5916098600E-001
  -1.4842939807E+001   5.1446733610E-001
  -1.4688325851E+001   8.0239705661E-001
  -1.4533711895E+001   1.3193470335E+000
  -1.4379097938E+001   2.0619615464E+000
  -1.4224483982E+001   2.6348803077E+000
  -1.4069870026E+001   2.5027150944E+000
  -1.3915256069E+001   1.8030194176E+000
  -1.3760642113E+001   1.1151526018E+000
  -1.3606028157E+001   6.8426085068E-001
  -1.3451414200E+001   4.4952434661E-001
  -1.3296800244E+001   3.2236254732E-001
  -1.3142186288E+001   2.5376720904E-001
  -1.2987572331E+001   2.1759563815E-001
  -1.2832958375E+001   1.9866333659E-001
  -1.2678344419E+001   1.8847335818E-001
  -1.2523730462E+001   1.8262931743E-001
  -1.2369116506E+001   1.7896036690E-001
  -1.2214502550E+001   1.7641277978E-001
  -1.2059888594E+001   1.7449352995E-001
  -1.1905274637E+001   1.7300200674E-001
  -1.1750660681E+001   1.7188997289E-001
  -1.1596046725E+001   1.7117984088E-001
  -1.1441432768E+001   1.7091328420E-001
  -1.1286818812E+001   1.7111997159E-001
  -1.1132204856E+001   1.7180275129E-001
  -1.0977590899E+001   1.7293556952E-001
  -1.0822976943E+001   1.7447329011E-001
  -1.0668362987E+001   1.7637683447E-001
  -1.0513749030E+001   1.7865714203E-001
  -1.0359135074E+001   1.8144490990E-001
  -1.0204521118E+001   1.8510663502E-001
  -1.0049907161E+001   1.9045843639E-001
  -9.8952932049E+000   1.9920192335E-001
  -9.7406792486E+000   2.1481702304E-001
  -9.5860652923E+000   2.4417445429E-001
  -9.4314513359E+000   2.9989420830E-001
  -9.2768373796E+000   4.0371274873E-001
  -9.1222234233E+000   5.9489642292E-001
  -8.9676094670E+000   9.4865947633E-001
  -8.8129955106E+000   1.5556047713E+000
  -8.6583815543E+000   2.3084443758E+000
  -8.5037675980E+000   2.6860653247E+000
  -8.3491536417E+000   2.3086785302E+000
  -8.1945396853E+000   1.5561463535E+000
  -8.0399257290E+000   9.4960062020E-001
  -7.8853117727E+000   5.9630829360E-001
  -7.7306978164E+000   4.0564129142E-001
  -7.5760838600E+000   3.0236463026E-001
  -7.4214699037E+000   2.4719292863E-001
  -7.2668559474E+000   2.1837348930E-001
  -7.1122419910E+000   2.0327435138E-001
  -6.9576280347E+000   1.9501617797E-001
  -6.8030140784E+000   1.9011215068E-001
  -6.6484001221E+000   1.8685462951E-001
  -6.4937861657E+000   1.8442228083E-001
  -6.3391722094E+000   1.8244446928E-001
  -6.1845582531E+000   1.8078759026E-001
  -6.0299442968E+000   1.7943895145E-001
  -5.8753303404E+000   1.7843679091E-001
  -5.7207163841E+000   1.7782602485E-001
  -5.5661024278E+000   1.7763285981E-001
  -5.4114884714E+000   1.7785482126E-001
  -5.2568745151E+000   1.7846279400E-001
  -5.1022605588E+000   1.7941589596E-001
  -4.9476466025E+000   1.8069287615E-001
  -4.7930326461E+000   1.8234367348E-001
  -4.6384186898E+000   1.8457129794E-001
  -4.4838047335E+000   1.8787196348E-001
  -4.3291907772E+000   1.9330334977E-001
  -4.1745768208E+000   2.0304082710E-001
  -4.0199628645E+000   2.2148539856E-001
  -3.8653489082E+000   2.5713780861E-001
  -3.7107349518E+000   3.2518410062E-001
  -3.5561209955E+000   4.5176391725E-001
  -3.4015070392E+000   6.8587169099E-001
  -3.2468930829E+000   1.1160534243E+000
  -3.0922791265E+000   1.8031025968E+000
  -2.9376651702E+000   2.5019874467E+000
  -2.7830512139E+000   2.6336135206E+000
  -2.6284372576E+000   2.0604634405E+000
  -2.4738233012E+000   1.3176411850E+000
  -2.3192093449E+000   8.0031871384E-001
  -2.1645953886E+000   5.1186971817E-001
  -2.0099814323E+000   3.5596288077E-001
  -1.8553674759E+000   2.7140382259E-001
  -1.7007535196E+000   2.2640287213E-001
  -1.5461395633E+000   2.0280043898E-001
  -1.3915256069E+000   1.9019820967E-001
  -1.2369116506E+000   1.8308339675E-001
  -1.0822976943E+000   1.7870454228E-001
  -9.2768373796E-001   1.7572071673E-001
  -7.7306978164E-001   1.7349362151E-001
  -6.1845582531E-001   1.7174673934E-001
  -4.6384186898E-001   1.7039356052E-001
  -3.0922791265E-001   1.6944082671E-001
  -1.5461395633E-001   1.6892881776E-001
   0.0000000000E+000   1.6889394848E-001
   1.5461395633E-001   1.6934891525E-001
   3.0922791265E-001   1.7027677520E-001
   4.6384186898E-001   1.7163660150E-001
   6.1845582531E-001   1.7338314219E-001
   7.7306978164E-001   1.7550415190E-001
   9.2768373796E-001   1.7808018959E-001
   1.0822976943E+000   1.8138161384E-001
   1.2369116506E+000   1.8604069680E-001
   1.3915256069E+000   1.9339289404E-001
   1.5461395633E+000   2.0618545621E-001
   1.7007535196E+000   2.2992982680E-001
   1.8553674759E+000   2.7502892806E-001
   2.0099814323E+000   3.5965701228E-001
   2.1645953886E+000   5.1563194033E-001
   2.3192093449E+000   8.0419317582E-001
   2.4738233012E+000   1.3217301033E+000
   2.6284372576E+000   2.0648756008E+000
   2.7830512139E+000   2.6382883754E+000
   2.9376651702E+000   2.5066373956E+000
   3.0922791265E+000   1.8075046751E+000
   3.2468930829E+000   1.1202381517E+000
   3.4015070392E+000   6.8997345450E-001
   3.5561209955E+000   4.5587908911E-001
   3.7107349518E+000   3.2935329811E-001
   3.8653489082E+000   2.6136354428E-001
   4.0199628645E+000   2.2574804043E-001
   4.1745768208E+000   2.0731149195E-001
   4.3291907772E+000   1.9755292959E-001
   4.4838047335E+000   1.9207599999E-001
   4.6384186898E+000   1.8871209516E-001
   4.7930326461E+000   1.8641106615E-001
   4.9476466025E+000   1.8468433153E-001
   5.1022605588E+000   1.8333611094E-001
   5.2568745151E+000   1.8232281281E-001
   5.4114884714E+000   1.8167073602E-001
   5.5661024278E+000   1.8142419759E-001
   5.7207163841E+000   1.8161392660E-001
   5.8753303404E+000   1.8224206312E-001
   6.0299442968E+000   1.8328004684E-001
   6.1845582531E+000   1.8467857835E-001
   6.3391722094E+000   1.8639309493E-001
   6.4937861657E+000   1.8842825619E-001
   6.6484001221E+000   1.9090833740E-001
   6.8030140784E+000   1.9419392348E-001
   6.9576280347E+000   1.9909625290E-001
   7.1122419910E+000   2.0731363200E-001
   7.2668559474E+000   2.2232563780E-001
   7.4214699037E+000   2.5100916693E-001
   7.5760838600E+000   3.0600321912E-001
   7.7306978164E+000   4.0908264284E-001
   7.8853117727E+000   5.9957571176E-001
   8.0399257290E+000   9.5278821411E-001
   8.1945396853E+000   1.5594254482E+000
   8.3491536417E+000   2.3121520573E+000
   8.5037675980E+000   2.6894812161E+000
   8.6583815543E+000   2.3113108260E+000
   8.8129955106E+000   1.5577225447E+000
   8.9676094670E+000   9.5019336352E-001
   9.1222234233E+000   5.9606010451E-001
   9.2768373796E+000   4.0462565996E-001
   9.4314513359E+000   3.0059569539E-001
   9.5860652923E+000   2.4465432584E-001
   9.7406792486E+000   2.1503827581E-001
   9.8952932049E+000   1.9911864622E-001
   1.0049907161E+001   1.9002738354E-001
   1.0204521118E+001   1.8429284656E-001
   1.0359135074E+001   1.8022385058E-001
   1.0513749030E+001   1.7701535307E-001
   1.0668362987E+001   1.7431192910E-001
   1.0822976943E+001   1.7199345638E-001
   1.0977590899E+001   1.7005861226E-001
   1.1132204856E+001   1.6855478143E-001
   1.1286818812E+001   1.6753390695E-001
   1.1441432768E+001   1.6702732019E-001
   1.1596046725E+001   1.6703600343E-001
   1.1750660681E+001   1.6753279903E-001
   1.1905274637E+001   1.6847734183E-001
   1.2059888594E+001   1.6984741177E-001
   1.2214502550E+001   1.7169039618E-001
   1.2369116506E+001   1.7420511998E-001
   1.2523730462E+001   1.7788209477E-001
   1.2678344419E+001   1.8377214719E-001
   1.2832958375E+001   1.9404322230E-001
   1.2987572331E+001   2.1308894008E-001
   1.3142186288E+001   2.4940316684E-001
   1.3296800244E+001   3.1816604881E-001
   1.3451414200E+001   4.4551430741E-001
   1.3606028157E+001   6.8044970728E-001
   1.3760642113E+001   1.1115443347E+000
   1.3915256069E+001   1.7995975388E+000
   1.4069870026E+001   2.4994251995E+000
   1.4224483982E+001   2.6316380161E+000
   1.4379097938E+001   2.0586960245E+000
   1.4533711895E+001   1.3160352648E+000
   1.4688325851E+001   7.9905530399E-001
   1.4842939807E+001   5.1112419984E-001
   1.4997553764E+001   3.5584247873E-001
   1.5152167720E+001   2.7196365785E-001
   1.5306781676E+001   2.2766126515E-001
   1.5461395633E+001   2.0474848451E-001
   1.5616009589E+001   1.9280714373E-001
   1.5770623545E+001   1.8630953406E-001
   1.5925237502E+001   1.8249210228E-001
   1.6079851458E+001   1.8000365668E-001
   1.6234465414E+001   1.7819732832E-001
   1.6389079371E+001   1.7678986613E-001
   1.6543693327E+001   1.7568994794E-001
   1.6698307283E+001   1.7490137192E-001
   1.6852921240E+001   1.7446321440E-001
   1.7007535196E+001   1.7441230520E-001
   1.7162149152E+001   1.7476332089E-001
   1.7316763109E+001   1.7550290112E-001
   1.7471377065E+001   1.7659541325E-001
   1.7625991021E+001   1.7800274209E-001
   1.7780604978E+001   1.7972169884E-001
   1.7935218934E+001   1.8184375061E-001
   1.8089832890E+001   1.8465171789E-001
   1.8244446847E+001   1.8879133226E-001
   1.8399060803E+001   1.9561174481E-001
   1.8553674759E+001   2.0787327388E-001
   1.8708288716E+001   2.3109888623E-001
   1.8862902672E+001   2.7570043791E-001
   1.9017516628E+001   3.5985735086E-001
   1.9172130585E+001   5.1538844211E-001
   1.9326744541E+001   8.0353307604E-001
   1.9481358497E+001   1.3206890559E+000
   1.9635972454E+001   2.0635092602E+000
   1.9790586410E+001   2.6366539133E+000
   1.9945200366E+001   2.5047593360E+000
   2.0099814323E+001   1.8053890026E+000
   2.0254428279E+001   1.1178912513E+000
   2.0409042235E+001   6.8739314560E-001
   2.0563656191E+001   4.5305898590E-001
   2.0718270148E+001   3.2629588315E-001
   2.0872884104E+001   2.5808454809E-001
   2.1027498060E+001   2.2227258831E-001
   2.1182112017E+001   2.0366746625E-001
   2.1336725973E+001   1.9376534225E-001
   2.1491339929E+001   1.8816345007E-001
   2.1645953886E+001   1.8468487539E-001
   2.1800567842E+001   1.8227032632E-001
   2.1955181798E+001   1.8042201820E-001
   2.2109795755E+001   1.7893561192E-001
   2.2264409711E+001   1.7776026290E-001
   2.2419023667E+001   1.7691690158E-001
   2.2573637624E+001   1.7644683179E-001
   2.2728251580E+001   1.7638049113E-001
   2.2882865536E+001   1.7672273447E-001
   2.3037479493E+001   1.7745093130E-001
   2.3192093449E+001   1.7852501546E-001
   2.3346707405E+001   1.7991284755E-001
   2.3501321362E+001   1.8163430139E-001
   2.3655935318E+001   1.8383091940E-001
   2.3810549274E+001   1.8688156248E-001
   2.3965163231E+001   1.9161552358E-001
   2.4119777187E+001   1.9974750551E-001
   2.4274391143E+001   2.1476962163E-001
   2.4429005100E+001   2.4356330851E-001
   2.4583619056E+001   2.9875742980E-001
   2.4738233012E+001   4.0209505527E-001
   2.4892846969E+001   5.9284785401E-001
   2.5047460925E+001   9.4624234588E-001
   2.5202074881E+001   1.5529137614E+000
   2.5356688838E+001   2.3055974877E+000
   2.5511302794E+001   2.6831179549E+000
   2.5665916750E+001   2.3055971941E+000
   2.5820530707E+001   1.5529131581E+000
   2.5975144663E+001   9.4624140586E-001
   2.6129758619E+001   5.9284654698E-001
   2.6284372576E+001   4.0209335547E-001
   2.6438986532E+001   2.9875532146E-001
   2.6593600488E+001   2.4356078903E-001
   2.6748214445E+001   2.1476670381E-001
   2.6902828401E+001   1.9974422007E-001
   2.7057442357E+001   1.9161192304E-001
   2.7212056314E+001   1.8687772649E-001
   2.7366670270E+001   1.8382696105E-001
   2.7521284226E+001   1.8163037436E-001
   2.7675898183E+001   1.7990915393E-001
   2.7830512139E+001   1.7852181422E-001
   2.7985126095E+001   1.7744854727E-001
   2.8139740052E+001   1.7672156805E-001
   2.8294354008E+001   1.7638102829E-001
   2.8448967964E+001   1.7644965391E-001
   2.8603581920E+001   1.7692269469E-001
   2.8758195877E+001   1.7776982560E-001
   2.8912809833E+001   1.7894986106E-001
   2.9067423789E+001   1.8044199129E-001
   2.9222037746E+001   1.8229718011E-001
   2.9376651702E+001   1.8471987966E-001
   2.9531265658E+001   1.8820797517E-001
   2.9685879615E+001   1.9382083804E-001
   2.9840493571E+001   2.0373542901E-001
   2.9995107527E+001   2.2235451277E-001
   3.0149721484E+001   2.5818186965E-001
   3.0304335440E+001   3.2640993022E-001
   3.0458949396E+001   4.5319096720E-001
   3.0613563353E+001   6.8754418165E-001
   3.0768177309E+001   1.1180625231E+000
   3.0922791265E+001   1.8055823685E+000
   3.1077405222E+001   2.5049787058E+000
   3.1232019178E+001   2.6369063862E+000
   3.1386633134E+001   2.0638042311E+000
   3.1541247091E+001   1.3210357501E+000
   3.1695861047E+001   8.0393910103E-001
   3.1850475003E+001   5.1586010116E-001
   3.2005088960E+001   3.6040029568E-001
   3.2159702916E+001   2.7631989437E-001
   3.2314316872E+001   2.3179974595E-001
   3.2468930829E+001   2.0866026091E-001
   3.2623544785E+001   1.9648957935E-001
   3.2778158741E+001   1.8976482435E-001
   3.2932772698E+001   1.8572581505E-001
   3.3087386654E+001   1.8302358768E-001
   3.3242000610E+001   1.8101267478E-001
   3.3396614567E+001   1.7941062155E-001
   3.3551228523E+001   1.7812643714E-001
   3.3705842479E+001   1.7716388732E-001
   3.3860456436E+001   1.7656173976E-001
