  -3.4015070392E+001   2.3832529309E-002
  -3.3860456436E+001   2.3701304211E-002
  -3.3705842479E+001   2.3466711443E-002
  -3.3551228523E+001   2.3128403290E-002
  -3.3396614567E+001   2.2685821249E-002
  -3.3242000610E+001   2.2138220250E-002
  -3.3087386654E+001   2.1484667110E-002
  -3.2932772698E+001   2.0724001926E-002
  -3.2778158741E+001   1.9854741223E-002
  -3.2623544785E+001   1.8875038539E-002
  -3.2468930829E+001   1.7783133896E-002
  -3.2314316872E+001   1.6579576829E-002
  -3.2159702916E+001   1.5273676456E-002
  -3.2005088960E+001   1.3897079011E-002
  -3.1850475003E+001   1.2523545229E-002
  -3.1695861047E+001   1.1281510258E-002
  -3.1541247091E+001   1.0326594038E-002
  -3.1386633134E+001   9.7487169851E-003
  -3.1232019178E+001   9.4893018967E-003
  -3.1077405222E+001   9.4383261232E-003
  -3.0922791265E+001   9.6242063338E-003
  -3.0768177309E+001   1.0163420953E-002
  -3.0613563353E+001   1.1064280151E-002
  -3.0458949396E+001   1.2201877137E-002
  -3.0304335440E+001   1.3422497528E-002
  -3.0149721484E+001   1.4615705537E-002
  -2.9995107527E+001   1.5724018800E-002
  -2.9840493571E+001   1.6725236382E-002
  -2.9685879615E+001   1.7614079023E-002
  -2.9531265658E+001   1.8391210067E-002
  -2.9376651702E+001   1.9058538182E-002
  -2.9222037746E+001   1.9617798074E-002
  -2.9067423789E+001   2.0070352867E-002
  -2.8912809833E+001   2.0417277782E-002
  -2.8758195877E+001   2.0659440391E-002
  -2.8603581920E+001   2.0797524277E-002
  -2.8448967964E+001   2.0832019440E-002
  -2.8294354008E+001   2.0763198329E-002
  -2.8139740052E+001   2.0591100228E-002
  -2.7985126095E+001   2.0315527131E-002
  -2.7830512139E+001   1.9936058059E-002
  -2.7675898183E+001   1.9452069604E-002
  -2.7521284226E+001   1.8862755071E-002
  -2.7366670270E+001   1.8167112180E-002
  -2.7212056314E+001   1.7363884573E-002
  -2.7057442357E+001   1.6451461521E-002
  -2.6902828401E+001   1.5427924170E-002
  -2.6748214445E+001   1.4291888106E-002
  -2.6593600488E+001   1.3045803408E-002
  -2.6438986532E+001   1.1704516075E-002
  -2.6284372576E+001   1.0311411818E-002
  -2.6129758619E+001   8.9582132960E-003
  -2.5975144663E+001   7.7886237577E-003
  -2.5820530707E+001   6.9493216619E-003
  -2.5665916750E+001   6.4841221075E-003
  -2.5511302794E+001   6.2954752328E-003
  -2.5356688838E+001   6.3049233467E-003
  -2.5202074881E+001   6.5909192807E-003
  -2.5047460925E+001   7.2510080060E-003
  -2.4892846969E+001   8.2413694740E-003
  -2.4738233012E+001   9.4153201929E-003
  -2.4583619056E+001   1.0629151775E-002
  -2.4429005100E+001   1.1791136304E-002
  -2.4274391143E+001   1.2857882663E-002
  -2.4119777187E+001   1.3814539290E-002
  -2.3965163231E+001   1.4658650358E-002
  -2.3810549274E+001   1.5391594326E-002
  -2.3655935318E+001   1.6015283865E-002
  -2.3501321362E+001   1.6531323266E-002
  -2.3346707405E+001   1.6940962170E-002
  -2.3192093449E+001   1.7245195835E-002
  -2.3037479493E+001   1.7444823603E-002
  -2.2882865536E+001   1.7540461161E-002
  -2.2728251580E+001   1.7532521379E-002
  -2.2573637624E+001   1.7421193726E-002
  -2.2419023667E+001   1.7206429925E-002
  -2.2264409711E+001   1.6887948042E-002
  -2.2109795755E+001   1.6465248065E-002
  -2.1955181798E+001   1.5937635846E-002
  -2.1800567842E+001   1.5304232657E-002
  -2.1645953886E+001   1.4563951517E-002
  -2.1491339929E+001   1.3715416907E-002
  -2.1336725973E+001   1.2756881087E-002
  -2.1182112017E+001   1.1686421718E-002
  -2.1027498060E+001   1.0503361167E-002
  -2.0872884104E+001   9.2129638306E-003
  -2.0718270148E+001   7.8374152762E-003
  -2.0563656191E+001   6.4341820975E-003
  -2.0409042235E+001   5.1136840204E-003
  -2.0254428279E+001   4.0296192023E-003
  -2.0099814323E+001   3.3068781273E-003
  -1.9945200366E+001   2.9371340841E-003
  -1.9790586410E+001   2.8038912217E-003
  -1.9635972454E+001   2.8787135189E-003
  -1.9481358497E+001   3.2716016778E-003
  -1.9326744541E+001   4.0411086162E-003
  -1.9172130585E+001   5.0972881206E-003
  -1.9017516628E+001   6.2844936793E-003
  -1.8862902672E+001   7.4742632989E-003
  -1.8708288716E+001   8.5928095475E-003
  -1.8553674759E+001   9.6084600769E-003
  -1.8399060803E+001   1.0511880645E-002
  -1.8244446847E+001   1.1302497994E-002
  -1.8089832890E+001   1.1982050187E-002
  -1.7935218934E+001   1.2552364027E-002
  -1.7780604978E+001   1.3014906065E-002
  -1.7625991021E+001   1.3370822509E-002
  -1.7471377065E+001   1.3621036604E-002
  -1.7316763109E+001   1.3766287746E-002
  -1.7162149152E+001   1.3807133557E-002
  -1.7007535196E+001   1.3743926181E-002
  -1.6852921240E+001   1.3576795538E-002
  -1.6698307283E+001   1.3305638976E-002
  -1.6543693327E+001   1.2930132560E-002
  -1.6389079371E+001   1.2449748717E-002
  -1.6234465414E+001   1.1863780774E-002
  -1.6079851458E+001   1.1171341617E-002
  -1.5925237502E+001   1.0371325169E-002
  -1.5770623545E+001   9.4623094390E-003
  -1.5616009589E+001   8.4425168234E-003
  -1.5461395633E+001   7.3102630367E-003
  -1.5306781676E+001   6.0661792758E-003
  -1.5152167720E+001   4.7196610640E-003
  -1.4997553764E+001   3.3024442003E-003
  -1.4842939807E+001   1.8883804422E-003
  -1.4688325851E+001   6.0599592536E-004
  -1.4533711895E+001  -3.8899921742E-004
  -1.4379097938E+001  -1.0065939183E-003
  -1.4224483982E+001  -1.3052681255E-003
  -1.4069870026E+001  -1.3949279706E-003
  -1.3915256069E+001  -1.2470073888E-003
  -1.3760642113E+001  -7.4484137182E-004
  -1.3606028157E+001   1.2009645393E-004
  -1.3451414200E+001   1.2231331704E-003
  -1.3296800244E+001   2.4107960709E-003
  -1.3142186288E+001   3.5728913356E-003
  -1.2987572331E+001   4.6521723381E-003
  -1.2832958375E+001   5.6266619472E-003
  -1.2678344419E+001   6.4912879790E-003
  -1.2523730462E+001   7.2468999684E-003
  -1.2369116506E+001   7.8955680191E-003
  -1.2214502550E+001   8.4391598091E-003
  -1.2059888594E+001   8.8791395398E-003
  -1.1905274637E+001   9.2166486317E-003
  -1.1750660681E+001   9.4525835867E-003
  -1.1596046725E+001   9.5876178920E-003
  -1.1441432768E+001   9.6221913300E-003
  -1.1286818812E+001   9.5564855599E-003
  -1.1132204856E+001   9.3904087163E-003
  -1.0977590899E+001   9.1235922216E-003
  -1.0822976943E+001   8.7554068578E-003
  -1.0668362987E+001   8.2849860235E-003
  -1.0513749030E+001   7.7112486596E-003
  -1.0359135074E+001   7.0328918917E-003
  -1.0204521118E+001   6.2483385706E-003
  -1.0049907161E+001   5.3556438954E-003
  -9.8952932049E+000   4.3525490415E-003
  -9.7406792486E+000   3.2373310913E-003
  -9.5860652923E+000   2.0121099818E-003
  -9.4314513359E+000   6.9141607480E-004
  -9.2768373796E+000  -6.8166076014E-004
  -9.1222234233E+000  -2.0156695628E-003
  -8.9676094670E+000  -3.1671502044E-003
  -8.8129955106E+000  -3.9896293491E-003
  -8.6583815543E+000  -4.4394399328E-003
  -8.5037675980E+000  -4.6142148211E-003
  -8.3491536417E+000  -4.5924691610E-003
  -8.1945396853E+000  -4.2958306429E-003
  -8.0399257290E+000  -3.6268495518E-003
  -7.8853117727E+000  -2.6294284921E-003
  -7.7306978164E+000  -1.4503183322E-003
  -7.5760838600E+000  -2.3328427016E-004
  -7.4214699037E+000   9.2990250817E-004
  -7.2668559474E+000   1.9958278965E-003
  -7.1122419910E+000   2.9496427842E-003
  -6.9576280347E+000   3.7889210945E-003
  -6.8030140784E+000   4.5150973949E-003
  -6.6484001221E+000   5.1301640707E-003
  -6.4937861657E+000   5.6358249636E-003
  -6.3391722094E+000   6.0334448143E-003
  -6.1845582531E+000   6.3241450824E-003
  -6.0299442968E+000   6.5088581358E-003
  -5.8753303404E+000   6.5883356744E-003
  -5.7207163841E+000   6.5631263472E-003
  -5.5661024278E+000   6.4335526912E-003
  -5.4114884714E+000   6.1996950593E-003
  -5.2568745151E+000   5.8613947121E-003
  -5.1022605588E+000   5.4182690590E-003
  -4.9476466025E+000   4.8697358258E-003
  -4.7930326461E+000   4.2150233262E-003
  -4.6384186898E+000   3.4531478656E-003
  -4.4838047335E+000   2.5828348067E-003
  -4.3291907772E+000   1.6024363489E-003
  -4.1745768208E+000   5.1013059201E-004
  -4.0199628645E+000  -6.9465783767E-004
  -3.8653489082E+000  -2.0065591810E-003
  -3.7107349518E+000  -3.4032776689E-003
  -3.5561209955E+000  -4.8272285196E-003
  -3.4015070392E+000  -6.1678597150E-003
  -3.2468930829E+000  -7.2713141858E-003
  -3.0922791265E+000  -8.0124928642E-003
  -2.9376651702E+000  -8.3994474955E-003
  -2.7830512139E+000  -8.5483820694E-003
  -2.6284372576E+000  -8.4875355892E-003
  -2.4738233012E+000  -8.1068213863E-003
  -2.3192093449E+000  -7.3475949183E-003
  -2.1645953886E+000  -6.2996232690E-003
  -2.0099814323E+000  -5.1182951710E-003
  -1.8553674759E+000  -3.9317699989E-003
  -1.7007535196E+000  -2.8135124699E-003
  -1.5461395633E+000  -1.7948684764E-003
  -1.3915256069E+000  -8.8485358660E-004
  -1.2369116506E+000  -8.3738559187E-005
  -1.0822976943E+000   6.1049425633E-004
  -9.2768373796E-001   1.1999222550E-003
  -7.7306978164E-001   1.6862278266E-003
  -6.1845582531E-001   2.0707329773E-003
  -4.6384186898E-001   2.3544921183E-003
  -3.0922791265E-001   2.5383274741E-003
  -1.5461395633E-001   2.6228283692E-003
   0.0000000000E+000   2.6083256761E-003
   1.5461395633E-001   2.4948741406E-003
   3.0922791265E-001   2.2822420483E-003
   4.6384186898E-001   1.9699235394E-003
   6.1845582531E-001   1.5571584064E-003
   7.7306978164E-001   1.0429600119E-003
   9.2768373796E-001   4.2611865067E-004
   1.0822976943E+000  -2.9483097056E-004
   1.2369116506E+000  -1.1216995208E-003
   1.3915256069E+000  -2.0566747284E-003
   1.5461395633E+000  -3.1018639936E-003
   1.7007535196E+000  -4.2570637935E-003
   1.8553674759E+000  -5.5133029552E-003
   2.0099814323E+000  -6.8392600654E-003
   2.1645953886E+000  -8.1614832934E-003
   2.3192093449E+000  -9.3518302166E-003
   2.4738233012E+000  -1.0254957856E-002
   2.6284372576E+000  -1.0781202873E-002
   2.7830512139E+000  -1.0989368551E-002
   2.9376651702E+000  -1.0989666683E-002
   3.0922791265E+000  -1.0753842799E-002
   3.2468930829E+000  -1.0165567699E-002
   3.4015070392E+000  -9.2166780791E-003
   3.5561209955E+000  -8.0322339571E-003
   3.7107349518E+000  -6.7661106885E-003
   3.8653489082E+000  -5.5289062247E-003
   4.0199628645E+000  -4.3782574434E-003
   4.1745768208E+000  -3.3365056547E-003
   4.3291907772E+000  -2.4090538761E-003
   4.4838047335E+000  -1.5953469036E-003
   4.6384186898E+000  -8.9357184127E-004
   4.7930326461E+000  -3.0208187231E-004
   4.9476466025E+000   1.8040107544E-004
   5.1022605588E+000   5.5486486571E-004
   5.2568745151E+000   8.2208259793E-004
   5.4114884714E+000   9.8263215963E-004
   5.5661024278E+000   1.0368835912E-003
   5.7207163841E+000   9.8497340727E-004
   5.8753303404E+000   8.2678882588E-004
   6.0299442968E+000   5.6196520086E-004
   6.1845582531E+000   1.8990372271E-004
   6.3391722094E+000  -2.9020278716E-004
   6.4937861657E+000  -8.7934370286E-004
   6.6484001221E+000  -1.5786943132E-003
   6.8030140784E+000  -2.3896646240E-003
   6.9576280347E+000  -3.3139894402E-003
   7.1122419910E+000  -4.3536720999E-003
   7.2668559474E+000  -5.5101329143E-003
   7.4214699037E+000  -6.7809024432E-003
   7.5760838600E+000  -8.1510580997E-003
   7.7306978164E+000  -9.5770866967E-003
   7.8853117727E+000  -1.0967105541E-002
   8.0399257290E+000  -1.2177250659E-002
   8.1945396853E+000  -1.3060725098E-002
   8.3491536417E+000  -1.3573669847E-002
   8.5037675980E+000  -1.3813620679E-002
   8.6583815543E+000  -1.3858896855E-002
   8.8129955106E+000  -1.3630677252E-002
   8.9676094670E+000  -1.3030909969E-002
   9.1222234233E+000  -1.2102916868E-002
   9.2768373796E+000  -1.0992937994E-002
   9.4314513359E+000  -9.8442665267E-003
   9.5860652923E+000  -8.7482084530E-003
   9.7406792486E+000  -7.7477029119E-003
   9.8952932049E+000  -6.8571091570E-003
   1.0049907161E+001  -6.0783510688E-003
   1.0204521118E+001  -5.4094867092E-003
   1.0359135074E+001  -4.8480205363E-003
   1.0513749030E+001  -4.3917598603E-003
   1.0668362987E+001  -4.0388753443E-003
   1.0822976943E+001  -3.7878144173E-003
   1.0977590899E+001  -3.6372552359E-003
   1.1132204856E+001  -3.5861051107E-003
   1.1286818812E+001  -3.6335283954E-003
   1.1441432768E+001  -3.7789737783E-003
   1.1596046725E+001  -4.0221934567E-003
   1.1750660681E+001  -4.3632421598E-003
   1.1905274637E+001  -4.8024631430E-003
   1.2059888594E+001  -5.3404644068E-003
   1.2214502550E+001  -5.9781079322E-003
   1.2369116506E+001  -6.7165308311E-003
   1.2523730462E+001  -7.5572218406E-003
   1.2678344419E+001  -8.5021001593E-003
   1.2832958375E+001  -9.5533122626E-003
   1.2987572331E+001  -1.0711806725E-002
   1.3142186288E+001  -1.1972630916E-002
   1.3296800244E+001  -1.3313945355E-002
   1.3451414200E+001  -1.4678655945E-002
   1.3606028157E+001  -1.5956732054E-002
   1.3760642113E+001  -1.6994870112E-002
   1.3915256069E+001  -1.7668565798E-002
   1.4069870026E+001  -1.7986499693E-002
   1.4224483982E+001  -1.8065453685E-002
   1.4379097938E+001  -1.7934056391E-002
   1.4533711895E+001  -1.7482418028E-002
   1.4688325851E+001  -1.6652056846E-002
   1.4842939807E+001  -1.5532988181E-002
   1.4997553764E+001  -1.4280941376E-002
   1.5152167720E+001  -1.3024475986E-002
   1.5306781676E+001  -1.1837488402E-002
   1.5461395633E+001  -1.0751767379E-002
   1.5616009589E+001  -9.7767670895E-003
   1.5770623545E+001  -8.9131808634E-003
   1.5925237502E+001  -8.1593883601E-003
   1.6079851458E+001  -7.5136765832E-003
   1.6234465414E+001  -6.9746880569E-003
   1.6389079371E+001  -6.5413806463E-003
   1.6543693327E+001  -6.2129303133E-003
   1.6698307283E+001  -5.9886924301E-003
   1.6852921240E+001  -5.8682003760E-003
   1.7007535196E+001  -5.8511900792E-003
   1.7162149152E+001  -5.9376177179E-003
   1.7316763109E+001  -6.1276710857E-003
   1.7471377065E+001  -6.4217593245E-003
   1.7625991021E+001  -6.8204962446E-003
   1.7780604978E+001  -7.3246766552E-003
   1.7935218934E+001  -7.9352784149E-003
   1.8089832890E+001  -8.6535014699E-003
   1.8244446847E+001  -9.4808650837E-003
   1.8399060803E+001  -1.0419247550E-002
   1.8553674759E+001  -1.1470436972E-002
   1.8708288716E+001  -1.2633908456E-002
   1.8862902672E+001  -1.3900374201E-002
   1.9017516628E+001  -1.5238206092E-002
   1.9172130585E+001  -1.6573658317E-002
   1.9326744541E+001  -1.7778307364E-002
   1.9481358497E+001  -1.8696541479E-002
   1.9635972454E+001  -1.9238444660E-002
   1.9790586410E+001  -1.9462594069E-002
   1.9945200366E+001  -1.9479007064E-002
   2.0099814323E+001  -1.9259256461E-002
   2.0254428279E+001  -1.8686849432E-002
   2.0409042235E+001  -1.7753459365E-002
   2.0563656191E+001  -1.6583975831E-002
   2.0718270148E+001  -1.5332095705E-002
   2.0872884104E+001  -1.4108237074E-002
   2.1027498060E+001  -1.2969864399E-002
   2.1182112017E+001  -1.1939160470E-002
   2.1336725973E+001  -1.1021386126E-002
   2.1491339929E+001  -1.0215859309E-002
   2.1645953886E+001  -9.5206523614E-003
   2.1800567842E+001  -8.9340113543E-003
   2.1955181798E+001  -8.4545537620E-003
   2.2109795755E+001  -8.0811848520E-003
   2.2264409711E+001  -7.8130174975E-003
   2.2419023667E+001  -7.6493485944E-003
   2.2573637624E+001  -7.5896687231E-003
   2.2728251580E+001  -7.6336861839E-003
   2.2882865536E+001  -7.7813426728E-003
   2.3037479493E+001  -8.0328174602E-003
   2.3192093449E+001  -8.3885131231E-003
   2.3346707405E+001  -8.8490350384E-003
   2.3501321362E+001  -9.4151722775E-003
   2.3655935318E+001  -1.0087909928E-002
   2.3810549274E+001  -1.0868487604E-002
   2.3965163231E+001  -1.1758499756E-002
   2.4119777187E+001  -1.2759849428E-002
   2.4274391143E+001  -1.3873905700E-002
   2.4429005100E+001  -1.5098203624E-002
   2.4583619056E+001  -1.6417882802E-002
   2.4738233012E+001  -1.7789543573E-002
   2.4892846969E+001  -1.9121449776E-002
   2.5047460925E+001  -2.0269885084E-002
   2.5202074881E+001  -2.1088158377E-002
   2.5356688838E+001  -2.1532442286E-002
   2.5511302794E+001  -2.1700274768E-002
   2.5665916750E+001  -2.1670101946E-002
   2.5820530707E+001  -2.1363459722E-002
   2.5975144663E+001  -2.0682792123E-002
   2.6129758619E+001  -1.9671908426E-002
   2.6284372576E+001  -1.8477481554E-002
   2.6438986532E+001  -1.7243209497E-002
   2.6593600488E+001  -1.6060809922E-002
   2.6748214445E+001  -1.4973663817E-002
   2.6902828401E+001  -1.3996612708E-002
   2.7057442357E+001  -1.3132102449E-002
   2.7212056314E+001  -1.2378744641E-002
   2.7366670270E+001  -1.1734616675E-002
   2.7521284226E+001  -1.1198104293E-002
   2.7675898183E+001  -1.0767947823E-002
   2.7830512139E+001  -1.0443141877E-002
   2.7985126095E+001  -1.0222876854E-002
   2.8139740052E+001  -1.0106526634E-002
   2.8294354008E+001  -1.0093667711E-002
   2.8448967964E+001  -1.0184099730E-002
   2.8603581920E+001  -1.0377859797E-002
   2.8758195877E+001  -1.0675218348E-002
   2.8912809833E+001  -1.1076663530E-002
   2.9067423789E+001  -1.1582877220E-002
   2.9222037746E+001  -1.2194725434E-002
   2.9376651702E+001  -1.2913281969E-002
   2.9531265658E+001  -1.3739908662E-002
   2.9685879615E+001  -1.4676339056E-002
   2.9840493571E+001  -1.5724480779E-002
   2.9995107527E+001  -1.6884996247E-002
   3.0149721484E+001  -1.8152605384E-002
   3.0304335440E+001  -1.9505106541E-002
   3.0458949396E+001  -2.0885016739E-002
   3.0613563353E+001  -2.2181899671E-002
   3.0768177309E+001  -2.3242040522E-002
   3.0922791265E+001  -2.3940532151E-002
   3.1077405222E+001  -2.4285684460E-002
   3.1232019178E+001  -2.4393975681E-002
   3.1386633134E+001  -2.4293822356E-002
   3.1541247091E+001  -2.3875201779E-002
   3.1695861047E+001  -2.3079536750E-002
   3.1850475003E+001  -2.1996747746E-002
   3.2005088960E+001  -2.0782454820E-002
   3.2159702916E+001  -1.9565093285E-002
   3.2314316872E+001  -1.8418424084E-002
   3.2468930829E+001  -1.7374093702E-002
   3.2623544785E+001  -1.6441411546E-002
   3.2778158741E+001  -1.5620927474E-002
   3.2932772698E+001  -1.4910881861E-002
   3.3087386654E+001  -1.4309428628E-002
   3.3242000610E+001  -1.3815084703E-002
   3.3396614567E+001  -1.3426690611E-002
   3.3551228523E+001  -1.3143313608E-002
   3.3705842479E+001  -1.2964209079E-002
   3.3860456436E+001  -1.2888818990E-002
