  -3.4015070392E+001   7.1842028617E-003
  -3.3860456436E+001   7.1451662752E-003
  -3.3705842479E+001   7.0025521749E-003
  -3.3551228523E+001   6.7560113890E-003
  -3.3396614567E+001   6.4049829004E-003
  -3.3242000610E+001   5.9487181730E-003
  -3.3087386654E+001   5.3862797478E-003
  -3.2932772698E+001   4.7165028167E-003
  -3.2778158741E+001   3.9378985562E-003
  -3.2623544785E+001   3.0486149234E-003
  -3.2468930829E+001   2.0468863308E-003
  -3.2314316872E+001   9.3325686751E-004
  -3.2159702916E+001  -2.8296944667E-004
  -3.2005088960E+001  -1.5701509835E-003
  -3.1850475003E+001  -2.8545309860E-003
  -3.1695861047E+001  -4.0076775584E-003
  -3.1541247091E+001  -4.8739732119E-003
  -3.1386633134E+001  -5.3634991605E-003
  -3.1232019178E+001  -5.5348334668E-003
  -3.1077405222E+001  -5.4979989446E-003
  -3.0922791265E+001  -5.2245784223E-003
  -3.0768177309E+001  -4.5980923021E-003
  -3.0613563353E+001  -3.6102285189E-003
  -3.0458949396E+001  -2.3858911743E-003
  -3.0304335440E+001  -1.0787911346E-003
  -3.0149721484E+001   2.0064011636E-004
  -2.9995107527E+001   1.3949252189E-003
  -2.9840493571E+001   2.4818688364E-003
  -2.9685879615E+001   3.4561977648E-003
  -2.9531265658E+001   4.3185816998E-003
  -2.9376651702E+001   5.0709357772E-003
  -2.9222037746E+001   5.7150010861E-003
  -2.9067423789E+001   6.2521468452E-003
  -2.8912809833E+001   6.6834538786E-003
  -2.8758195877E+001   7.0097946874E-003
  -2.8603581920E+001   7.2318569407E-003
  -2.8448967964E+001   7.3501337541E-003
  -2.8294354008E+001   7.3648996278E-003
  -2.8139740052E+001   7.2761947829E-003
  -2.7985126095E+001   7.0838210330E-003
  -2.7830512139E+001   6.7873561414E-003
  -2.7675898183E+001   6.3861744526E-003
  -2.7521284226E+001   5.8794661568E-003
  -2.7366670270E+001   5.2662251544E-003
  -2.7212056314E+001   4.5451907490E-003
  -2.7057442357E+001   3.7147475614E-003
  -2.6902828401E+001   2.7729719839E-003
  -2.6748214445E+001   1.7184749546E-003
  -2.6593600488E+001   5.5370220991E-004
  -2.6438986532E+001  -7.0650411974E-004
  -2.6284372576E+001  -2.0187615576E-003
  -2.6129758619E+001  -3.2913499298E-003
  -2.5975144663E+001  -4.3805676141E-003
  -2.5820530707E+001  -5.1397368594E-003
  -2.5665916750E+001  -5.5250423516E-003
  -2.5511302794E+001  -5.6340328745E-003
  -2.5356688838E+001  -5.5451642359E-003
  -2.5202074881E+001  -5.1799809239E-003
  -2.5047460925E+001  -4.4409344665E-003
  -2.4892846969E+001  -3.3718405194E-003
  -2.4738233012E+001  -2.1193772135E-003
  -2.4583619056E+001  -8.2724659617E-004
  -2.4429005100E+001   4.1283068527E-004
  -2.4274391143E+001   1.5574716275E-003
  -2.4119777187E+001   2.5918335155E-003
  -2.3965163231E+001   3.5134699630E-003
  -2.3810549274E+001   4.3237693093E-003
  -2.3655935318E+001   5.0246543578E-003
  -2.3501321362E+001   5.6177395909E-003
  -2.3346707405E+001   6.1042847059E-003
  -2.3192093449E+001   6.4852946879E-003
  -2.3037479493E+001   6.7615781031E-003
  -2.2882865536E+001   6.9337592189E-003
  -2.2728251580E+001   7.0022587222E-003
  -2.2573637624E+001   6.9672730685E-003
  -2.2419023667E+001   6.8287601054E-003
  -2.2264409711E+001   6.5864431786E-003
  -2.2109795755E+001   6.2398267754E-003
  -2.1955181798E+001   5.7882205652E-003
  -2.1800567842E+001   5.2307491025E-003
  -2.1645953886E+001   4.5663283210E-003
  -2.1491339929E+001   3.7935854515E-003
  -2.1336725973E+001   2.9107755448E-003
  -2.1182112017E+001   1.9159793038E-003
  -2.1027498060E+001   8.0852259658E-004
  -2.0872884104E+001  -4.0632603625E-004
  -2.0718270148E+001  -1.7063760746E-003
  -2.0563656191E+001  -3.0341550287E-003
  -2.0409042235E+001  -4.2792362219E-003
  -2.0254428279E+001  -5.2879134113E-003
  -2.0099814323E+001  -5.9352868541E-003
  -1.9945200366E+001  -6.2296728632E-003
  -1.9790586410E+001  -6.2875558297E-003
  -1.9635972454E+001  -6.1373593036E-003
  -1.9481358497E+001  -5.6690691139E-003
  -1.9326744541E+001  -4.8241178618E-003
  -1.9172130585E+001  -3.6924362180E-003
  -1.9017516628E+001  -2.4296540661E-003
  -1.8862902672E+001  -1.1642157363E-003
  -1.8708288716E+001   3.0109934485E-005
  -1.8553674759E+001   1.1216699843E-003
  -1.8399060803E+001   2.1011501831E-003
  -1.8244446847E+001   2.9679977150E-003
  -1.8089832890E+001   3.7239712912E-003
  -1.7935218934E+001   4.3709183246E-003
  -1.7780604978E+001   4.9103256779E-003
  -1.7625991021E+001   5.3433593124E-003
  -1.7471377065E+001   5.6709614080E-003
  -1.7316763109E+001   5.8938892459E-003
  -1.7162149152E+001   6.0127170654E-003
  -1.7007535196E+001   6.0278121844E-003
  -1.6852921240E+001   5.9393181144E-003
  -1.6698307283E+001   5.7471441139E-003
  -1.6543693327E+001   5.4509764223E-003
  -1.6389079371E+001   5.0502958980E-003
  -1.6234465414E+001   4.5444025828E-003
  -1.6079851458E+001   3.9324144304E-003
  -1.5925237502E+001   3.2132288773E-003
  -1.5770623545E+001   2.3854260117E-003
  -1.5616009589E+001   1.4472290049E-003
  -1.5461395633E+001   3.9695317411E-004
  -1.5306781676E+001  -7.6477172553E-004
  -1.5152167720E+001  -2.0285525435E-003
  -1.4997553764E+001  -3.3626566892E-003
  -1.4842939807E+001  -4.6932363769E-003
  -1.4688325851E+001  -5.8917701573E-003
  -1.4533711895E+001  -6.8025532843E-003
  -1.4379097938E+001  -7.3355808322E-003
  -1.4224483982E+001  -7.5493398264E-003
  -1.4069870026E+001  -7.5537446905E-003
  -1.3915256069E+001  -7.3202391066E-003
  -1.3760642113E+001  -6.7321693435E-003
  -1.3606028157E+001  -5.7810216999E-003
  -1.3451414200E+001  -4.5914829307E-003
  -1.3296800244E+001  -3.3170405768E-003
  -1.3142186288E+001  -2.0679042089E-003
  -1.2987572331E+001  -9.0133708159E-004
  -1.2832958375E+001   1.6066618519E-004
  -1.2678344419E+001   1.1130150519E-003
  -1.2523730462E+001   1.9565398018E-003
  -1.2369116506E+001   2.6932903456E-003
  -1.2214502550E+001   3.3251131734E-003
  -1.2059888594E+001   3.8534502501E-003
  -1.1905274637E+001   4.2794196628E-003
  -1.1750660681E+001   4.6038934539E-003
  -1.1596046725E+001   4.8275195186E-003
  -1.1441432768E+001   4.9507109463E-003
  -1.1286818812E+001   4.9736216756E-003
  -1.1132204856E+001   4.8961312181E-003
  -1.0977590899E+001   4.7178416502E-003
  -1.0822976943E+001   4.4380939253E-003
  -1.0668362987E+001   4.0559914288E-003
  -1.0513749030E+001   3.5704232577E-003
  -1.0359135074E+001   2.9800572633E-003
  -1.0204521118E+001   2.2832880262E-003
  -1.0049907161E+001   1.4781439317E-003
  -9.8952932049E+000   5.6234125132E-004
  -9.7406792486E+000  -4.6586549353E-004
  -9.5860652923E+000  -1.6043762034E-003
  -9.4314513359E+000  -2.8386773734E-003
  -9.2768373796E+000  -4.1256929919E-003
  -9.1222234233E+000  -5.3739833072E-003
  -8.9676094670E+000  -6.4400975852E-003
  -8.8129955106E+000  -7.1775714997E-003
  -8.6583815543E+000  -7.5427480782E-003
  -8.5037675980E+000  -7.6332701304E-003
  -8.3491536417E+000  -7.5276567368E-003
  -8.1945396853E+000  -7.1475293195E-003
  -8.0399257290E+000  -6.3954255068E-003
  -7.8853117727E+000  -5.3152345529E-003
  -7.7306978164E+000  -4.0536945277E-003
  -7.5760838600E+000  -2.7545569931E-003
  -7.4214699037E+000  -1.5095773225E-003
  -7.2668559474E+000  -3.6215089397E-004
  -7.1122419910E+000   6.7289508322E-004
  -6.9576280347E+000   1.5931595105E-003
  -6.8030140784E+000   2.4001046903E-003
  -6.6484001221E+000   3.0957530674E-003
  -6.4937861657E+000   3.6818403878E-003
  -6.3391722094E+000   4.1597646513E-003
  -6.1845582531E+000   4.5306814465E-003
  -6.0299442968E+000   4.7955576774E-003
  -5.8753303404E+000   4.9551795580E-003
  -5.7207163841E+000   5.0101298377E-003
  -5.5661024278E+000   4.9607643873E-003
  -5.4114884714E+000   4.8071958048E-003
  -5.2568745151E+000   4.5492962075E-003
  -5.1022605588E+000   4.1867121809E-003
  -4.9476466025E+000   3.7188886554E-003
  -4.7930326461E+000   3.1450788775E-003
  -4.6384186898E+000   2.4643215088E-003
  -4.4838047335E+000   1.6753613878E-003
  -4.3291907772E+000   7.7656701870E-004
  -4.1745768208E+000  -2.3387062299E-004
  -4.0199628645E+000  -1.3565176643E-003
  -3.8653489082E+000  -2.5859987914E-003
  -3.7107349518E+000  -3.9000161438E-003
  -3.5561209955E+000  -5.2409855516E-003
  -3.4015070392E+000  -6.4983567871E-003
  -3.2468930829E+000  -7.5182732621E-003
  -3.0922791265E+000  -8.1756317364E-003
  -2.9376651702E+000  -8.4784735599E-003
  -2.7830512139E+000  -8.5429928774E-003
  -2.6284372576E+000  -8.3974331380E-003
  -2.4738233012E+000  -7.9317294963E-003
  -2.3192093449E+000  -7.0872642348E-003
  -2.1645953886E+000  -5.9538260622E-003
  -2.0099814323E+000  -4.6868196645E-003
  -1.8553674759E+000  -3.4144179195E-003
  -1.7007535196E+000  -2.2100993336E-003
  -1.5461395633E+000  -1.1052255720E-003
  -1.3915256069E+000  -1.0883080927E-004
  -1.2369116506E+000   7.7879253306E-004
  -1.0822976943E+000   1.5596375304E-003
  -9.2768373796E-001   2.2357544097E-003
  -7.7306978164E-001   2.8087961885E-003
  -6.1845582531E-001   3.2800537116E-003
  -4.6384186898E-001   3.6505488575E-003
  -3.0922791265E-001   3.9210703507E-003
  -1.5461395633E-001   4.0921734231E-003
   0.0000000000E+000   4.1641546034E-003
   1.5461395633E-001   4.1370343450E-003
   3.0922791265E-001   4.0105469633E-003
   4.6384186898E-001   3.7841531921E-003
   6.1845582531E-001   3.4570602022E-003
   7.7306978164E-001   3.0282497203E-003
   9.2768373796E-001   2.4964815791E-003
   1.0822976943E+000   1.8602613704E-003
   1.2369116506E+000   1.1177508199E-003
   1.3915256069E+000   2.6673625254E-004
   1.5461395633E+000  -6.9491388318E-004
   1.7007535196E+000  -1.7670182858E-003
   1.8553674759E+000  -2.9406259146E-003
   2.0099814323E+000  -4.1844331472E-003
   2.1645953886E+000  -5.4250031703E-003
   2.3192093449E+000  -6.5342050805E-003
   2.4738233012E+000  -7.3567027441E-003
   2.6284372576E+000  -7.8028335191E-003
   2.7830512139E+000  -7.9313955498E-003
   2.9376651702E+000  -7.8525949294E-003
   3.0922791265E+000  -7.5381772016E-003
   3.2468930829E+000  -6.8718168499E-003
   3.4015070392E+000  -5.8453504251E-003
   3.5561209955E+000  -4.5838305152E-003
   3.7107349518E+000  -3.2411188104E-003
   3.8653489082E+000  -1.9277953078E-003
   4.0199628645E+000  -7.0147618920E-004
   4.1745768208E+000   4.1551950721E-004
   4.3291907772E+000   1.4178117263E-003
   4.4838047335E+000   2.3059786278E-003
   4.6384186898E+000   3.0818554637E-003
   4.7930326461E+000   3.7471102630E-003
   4.9476466025E+000   4.3030406596E-003
   5.1022605588E+000   4.7506519669E-003
   5.2568745151E+000   5.0907322169E-003
   5.4114884714E+000   5.3238713717E-003
   5.5661024278E+000   5.4504484191E-003
   5.7207163841E+000   5.4706054982E-003
   5.8753303404E+000   5.3842320140E-003
   6.0299442968E+000   5.1909620428E-003
   6.1845582531E+000   4.8901921037E-003
   6.3391722094E+000   4.4811071265E-003
   6.4937861657E+000   3.9627069117E-003
   6.6484001221E+000   3.3338028064E-003
   6.8030140784E+000   2.5929694012E-003
   6.9576280347E+000   1.7384550310E-003
   7.1122419910E+000   7.6823868399E-004
   7.2668559474E+000  -3.1911776993E-004
   7.4214699037E+000  -1.5211622175E-003
   7.5760838600E+000  -2.8229883990E-003
   7.7306978164E+000  -4.1810982392E-003
   7.8853117727E+000  -5.5036232250E-003
   8.0399257290E+000  -6.6467136575E-003
   8.1945396853E+000  -7.4635889768E-003
   8.3491536417E+000  -7.9104106858E-003
   8.5037675980E+000  -8.0847363310E-003
   8.6583815543E+000  -8.0648976366E-003
   8.8129955106E+000  -7.7720704613E-003
   8.9676094670E+000  -7.1081934434E-003
   9.1222234233E+000  -6.1165841345E-003
   9.2768373796E+000  -4.9434856334E-003
   9.4314513359E+000  -3.7321982816E-003
   9.5860652923E+000  -2.5740359185E-003
   9.7406792486E+000  -1.5119437805E-003
   9.8952932049E+000  -5.6028385388E-004
   1.0049907161E+001   2.7902154080E-004
   1.0204521118E+001   1.0079206610E-003
   1.0359135074E+001   1.6289203387E-003
   1.0513749030E+001   2.1442295971E-003
   1.0668362987E+001   2.5556991270E-003
   1.0822976943E+001   2.8649077690E-003
   1.0977590899E+001   3.0732083819E-003
   1.1132204856E+001   3.1817292010E-003
   1.1286818812E+001   3.1913457142E-003
   1.1441432768E+001   3.1026531331E-003
   1.1596046725E+001   2.9159469927E-003
   1.1750660681E+001   2.6312239163E-003
   1.1905274637E+001   2.2481954181E-003
   1.2059888594E+001   1.7663114801E-003
   1.2214502550E+001   1.1847710943E-003
   1.2369116506E+001   5.0250085680E-004
   1.2523730462E+001  -2.8192183289E-004
   1.2678344419E+001  -1.1703479669E-003
   1.2832958375E+001  -2.1648541502E-003
   1.2987572331E+001  -3.2663178646E-003
   1.3142186288E+001  -4.4697146362E-003
   1.3296800244E+001  -5.7531329287E-003
   1.3451414200E+001  -7.0594070259E-003
   1.3606028157E+001  -8.2784359245E-003
   1.3760642113E+001  -9.2568478463E-003
   1.3915256069E+001  -9.8700735354E-003
   1.4069870026E+001  -1.0126733615E-002
   1.4224483982E+001  -1.0143557299E-002
   1.4379097938E+001  -9.9491293469E-003
   1.4533711895E+001  -9.4335241689E-003
   1.4688325851E+001  -8.5382296248E-003
   1.4842939807E+001  -7.3532336287E-003
   1.4997553764E+001  -6.0342399072E-003
   1.5152167720E+001  -4.7097839915E-003
   1.5306781676E+001  -3.4537399789E-003
   1.5461395633E+001  -2.2978762920E-003
   1.5616009589E+001  -1.2516290202E-003
   1.5770623545E+001  -3.1567593739E-004
   1.5925237502E+001   5.1161606796E-004
   1.6079851458E+001   1.2319697590E-003
   1.6234465414E+001   1.8467491927E-003
   1.6389079371E+001   2.3569997537E-003
   1.6543693327E+001   2.7635452928E-003
   1.6698307283E+001   3.0670267518E-003
   1.6852921240E+001   3.2679035526E-003
   1.7007535196E+001   3.3664290942E-003
   1.7162149152E+001   3.3626331426E-003
   1.7316763109E+001   3.2563106073E-003
   1.7471377065E+001   3.0470320010E-003
   1.7625991021E+001   2.7341603567E-003
   1.7780604978E+001   2.3168751740E-003
   1.7935218934E+001   1.7941706798E-003
   1.8089832890E+001   1.1648171237E-003
   1.8244446847E+001   4.2726389729E-004
   1.8399060803E+001  -4.2039982510E-004
   1.8553674759E+001  -1.3799955229E-003
   1.8708288716E+001  -2.4510321891E-003
   1.8862902672E+001  -3.6242561259E-003
   1.9017516628E+001  -4.8680732617E-003
   1.9172130585E+001  -6.1087715324E-003
   1.9326744541E+001  -7.2179606808E-003
   1.9481358497E+001  -8.0400615476E-003
   1.9635972454E+001  -8.4851899629E-003
   1.9790586410E+001  -8.6119541437E-003
   1.9945200366E+001  -8.5304017432E-003
   2.0099814323E+001  -8.2121350714E-003
   2.0254428279E+001  -7.5406899111E-003
   2.0409042235E+001  -6.5077672344E-003
   2.0563656191E+001  -5.2382830265E-003
   2.0718270148E+001  -3.8859593196E-003
   2.0872884104E+001  -2.5612381033E-003
   2.1027498060E+001  -1.3216065363E-003
   2.1182112017E+001  -1.8926897826E-004
   2.1336725973E+001   8.3049317956E-004
   2.1491339929E+001   1.7383423169E-003
   2.1645953886E+001   2.5361871267E-003
   2.1800567842E+001   3.2257631012E-003
   2.1955181798E+001   3.8084346644E-003
   2.2109795755E+001   4.2852785883E-003
   2.2264409711E+001   4.6571640000E-003
   2.2419023667E+001   4.9247758037E-003
   2.2573637624E+001   5.0886048884E-003
   2.2728251580E+001   5.1489239978E-003
   2.2882865536E+001   5.1057720014E-003
   2.3037479493E+001   4.9589497045E-003
   2.3192093449E+001   4.7080341506E-003
   2.3346707405E+001   4.3523992025E-003
   2.3501321362E+001   3.8912347629E-003
   2.3655935318E+001   3.3235346005E-003
   2.3810549274E+001   2.6480380092E-003
   2.3965163231E+001   1.8631296952E-003
   2.4119777187E+001   9.6688620556E-004
   2.4274391143E+001  -4.2081315352E-005
   2.4429005100E+001  -1.1613268901E-003
   2.4583619056E+001  -2.3760081251E-003
   2.4738233012E+001  -3.6427422685E-003
   2.4892846969E+001  -4.8698088683E-003
   2.5047460925E+001  -5.9135060284E-003
   2.5202074881E+001  -6.6271557333E-003
   2.5356688838E+001  -6.9669424147E-003
   2.5511302794E+001  -7.0304146100E-003
   2.5665916750E+001  -6.8960278789E-003
   2.5820530707E+001  -6.4853264486E-003
   2.5975144663E+001  -5.7007615598E-003
   2.6129758619E+001  -4.5861485442E-003
   2.6284372576E+001  -3.2881651647E-003
   2.6438986532E+001  -1.9505130515E-003
   2.6593600488E+001  -6.6491238345E-004
   2.6748214445E+001   5.2525436000E-004
   2.6902828401E+001   1.6051450474E-003
   2.7057442357E+001   2.5723139427E-003
   2.7212056314E+001   3.4281501091E-003
   2.7366670270E+001   4.1745771565E-003
   2.7521284226E+001   4.8132104668E-003
   2.7675898183E+001   5.3453107397E-003
   2.7830512139E+001   5.7718840785E-003
   2.7985126095E+001   6.0937402971E-003
   2.8139740052E+001   6.3115050554E-003
   2.8294354008E+001   6.4256005949E-003
   2.8448967964E+001   6.4362251068E-003
   2.8603581920E+001   6.3433383755E-003
   2.8758195877E+001   6.1466659062E-003
   2.8912809833E+001   5.8457145893E-003
   2.9067423789E+001   5.4397967617E-003
   2.9222037746E+001   4.9280399285E-003
   2.9376651702E+001   4.3093632723E-003
   2.9531265658E+001   3.5823975812E-003
   2.9685879615E+001   2.7454017732E-003
   2.9840493571E+001   1.7964607197E-003
   2.9995107527E+001   7.3490473239E-004
   3.0149721484E+001  -4.3399297685E-004
   3.0304335440E+001  -1.6880370637E-003
   3.0458949396E+001  -2.9697501603E-003
   3.0613563353E+001  -4.1687007745E-003
   3.0768177309E+001  -5.1311780320E-003
   3.0922791265E+001  -5.7322778224E-003
   3.1077405222E+001  -5.9803122022E-003
   3.1232019178E+001  -5.9917607606E-003
   3.1386633134E+001  -5.7950406601E-003
   3.1541247091E+001  -5.2801290781E-003
   3.1695861047E+001  -4.3884479428E-003
   3.1850475003E+001  -3.2099160310E-003
   3.2005088960E+001  -1.9001508225E-003
   3.2159702916E+001  -5.8758420360E-004
   3.2314316872E+001   6.5402707800E-004
   3.2468930829E+001   1.7930414035E-003
   3.2623544785E+001   2.8201547625E-003
   3.2778158741E+001   3.7348230755E-003
   3.2932772698E+001   4.5388119393E-003
   3.3087386654E+001   5.2339734065E-003
   3.3242000610E+001   5.8217963101E-003
   3.3396614567E+001   6.3034454679E-003
   3.3551228523E+001   6.6798583483E-003
   3.3705842479E+001   6.9517834971E-003
   3.3860456436E+001   7.1197819412E-003
