  -3.4015070392E+001   7.1842378237E-003
  -3.3860456436E+001   7.1452078645E-003
  -3.3705842479E+001   7.0026004958E-003
  -3.3551228523E+001   6.7560665413E-003
  -3.3396614567E+001   6.4050449790E-003
  -3.3242000610E+001   5.9487872678E-003
  -3.3087386654E+001   5.3863559439E-003
  -3.2932772698E+001   4.7165861939E-003
  -3.2778158741E+001   3.9379891893E-003
  -3.2623544785E+001   3.0487128814E-003
  -3.2468930829E+001   2.0469916771E-003
  -3.2314316872E+001   9.3336965927E-004
  -3.2159702916E+001  -2.8284915893E-004
  -3.2005088960E+001  -1.5700231565E-003
  -3.1850475003E+001  -2.8543955842E-003
  -3.1695861047E+001  -4.0075345551E-003
  -3.1541247091E+001  -4.8738225896E-003
  -3.1386633134E+001  -5.3633409123E-003
  -3.1232019178E+001  -5.5346675972E-003
  -3.1077405222E+001  -5.4978254703E-003
  -3.0922791265E+001  -5.2243973736E-003
  -3.0768177309E+001  -4.5979037236E-003
  -3.0613563353E+001  -3.6100324704E-003
  -3.0458949396E+001  -2.3856877315E-003
  -3.0304335440E+001  -1.0785803893E-003
  -3.0149721484E+001   2.0085805609E-004
  -2.9995107527E+001   1.3951502284E-003
  -2.9840493571E+001   2.4821007749E-003
  -2.9685879615E+001   3.4564364757E-003
  -2.9531265658E+001   4.3188270115E-003
  -2.9376651702E+001   5.0711875037E-003
  -2.9222037746E+001   5.7152590281E-003
  -2.9067423789E+001   6.2524107912E-003
  -2.8912809833E+001   6.6837236059E-003
  -2.8758195877E+001   7.0100699638E-003
  -2.8603581920E+001   7.2321375258E-003
  -2.8448967964E+001   7.3504194005E-003
  -2.8294354008E+001   7.3651900829E-003
  -2.8139740052E+001   7.2764897904E-003
  -2.7985126095E+001   7.0841203341E-003
  -2.7830512139E+001   6.7876594767E-003
  -2.7675898183E+001   6.3864815635E-003
  -2.7521284226E+001   5.8797767868E-003
  -2.7366670270E+001   5.2665390505E-003
  -2.7212056314E+001   4.5455076629E-003
  -2.7057442357E+001   3.7150672509E-003
  -2.6902828401E+001   2.7732942137E-003
  -2.6748214445E+001   1.7187994972E-003
  -2.6593600488E+001   5.5402884631E-004
  -2.6438986532E+001  -7.0617559939E-004
  -2.6284372576E+001  -2.0184313539E-003
  -2.6129758619E+001  -3.2910182338E-003
  -2.5975144663E+001  -4.3802346075E-003
  -2.5820530707E+001  -5.1394027151E-003
  -2.5665916750E+001  -5.5247072336E-003
  -2.5511302794E+001  -5.6336969393E-003
  -2.5356688838E+001  -5.5448276326E-003
  -2.5202074881E+001  -5.1796437958E-003
  -2.5047460925E+001  -4.4405969517E-003
  -2.4892846969E+001  -3.3715027517E-003
  -2.4738233012E+001  -2.1190393233E-003
  -2.4583619056E+001  -8.2690871115E-004
  -2.4429005100E+001   4.1316843952E-004
  -2.4274391143E+001   1.5578091270E-003
  -2.4119777187E+001   2.5921706373E-003
  -2.3965163231E+001   3.5138065852E-003
  -2.3810549274E+001   4.3241053109E-003
  -2.3655935318E+001   5.0249896182E-003
  -2.3501321362E+001   5.6180739905E-003
  -2.3346707405E+001   6.1046181259E-003
  -2.3192093449E+001   6.4856270106E-003
  -2.3037479493E+001   6.7619092124E-003
  -2.2882865536E+001   6.9340890005E-003
  -2.2728251580E+001   7.0025870635E-003
  -2.2573637624E+001   6.9675998599E-003
  -2.2419023667E+001   6.8290852399E-003
  -2.2264409711E+001   6.5867665528E-003
  -2.2109795755E+001   6.2401482898E-003
  -2.1955181798E+001   5.7885401245E-003
  -2.1800567842E+001   5.2310666162E-003
  -2.1645953886E+001   4.5666437038E-003
  -2.1491339929E+001   3.7938986237E-003
  -2.1336725973E+001   2.9110864325E-003
  -2.1182112017E+001   1.9162878393E-003
  -2.1027498060E+001   8.0882871845E-004
  -2.0872884104E+001  -4.0602238311E-004
  -2.0718270148E+001  -1.7060749390E-003
  -2.0563656191E+001  -3.0338564534E-003
  -2.0409042235E+001  -4.2789402440E-003
  -2.0254428279E+001  -5.2876200625E-003
  -2.0099814323E+001  -5.9349961616E-003
  -1.9945200366E+001  -6.2293848504E-003
  -1.9790586410E+001  -6.2872705166E-003
  -1.9635972454E+001  -6.1370767083E-003
  -1.9481358497E+001  -5.6687892533E-003
  -1.9326744541E+001  -4.8238407525E-003
  -1.9172130585E+001  -3.6921618771E-003
  -1.9017516628E+001  -2.4293825121E-003
  -1.8862902672E+001  -1.1639469891E-003
  -1.8708288716E+001   3.0375852524E-005
  -1.8553674759E+001   1.1219330484E-003
  -1.8399060803E+001   2.1014103659E-003
  -1.8244446847E+001   2.9682549862E-003
  -1.8089832890E+001   3.7242256180E-003
  -1.7935218934E+001   4.3711696717E-003
  -1.7780604978E+001   4.9105740078E-003
  -1.7625991021E+001   5.3436045855E-003
  -1.7471377065E+001   5.6712035834E-003
  -1.7316763109E+001   5.8941282813E-003
  -1.7162149152E+001   6.0129529178E-003
  -1.7007535196E+001   6.0280448107E-003
  -1.6852921240E+001   5.9395474715E-003
  -1.6698307283E+001   5.7473701597E-003
  -1.6543693327E+001   5.4511991156E-003
  -1.6389079371E+001   5.0505151994E-003
  -1.6234465414E+001   4.5446184550E-003
  -1.6079851458E+001   3.9326268387E-003
  -1.5925237502E+001   3.2134377899E-003
  -1.5770623545E+001   2.3856313999E-003
  -1.5616009589E+001   1.4474308437E-003
  -1.5461395633E+001   3.9715144213E-004
  -1.5306781676E+001  -7.6457704598E-004
  -1.5152167720E+001  -2.0283614664E-003
  -1.4997553764E+001  -3.3624692251E-003
  -1.4842939807E+001  -4.6930525334E-003
  -1.4688325851E+001  -5.8915899392E-003
  -1.4533711895E+001  -6.8023766948E-003
  -1.4379097938E+001  -7.3354078732E-003
  -1.4224483982E+001  -7.5491704999E-003
  -1.4069870026E+001  -7.5535789987E-003
  -1.3915256069E+001  -7.3200770533E-003
  -1.3760642113E+001  -6.7320109341E-003
  -1.3606028157E+001  -5.7808669424E-003
  -1.3451414200E+001  -4.5913318361E-003
  -1.3296800244E+001  -3.3168931595E-003
  -1.3142186288E+001  -2.0677604875E-003
  -1.2987572331E+001  -9.0119707886E-004
  -1.2832958375E+001   1.6080244213E-004
  -1.2678344419E+001   1.1131475315E-003
  -1.2523730462E+001   1.9566684683E-003
  -1.2369116506E+001   2.6934151593E-003
  -1.2214502550E+001   3.3252340912E-003
  -1.2059888594E+001   3.8535672258E-003
  -1.1905274637E+001   4.2795326483E-003
  -1.1750660681E+001   4.6040023992E-003
  -1.1596046725E+001   4.8276243731E-003
  -1.1441432768E+001   4.9508116593E-003
  -1.1286818812E+001   4.9737181974E-003
  -1.1132204856E+001   4.8962235005E-003
  -1.0977590899E+001   4.7179296473E-003
  -1.0822976943E+001   4.4381775946E-003
  -1.0668362987E+001   4.0560707315E-003
  -1.0513749030E+001   3.5704981595E-003
  -1.0359135074E+001   2.9801277344E-003
  -1.0204521118E+001   2.2833540421E-003
  -1.0049907161E+001   1.4782054733E-003
  -9.8952932049E+000   5.6239830472E-004
  -9.7406792486E+000  -4.6581293680E-004
  -9.5860652923E+000  -1.6043281467E-003
  -9.4314513359E+000  -2.8386338155E-003
  -9.2768373796E+000  -4.1256539269E-003
  -9.1222234233E+000  -5.3739487249E-003
  -8.9676094670E+000  -6.4400674713E-003
  -8.8129955106E+000  -7.1775458350E-003
  -8.6583815543E+000  -7.5427268380E-003
  -8.5037675980E+000  -7.6332532844E-003
  -8.3491536417E+000  -7.5276442504E-003
  -8.1945396853E+000  -7.1475211571E-003
  -8.0399257290E+000  -6.3954216341E-003
  -7.8853117727E+000  -5.3152349366E-003
  -7.7306978164E+000  -4.0536991355E-003
  -7.5760838600E+000  -2.7545657936E-003
  -7.4214699037E+000  -1.5095902852E-003
  -7.2668559474E+000  -3.6216798997E-004
  -7.1122419910E+000   6.7287388090E-004
  -6.9576280347E+000   1.5931342264E-003
  -6.8030140784E+000   2.4000753463E-003
  -6.6484001221E+000   3.0957196822E-003
  -6.4937861657E+000   3.6818029772E-003
  -6.3391722094E+000   4.1597232278E-003
  -6.1845582531E+000   4.5306360196E-003
  -6.0299442968E+000   4.7955082538E-003
  -5.8753303404E+000   4.9551261420E-003
  -5.7207163841E+000   5.0100724317E-003
  -5.5661024278E+000   4.9607029922E-003
  -5.4114884714E+000   4.8071304210E-003
  -5.2568745151E+000   4.5492268352E-003
  -5.1022605588E+000   4.1866388213E-003
  -4.9476466025E+000   3.7188113113E-003
  -4.7930326461E+000   3.1449975543E-003
  -4.6384186898E+000   2.4642362156E-003
  -4.4838047335E+000   1.6752721378E-003
  -4.3291907772E+000   7.7647383044E-004
  -4.1745768208E+000  -2.3396772511E-004
  -4.0199628645E+000  -1.3566186494E-003
  -3.8653489082E+000  -2.5861036217E-003
  -3.7107349518E+000  -3.9001247744E-003
  -3.5561209955E+000  -5.2410979304E-003
  -3.4015070392E+000  -6.4984728551E-003
  -3.2468930829E+000  -7.5183929533E-003
  -3.0922791265E+000  -8.1757549780E-003
  -2.9376651702E+000  -8.4786002722E-003
  -2.7830512139E+000  -8.5431229747E-003
  -2.6284372576E+000  -8.3975665308E-003
  -2.4738233012E+000  -7.9318660940E-003
  -2.3192093449E+000  -7.0874039466E-003
  -2.1645953886E+000  -5.9539687970E-003
  -2.0099814323E+000  -4.6869653311E-003
  -1.8553674759E+000  -3.4145664266E-003
  -1.7007535196E+000  -2.2102505901E-003
  -1.5461395633E+000  -1.1053794883E-003
  -1.3915256069E+000  -1.0898729677E-004
  -1.2369116506E+000   7.7863356098E-004
  -1.0822976943E+000   1.5594761585E-003
  -9.2768373796E-001   2.2355907207E-003
  -7.7306978164E-001   2.8086302634E-003
  -6.1845582531E-001   3.2798856298E-003
  -4.6384186898E-001   3.6503786969E-003
  -3.0922791265E-001   3.9208981881E-003
  -1.5461395633E-001   4.0919993347E-003
   0.0000000000E+000   4.1639786650E-003
   1.5461395633E-001   4.1368566320E-003
   3.0922791265E-001   4.0103675513E-003
   4.6384186898E-001   3.7839721569E-003
   6.1845582531E-001   3.4568776200E-003
   7.7306978164E-001   3.0280656681E-003
   9.2768373796E-001   2.4962961345E-003
   1.0822976943E+000   1.8600746125E-003
   1.2369116506E+000   1.1175628296E-003
   1.3915256069E+000   2.6654711290E-004
   1.5461395633E+000  -6.9510408567E-004
   1.7007535196E+000  -1.7672094606E-003
   1.8553674759E+000  -2.9408179660E-003
   2.0099814323E+000  -4.1846259738E-003
   2.1645953886E+000  -5.4251966649E-003
   2.3192093449E+000  -6.5343991316E-003
   2.4738233012E+000  -7.3568972404E-003
   2.6284372576E+000  -7.8030283555E-003
   2.7830512139E+000  -7.9315906340E-003
   2.9376651702E+000  -7.8527901799E-003
   3.0922791265E+000  -7.5383725342E-003
   3.2468930829E+000  -6.8720121682E-003
   3.4015070392E+000  -5.8455456227E-003
   3.5561209955E+000  -4.5840254838E-003
   3.7107349518E+000  -3.2413134457E-003
   3.8653489082E+000  -1.9279895128E-003
   4.0199628645E+000  -7.0166987492E-004
   4.1745768208E+000   4.1532642232E-004
   4.3291907772E+000   1.4176193176E-003
   4.4838047335E+000   2.3057869659E-003
   4.6384186898E+000   3.0816646155E-003
   4.7930326461E+000   3.7469202929E-003
   4.9476466025E+000   4.3028516299E-003
   5.1022605588E+000   4.7504639384E-003
   5.2568745151E+000   5.0905452486E-003
   5.4114884714E+000   5.3236855213E-003
   5.5661024278E+000   5.4502637422E-003
   5.7207163841E+000   5.4704220481E-003
   5.8753303404E+000   5.3840498411E-003
   6.0299442968E+000   5.1907811947E-003
   6.1845582531E+000   4.8900126242E-003
   6.3391722094E+000   4.4809290558E-003
   6.4937861657E+000   3.9625302862E-003
   6.6484001221E+000   3.3336276592E-003
   6.8030140784E+000   2.5927957618E-003
   6.9576280347E+000   1.7382829262E-003
   7.1122419910E+000   7.6806813866E-004
   7.2668559474E+000  -3.1928673251E-004
   7.4214699037E+000  -1.5213295745E-003
   7.5760838600E+000  -2.8231541276E-003
   7.7306978164E+000  -4.1812623159E-003
   7.8853117727E+000  -5.5037856257E-003
   8.0399257290E+000  -6.6468743590E-003
   8.1945396853E+000  -7.4637479588E-003
   8.3491536417E+000  -7.9105679354E-003
   8.5037675980E+000  -8.0848918453E-003
   8.6583815543E+000  -8.0650514216E-003
   8.8129955106E+000  -7.7722225265E-003
   8.9676094670E+000  -7.1083437997E-003
   9.1222234233E+000  -6.1167327960E-003
   9.2768373796E+000  -4.9436326208E-003
   9.4314513359E+000  -3.7323436237E-003
   9.5860652923E+000  -2.5741796540E-003
   9.7406792486E+000  -1.5120859578E-003
   9.8952932049E+000  -5.6042453146E-004
   1.0049907161E+001   2.7888229520E-004
   1.0204521118E+001   1.0077827708E-003
   1.0359135074E+001   1.6287837191E-003
   1.0513749030E+001   2.1440941559E-003
   1.0668362987E+001   2.5555647657E-003
   1.0822976943E+001   2.8647743836E-003
   1.0977590899E+001   3.0730758639E-003
   1.1132204856E+001   3.1815974388E-003
   1.1286818812E+001   3.1912145938E-003
   1.1441432768E+001   3.1025225400E-003
   1.1596046725E+001   2.9158168128E-003
   1.1750660681E+001   2.6310940374E-003
   1.1905274637E+001   2.2480657310E-003
   1.2059888594E+001   1.7661818800E-003
   1.2214502550E+001   1.1846414822E-003
   1.2369116506E+001   5.0237114010E-004
   1.2523730462E+001  -2.8205173887E-004
   1.2678344419E+001  -1.1704781385E-003
   1.2832958375E+001  -2.1649846547E-003
   1.2987572331E+001  -3.2664487598E-003
   1.3142186288E+001  -4.4698459706E-003
   1.3296800244E+001  -5.7532647415E-003
   1.3451414200E+001  -7.0595393474E-003
   1.3606028157E+001  -8.2785687769E-003
   1.3760642113E+001  -9.2569812447E-003
   1.3915256069E+001  -9.8702074888E-003
   1.4069870026E+001  -1.0126868127E-002
   1.4224483982E+001  -1.0143692368E-002
   1.4379097938E+001  -9.9492649699E-003
   1.4533711895E+001  -9.4336603375E-003
   1.4688325851E+001  -8.5383663296E-003
   1.4842939807E+001  -7.3533708594E-003
   1.4997553764E+001  -6.0343776545E-003
   1.5152167720E+001  -4.7099222478E-003
   1.5306781676E+001  -3.4538787390E-003
   1.5461395633E+001  -2.2980155536E-003
   1.5616009589E+001  -1.2517687842E-003
   1.5770623545E+001  -3.1581620778E-004
   1.5925237502E+001   5.1147528454E-004
   1.6079851458E+001   1.2318284535E-003
   1.6234465414E+001   1.8466073541E-003
   1.6389079371E+001   2.3568573700E-003
   1.6543693327E+001   2.7634023510E-003
   1.6698307283E+001   3.0668832387E-003
   1.6852921240E+001   3.2677594556E-003
   1.7007535196E+001   3.3662844018E-003
   1.7162149152E+001   3.3624878444E-003
   1.7316763109E+001   3.2561646949E-003
   1.7471377065E+001   3.0468854683E-003
   1.7625991021E+001   2.7340132001E-003
   1.7780604978E+001   2.3167273928E-003
   1.7935218934E+001   1.7940222764E-003
   1.8089832890E+001   1.1646681034E-003
   1.8244446847E+001   4.2711426903E-004
   1.8399060803E+001  -4.2055004917E-004
   1.8553674759E+001  -1.3801463273E-003
   1.8708288716E+001  -2.4511835552E-003
   1.8862902672E+001  -3.6244080320E-003
   1.9017516628E+001  -4.8682256835E-003
   1.9172130585E+001  -6.1089244433E-003
   1.9326744541E+001  -7.2181140523E-003
   1.9481358497E+001  -8.0402153500E-003
   1.9635972454E+001  -8.4853441659E-003
   1.9790586410E+001  -8.6121087170E-003
   1.9945200366E+001  -8.5305566574E-003
   2.0099814323E+001  -8.2122902986E-003
   2.0254428279E+001  -7.5408454258E-003
   2.0409042235E+001  -6.5079230139E-003
   2.0563656191E+001  -5.2384390515E-003
   2.0718270148E+001  -3.8861155743E-003
   2.0872884104E+001  -2.5613945756E-003
   2.1027498060E+001  -1.3217632174E-003
   2.1182112017E+001  -1.8942586316E-004
   2.1336725973E+001   8.3033609315E-004
   2.1491339929E+001   1.7381850287E-003
   2.1645953886E+001   2.5360296345E-003
   2.1800567842E+001   3.2256054019E-003
   2.1955181798E+001   3.8082767542E-003
   2.2109795755E+001   4.2851204640E-003
   2.2264409711E+001   4.6570056598E-003
   2.2419023667E+001   4.9246172479E-003
   2.2573637624E+001   5.0884461202E-003
   2.2728251580E+001   5.1487650244E-003
   2.2882865536E+001   5.1056128345E-003
   2.3037479493E+001   4.9587903614E-003
   2.3192093449E+001   4.7078746543E-003
   2.3346707405E+001   4.3522395827E-003
   2.3501321362E+001   3.8910750565E-003
   2.3655935318E+001   3.3233748518E-003
   2.3810549274E+001   2.6478782705E-003
   2.3965163231E+001   1.8629700266E-003
   2.4119777187E+001   9.6672667527E-004
   2.4274391143E+001  -4.2240631182E-005
   2.4429005100E+001  -1.1614859076E-003
   2.4583619056E+001  -2.3761667531E-003
   2.4738233012E+001  -3.6429004092E-003
   2.4892846969E+001  -4.8699664180E-003
   2.5047460925E+001  -5.9136628781E-003
   2.5202074881E+001  -6.6273117701E-003
   2.5356688838E+001  -6.9670975230E-003
   2.5511302794E+001  -7.0305686724E-003
   2.5665916750E+001  -6.8961807778E-003
   2.5820530707E+001  -6.4854780677E-003
   2.5975144663E+001  -5.7009117851E-003
   2.6129758619E+001  -4.5862972654E-003
   2.6284372576E+001  -3.2883122762E-003
   2.6438986532E+001  -1.9506584531E-003
   2.6593600488E+001  -6.6505598109E-004
   2.6748214445E+001   5.2511265386E-004
   2.6902828401E+001   1.6050053135E-003
   2.7057442357E+001   2.5721762548E-003
   2.7212056314E+001   3.4280145343E-003
   2.7366670270E+001   4.1744437556E-003
   2.7521284226E+001   4.8130792944E-003
   2.7675898183E+001   5.3451818452E-003
   2.7830512139E+001   5.7717575068E-003
   2.7985126095E+001   6.0936160892E-003
   2.8139740052E+001   6.3113832493E-003
   2.8294354008E+001   6.4254812268E-003
   2.8448967964E+001   6.4361082121E-003
   2.8603581920E+001   6.3432239896E-003
   2.8758195877E+001   6.1465540659E-003
   2.8912809833E+001   5.8456053336E-003
   2.9067423789E+001   5.4396901330E-003
   2.9222037746E+001   4.9279359736E-003
   2.9376651702E+001   4.3092620433E-003
   2.9531265658E+001   3.5822991364E-003
   2.9685879615E+001   2.7453061779E-003
   2.9840493571E+001   1.7963680468E-003
   2.9995107527E+001   7.3481506312E-004
   3.0149721484E+001  -4.3407955282E-004
   3.0304335440E+001  -1.6881204479E-003
   3.0458949396E+001  -2.9698302456E-003
   3.0613563353E+001  -4.1687774453E-003
   3.0768177309E+001  -5.1312511645E-003
   3.0922791265E+001  -5.7323472853E-003
   3.1077405222E+001  -5.9803778573E-003
   3.1232019178E+001  -5.9918224639E-003
   3.1386633134E+001  -5.7950982629E-003
   3.1541247091E+001  -5.2801824280E-003
   3.1695861047E+001  -4.3884968849E-003
   3.1850475003E+001  -3.2099604090E-003
   3.2005088960E+001  -1.9001904795E-003
   3.2159702916E+001  -5.8761898337E-004
   3.2314316872E+001   6.5399733058E-004
   3.2468930829E+001   1.7930168415E-003
   3.2623544785E+001   2.8201355364E-003
   3.2778158741E+001   3.7348093328E-003
   3.2932772698E+001   4.5388038239E-003
   3.3087386654E+001   5.2339710586E-003
   3.3242000610E+001   5.8217998657E-003
   3.3396614567E+001   6.3034550588E-003
   3.3551228523E+001   6.6798741021E-003
   3.3705842479E+001   6.9518055368E-003
   3.3860456436E+001   7.1198103851E-003
