  -3.4015070392E+001   2.3832529309E-002
  -3.3860456436E+001   2.3699228259E-002
  -3.3705842479E+001   2.3465988878E-002
  -3.3551228523E+001   2.3132294269E-002
  -3.3396614567E+001   2.2697310682E-002
  -3.3242000610E+001   2.2159922000E-002
  -3.3087386654E+001   2.1518742282E-002
  -3.2932772698E+001   2.0772094624E-002
  -3.2778158741E+001   1.9917934336E-002
  -3.2623544785E+001   1.8953831016E-002
  -3.2468930829E+001   1.7877439575E-002
  -3.2314316872E+001   1.6688743440E-002
  -3.2159702916E+001   1.5396522078E-002
  -3.2005088960E+001   1.4031942010E-002
  -3.1850475003E+001   1.2668343072E-002
  -3.1695861047E+001   1.1433804672E-002
  -3.1541247091E+001   1.0483670936E-002
  -3.1386633134E+001   9.9077054119E-003
  -3.1232019178E+001   9.6473231220E-003
  -3.1077405222E+001   9.5925598923E-003
  -3.0922791265E+001   9.7718170746E-003
  -3.0768177309E+001   1.0301520884E-002
  -3.0613563353E+001   1.1190039006E-002
  -3.0458949396E+001   1.2312668571E-002
  -3.0304335440E+001   1.3516002400E-002
  -3.0149721484E+001   1.4689984822E-002
  -2.9995107527E+001   1.5777576496E-002
  -2.9840493571E+001   1.6757075866E-002
  -2.9685879615E+001   1.7623749006E-002
  -2.9531265658E+001   1.8378835620E-002
  -2.9376651702E+001   1.9024833268E-002
  -2.9222037746E+001   1.9564057285E-002
  -2.9067423789E+001   1.9998421464E-002
  -2.8912809833E+001   2.0329500595E-002
  -2.8758195877E+001   2.0558591439E-002
  -2.8603581920E+001   2.0686719970E-002
  -2.8448967964E+001   2.0714618931E-002
  -2.8294354008E+001   2.0642694942E-002
  -2.8139740052E+001   2.0471008042E-002
  -2.7985126095E+001   2.0199266882E-002
  -2.7830512139E+001   1.9826846500E-002
  -2.7675898183E+001   1.9352816449E-002
  -2.7521284226E+001   1.8775971510E-002
  -2.7366670270E+001   1.8094834693E-002
  -2.7212056314E+001   1.7307617163E-002
  -2.7057442357E+001   1.6412138617E-002
  -2.6902828401E+001   1.5405895197E-002
  -2.6748214445E+001   1.4286923318E-002
  -2.6593600488E+001   1.3057119137E-002
  -2.6438986532E+001   1.1730816233E-002
  -2.6284372576E+001   1.0350941379E-002
  -2.6129758619E+001   9.0088192771E-003
  -2.5975144663E+001   7.8478235553E-003
  -2.5820530707E+001   7.0143931239E-003
  -2.5665916750E+001   6.5522382656E-003
  -2.5511302794E+001   6.3638421852E-003
  -2.5356688838E+001   6.3707941746E-003
  -2.5202074881E+001   6.6515068447E-003
  -2.5047460925E+001   7.3034988746E-003
  -2.4892846969E+001   8.2830618316E-003
  -2.4738233012E+001   9.4437586063E-003
  -2.4583619056E+001   1.0642217314E-002
  -2.4429005100E+001   1.1787114923E-002
  -2.4274391143E+001   1.2835526254E-002
  -2.4119777187E+001   1.3773119231E-002
  -2.3965163231E+001   1.4597999091E-002
  -2.3810549274E+001   1.5312130694E-002
  -2.3655935318E+001   1.5918019041E-002
  -2.3501321362E+001   1.6417845419E-002
  -2.3346707405E+001   1.6813399473E-002
  -2.3192093449E+001   1.7106158814E-002
  -2.3037479493E+001   1.7297329056E-002
  -2.2882865536E+001   1.7387840800E-002
  -2.2728251580E+001   1.7378318889E-002
  -2.2573637624E+001   1.7269054245E-002
  -2.2419023667E+001   1.7059986065E-002
  -2.2264409711E+001   1.6750706589E-002
  -2.2109795755E+001   1.6340481520E-002
  -2.1955181798E+001   1.5828282877E-002
  -2.1800567842E+001   1.5212811401E-002
  -2.1645953886E+001   1.4492489269E-002
  -2.1491339929E+001   1.3665399087E-002
  -2.1336725973E+001   1.2729221320E-002
  -2.1182112017E+001   1.1681453581E-002
  -2.1027498060E+001   1.0520850694E-002
  -2.0872884104E+001   9.2521404812E-003
  -2.0718270148E+001   7.8970177738E-003
  -2.0563656191E+001   6.5125146128E-003
  -2.0409042235E+001   5.2086788475E-003
  -2.0254428279E+001   4.1389093612E-003
  -2.0099814323E+001   3.4279002770E-003
  -1.9945200366E+001   3.0672745248E-003
  -1.9790586410E+001   2.9405952715E-003
  -1.9635972454E+001   3.0194483911E-003
  -1.9481358497E+001   3.4137824988E-003
  -1.9326744541E+001   4.1821643514E-003
  -1.9172130585E+001   5.2348101019E-003
  -1.9017516628E+001   6.4163537466E-003
  -1.8862902672E+001   7.5986927269E-003
  -1.8708288716E+001   8.7084630233E-003
  -1.8553674759E+001   9.7144731336E-003
  -1.8399060803E+001   1.0607918030E-002
  -1.8244446847E+001   1.1388788354E-002
  -1.8089832890E+001   1.2059403112E-002
  -1.7935218934E+001   1.2622166710E-002
  -1.7780604978E+001   1.3079098200E-002
  -1.7625991021E+001   1.3431849496E-002
  -1.7471377065E+001   1.3681782513E-002
  -1.7316763109E+001   1.3829990621E-002
  -1.7162149152E+001   1.3877286422E-002
  -1.7007535196E+001   1.3824167607E-002
  -1.6852921240E+001   1.3670793820E-002
  -1.6698307283E+001   1.3416974076E-002
  -1.6543693327E+001   1.3062179982E-002
  -1.6389079371E+001   1.2605569483E-002
  -1.6234465414E+001   1.2046021560E-002
  -1.6079851458E+001   1.1382148921E-002
  -1.5925237502E+001   1.0612276900E-002
  -1.5770623545E+001   9.7343665443E-003
  -1.5616009589E+001   8.7459964222E-003
  -1.5461395633E+001   7.6448331739E-003
  -1.5306781676E+001   6.4308739363E-003
  -1.5152167720E+001   5.1129127324E-003
  -1.4997553764E+001   3.7221300077E-003
  -1.4842939807E+001   2.3318772764E-003
  -1.4688325851E+001   1.0702419280E-003
  -1.4533711895E+001   9.2571530577E-005
  -1.4379097938E+001  -5.1137023561E-004
  -1.4224483982E+001  -8.0016461336E-004
  -1.4069870026E+001  -8.8375351537E-004
  -1.3915256069E+001  -7.3367829901E-004
  -1.3760642113E+001  -2.3341468393E-004
  -1.3606028157E+001   6.2553589388E-004
  -1.3451414200E+001   1.7186219573E-003
  -1.3296800244E+001   2.8925993772E-003
  -1.3142186288E+001   4.0375816386E-003
  -1.2987572331E+001   5.0967003439E-003
  -1.2832958375E+001   6.0484231589E-003
  -1.2678344419E+001   6.8881810987E-003
  -1.2523730462E+001   7.6173726301E-003
  -1.2369116506E+001   8.2386462218E-003
  -1.2214502550E+001   8.7544586309E-003
  -1.2059888594E+001   9.1668540465E-003
  -1.1905274637E+001   9.4775252802E-003
  -1.1750660681E+001   9.6878736591E-003
  -1.1596046725E+001   9.7990154404E-003
  -1.1441432768E+001   9.8117586763E-003
  -1.1286818812E+001   9.7265696478E-003
  -1.1132204856E+001   9.5435516234E-003
  -1.0977590899E+001   9.2624390387E-003
  -1.0822976943E+001   8.8826139866E-003
  -1.0668362987E+001   8.4031327932E-003
  -1.0513749030E+001   7.8227550077E-003
  -1.0359135074E+001   7.1399446653E-003
  -1.0204521118E+001   6.3528286863E-003
  -1.0049907161E+001   5.4591160993E-003
  -9.8952932049E+000   4.4561652730E-003
  -9.7406792486E+000   3.3418476993E-003
  -9.5860652923E+000   2.1178687108E-003
  -9.4314513359E+000   7.9834963130E-004
  -9.2768373796E+000  -5.7400534044E-004
  -9.1222234233E+000  -1.9080827708E-003
  -8.9676094670E+000  -3.0606728426E-003
  -8.8129955106E+000  -3.8853966477E-003
  -8.6583815543E+000  -4.3384414654E-003
  -8.5037675980E+000  -4.5171048066E-003
  -8.3491536417E+000  -4.4996944838E-003
  -8.1945396853E+000  -4.2079863308E-003
  -8.0399257290E+000  -3.5447993122E-003
  -7.8853117727E+000  -2.5541057505E-003
  -7.7306978164E+000  -1.3824793774E-003
  -7.5760838600E+000  -1.7334844718E-004
  -7.4214699037E+000   9.8194183863E-004
  -7.2668559474E+000   2.0404515680E-003
  -7.1122419910E+000   2.9878277835E-003
  -6.9576280347E+000   3.8221436615E-003
  -6.8030140784E+000   4.5453208352E-003
  -6.6484001221E+000   5.1598122782E-003
  -6.4937861657E+000   5.6677416523E-003
  -6.3391722094E+000   6.0708387590E-003
  -6.1845582531E+000   6.3705224269E-003
  -6.0299442968E+000   6.5679435659E-003
  -5.8753303404E+000   6.6639847189E-003
  -5.7207163841E+000   6.6592313426E-003
  -5.5661024278E+000   6.5539450625E-003
  -5.4114884714E+000   6.3480466560E-003
  -5.2568745151E+000   6.0411210043E-003
  -5.1022605588E+000   5.6324370941E-003
  -4.9476466025E+000   5.1209799000E-003
  -4.7930326461E+000   4.5054713125E-003
  -4.6384186898E+000   3.7843609440E-003
  -4.4838047335E+000   2.9557628995E-003
  -4.3291907772E+000   2.0173907924E-003
  -4.1745768208E+000   9.6677456373E-004
  -4.0199628645E+000  -1.9730170611E-004
  -3.8653489082E+000  -1.4700853491E-003
  -3.7107349518E+000  -2.8298599296E-003
  -3.5561209955E+000  -4.2195688795E-003
  -3.4015070392E+000  -5.5291227612E-003
  -3.2468930829E+000  -6.6050375389E-003
  -3.0922791265E+000  -7.3224486701E-003
  -2.9376651702E+000  -7.6894533765E-003
  -2.7830512139E+000  -7.8221891529E-003
  -2.6284372576E+000  -7.7489417481E-003
  -2.4738233012E+000  -7.3598388062E-003
  -2.3192093449E+000  -6.5964068646E-003
  -2.1645953886E+000  -5.5483977896E-003
  -2.0099814323E+000  -4.3710237088E-003
  -1.8553674759E+000  -3.1921620809E-003
  -1.7007535196E+000  -2.0849201624E-003
  -1.5461395633E+000  -1.0802260789E-003
  -1.3915256069E+000  -1.8662970938E-004
  -1.2369116506E+000   5.9609888244E-004
  -1.0822976943E+000   1.2704986465E-003
  -9.2768373796E-001   1.8391729482E-003
  -7.7306978164E-001   2.3043179275E-003
  -6.1845582531E-001   2.6677403096E-003
  -4.6384186898E-001   2.9309345088E-003
  -3.0922791265E-001   3.0951043578E-003
  -1.5461395633E-001   3.1611512600E-003
   0.0000000000E+000   3.1296403438E-003
   1.5461395633E-001   3.0007773961E-003
   3.0922791265E-001   2.7743960326E-003
   4.6384186898E-001   2.4499703318E-003
   6.1845582531E-001   2.0266377171E-003
   7.7306978164E-001   1.5032326422E-003
   9.2768373796E-001   8.7829831033E-004
   1.0822976943E+000   1.5006485237E-004
   1.2369116506E+000  -6.8362783409E-004
   1.3915256069E+000  -1.6253479248E-003
   1.5461395633E+000  -2.6776000410E-003
   1.7007535196E+000  -3.8405806750E-003
   1.8553674759E+000  -5.1057074843E-003
   2.0099814323E+000  -6.4420211617E-003
   2.1645953886E+000  -7.7763852849E-003
   2.3192093449E+000  -8.9808967735E-003
   2.4738233012E+000  -9.9003243286E-003
   2.6284372576E+000  -1.0444907281E-002
   2.7830512139E+000  -1.0673119975E-002
   2.9376651702E+000  -1.0694831858E-002
   3.0922791265E+000  -1.0481735836E-002
   3.2468930829E+000  -9.9176635444E-003
   3.4015070392E+000  -8.9944996669E-003
   3.5561209955E+000  -7.8371126845E-003
   3.7107349518E+000  -6.5990093337E-003
   3.8653489082E+000  -5.3903156391E-003
   4.0199628645E+000  -4.2681355317E-003
   4.1745768208E+000  -3.2542419341E-003
   4.3291907772E+000  -2.3534525522E-003
   4.4838047335E+000  -1.5646252325E-003
   4.6384186898E+000  -8.8537296512E-004
   4.7930326461E+000  -3.1350238171E-004
   4.9476466025E+000   1.5276873178E-004
   5.1022605588E+000   5.1487577039E-004
   5.2568745151E+000   7.7397000156E-004
   5.4114884714E+000   9.3092742215E-004
   5.5661024278E+000   9.8632783353E-004
   5.7207163841E+000   9.4042346335E-004
   5.8753303404E+000   7.9312015930E-004
   6.0299442968E+000   5.4397451136E-004
   6.1845582531E+000   1.9221401106E-004
   6.3391722094E+000  -2.6323187289E-004
   6.4937861657E+000  -8.2369742556E-004
   6.6484001221E+000  -1.4907736013E-003
   6.8030140784E+000  -2.2663436411E-003
   6.9576280347E+000  -3.1526581675E-003
   7.1122419910E+000  -4.1522630013E-003
   7.2668559474E+000  -5.2671317151E-003
   7.4214699037E+000  -6.4953438264E-003
   7.5760838600E+000  -7.8225072075E-003
   7.7306978164E+000  -9.2056065599E-003
   7.8853117727E+000  -1.0553208669E-002
   8.0399257290E+000  -1.1721827213E-002
   8.1945396853E+000  -1.2564925229E-002
   8.3491536417E+000  -1.3038721307E-002
   8.5037675980E+000  -1.3240672190E-002
   8.6583815543E+000  -1.3249087680E-002
   8.8129955106E+000  -1.2985373775E-002
   8.9676094670E+000  -1.2351769455E-002
   9.1222234233E+000  -1.1391722819E-002
   9.2768373796E+000  -1.0251410520E-002
   9.4314513359E+000  -9.0739389568E-003
   9.5860652923E+000  -7.9503511513E-003
   9.7406792486E+000  -6.9232717351E-003
   9.8952932049E+000  -6.0067107231E-003
   1.0049907161E+001  -5.2022227338E-003
   1.0204521118E+001  -4.5074911248E-003
   1.0359135074E+001  -3.9196555581E-003
   1.0513749030E+001  -3.4361845523E-003
   1.0668362987E+001  -3.0549520368E-003
   1.0822976943E+001  -2.7741657611E-003
   1.0977590899E+001  -2.5923342670E-003
   1.1132204856E+001  -2.5082757047E-003
   1.1286818812E+001  -2.5211531026E-003
   1.1441432768E+001  -2.6305058460E-003
   1.1596046725E+001  -2.8362697329E-003
   1.1750660681E+001  -3.1387735088E-003
   1.1905274637E+001  -3.5387189310E-003
   1.2059888594E+001  -4.0371475967E-003
   1.2214502550E+001  -4.6354174086E-003
   1.2369116506E+001  -5.3352078801E-003
   1.2523730462E+001  -6.1385783088E-003
   1.2678344419E+001  -7.0480267798E-003
   1.2832958375E+001  -8.0662668676E-003
   1.2987572331E+001  -9.1947834575E-003
   1.3142186288E+001  -1.0429112895E-002
   1.3296800244E+001  -1.1747844515E-002
   1.3451414200E+001  -1.3094244688E-002
   1.3606028157E+001  -1.4358570652E-002
   1.3760642113E+001  -1.5387726411E-002
   1.3915256069E+001  -1.6057306865E-002
   1.4069870026E+001  -1.6375942996E-002
   1.4224483982E+001  -1.6460257945E-002
   1.4379097938E+001  -1.6338761340E-002
   1.4533711895E+001  -1.5901521429E-002
   1.4688325851E+001  -1.5089950266E-002
   1.4842939807E+001  -1.3993808735E-002
   1.4997553764E+001  -1.2768453297E-002
   1.5152167720E+001  -1.1541991448E-002
   1.5306781676E+001  -1.0387803479E-002
   1.5461395633E+001  -9.3371047204E-003
   1.5616009589E+001  -8.3987278353E-003
   1.5770623545E+001  -7.5727103803E-003
   1.5925237502E+001  -6.8567597283E-003
   1.6079851458E+001  -6.2484945144E-003
   1.6234465414E+001  -5.7459145801E-003
   1.6389079371E+001  -5.3473824393E-003
   1.6543693327E+001  -5.0515461999E-003
   1.6698307283E+001  -4.8573184259E-003
   1.6852921240E+001  -4.7638888884E-003
   1.7007535196E+001  -4.7707593953E-003
   1.7162149152E+001  -4.8777677074E-003
   1.7316763109E+001  -5.0851009553E-003
   1.7471377065E+001  -5.3932832576E-003
   1.7625991021E+001  -5.8031527739E-003
   1.7780604978E+001  -6.3158277113E-003
   1.7935218934E+001  -6.9326942109E-003
   1.8089832890E+001  -7.6554278636E-003
   1.8244446847E+001  -8.4860708361E-003
   1.8399060803E+001  -9.4270500451E-003
   1.8553674759E+001  -1.0480706320E-002
   1.8708288716E+001  -1.1647051356E-002
   1.8862902672E+001  -1.2917300302E-002
   1.9017516628E+001  -1.4260280813E-002
   1.9172130585E+001  -1.5602646752E-002
   1.9326744541E+001  -1.6816311825E-002
   1.9481358497E+001  -1.7745924252E-002
   1.9635972454E+001  -1.8301711761E-002
   1.9790586410E+001  -1.8542248910E-002
   1.9945200366E+001  -1.8577487043E-002
   2.0099814323E+001  -1.8379009488E-002
   2.0254428279E+001  -1.7830373186E-002
   2.0409042235E+001  -1.6923193461E-002
   2.0563656191E+001  -1.5782156946E-002
   2.0718270148E+001  -1.4560655608E-002
   2.0872884104E+001  -1.3368730915E-002
   2.1027498060E+001  -1.2263408900E-002
   2.1182112017E+001  -1.1266378587E-002
   2.1336725973E+001  -1.0382362039E-002
   2.1491339929E+001  -9.6101082603E-003
   2.1645953886E+001  -8.9471089154E-003
   2.1800567842E+001  -8.3910383715E-003
   2.1955181798E+001  -7.9399729886E-003
   2.2109795755E+001  -7.5923285745E-003
   2.2264409711E+001  -7.3467994100E-003
   2.2419023667E+001  -7.2023510033E-003
   2.2573637624E+001  -7.1582425392E-003
   2.2728251580E+001  -7.2140597787E-003
   2.2882865536E+001  -7.3697355141E-003
   2.3037479493E+001  -7.6255543827E-003
   2.3192093449E+001  -7.9821350895E-003
   2.3346707405E+001  -8.4404022758E-003
   2.3501321362E+001  -9.0015557966E-003
   2.3655935318E+001  -9.6670677179E-003
   2.3810549274E+001  -1.0438722373E-002
   2.3965163231E+001  -1.1318695976E-002
   2.4119777187E+001  -1.2309488691E-002
   2.4274391143E+001  -1.3413060795E-002
   2.4429005100E+001  -1.4627513180E-002
   2.4583619056E+001  -1.5938509663E-002
   2.4738233012E+001  -1.7303121195E-002
   2.4892846969E+001  -1.8630021101E-002
   2.5047460925E+001  -1.9775834070E-002
   2.5202074881E+001  -2.0594119780E-002
   2.5356688838E+001  -2.1041166783E-002
   2.5511302794E+001  -2.1214490938E-002
   2.5665916750E+001  -2.1192502215E-002
   2.5820530707E+001  -2.0896787437E-002
   2.5975144663E+001  -2.0229827502E-002
   2.6129758619E+001  -1.9235330541E-002
   2.6284372576E+001  -1.8059733453E-002
   2.6438986532E+001  -1.6846407993E-002
   2.6593600488E+001  -1.5686677115E-002
   2.6748214445E+001  -1.4623465963E-002
   2.6902828401E+001  -1.3671106598E-002
   2.7057442357E+001  -1.2831493765E-002
   2.7212056314E+001  -1.2102662562E-002
   2.7366670270E+001  -1.1482107905E-002
   2.7521284226E+001  -1.0967648352E-002
   2.7675898183E+001  -1.0557494006E-002
   2.7830512139E+001  -1.0250166890E-002
   2.7985126095E+001  -1.0044460868E-002
   2.8139740052E+001  -9.9394446388E-003
   2.8294354008E+001  -9.9344924464E-003
   2.8448967964E+001  -1.0029312204E-002
   2.8603581920E+001  -1.0223963268E-002
   2.8758195877E+001  -1.0518851618E-002
   2.8912809833E+001  -1.0914709409E-002
   2.9067423789E+001  -1.1412562065E-002
   2.9222037746E+001  -1.2013705835E-002
   2.9376651702E+001  -1.2719715038E-002
   2.9531265658E+001  -1.3532503029E-002
   2.9685879615E+001  -1.4454384733E-002
   2.9840493571E+001  -1.5487857333E-002
   2.9995107527E+001  -1.6634160184E-002
   3.0149721484E+001  -1.7888559033E-002
   3.0304335440E+001  -1.9229352024E-002
   3.0458949396E+001  -2.0599499537E-002
   3.0613563353E+001  -2.1888945641E-002
   3.0768177309E+001  -2.2944282919E-002
   3.0922791265E+001  -2.3640808277E-002
   3.1077405222E+001  -2.3986889196E-002
   3.1232019178E+001  -2.4098951700E-002
   3.1386633134E+001  -2.4005396962E-002
   3.1541247091E+001  -2.3596260646E-002
   3.1695861047E+001  -2.2812957620E-002
   3.1850475003E+001  -2.1745251290E-002
   3.2005088960E+001  -2.0548485651E-002
   3.2159702916E+001  -1.9350739987E-002
   3.2314316872E+001  -1.8225354020E-002
   3.2468930829E+001  -1.7203494163E-002
   3.2623544785E+001  -1.6293939782E-002
   3.2778158741E+001  -1.5496674212E-002
   3.2932772698E+001  -1.4809352272E-002
   3.3087386654E+001  -1.4229543475E-002
   3.3242000610E+001  -1.3755203051E-002
   3.3396614567E+001  -1.3384654020E-002
   3.3551228523E+001  -1.3116510365E-002
   3.3705842479E+001  -1.2949655897E-002
   3.3860456436E+001  -1.2883256796E-002
