  -3.4015070392E+001   7.1851380253E-003
  -3.3860456436E+001   7.1460104953E-003
  -3.3705842479E+001   7.0033052332E-003
  -3.3551228523E+001   6.7566730838E-003
  -3.3396614567E+001   6.4055530444E-003
  -3.3242000610E+001   5.9491965910E-003
  -3.3087386654E+001   5.3866662751E-003
  -3.2932772698E+001   4.7167972973E-003
  -3.2778158741E+001   3.9381008413E-003
  -3.2623544785E+001   3.0487248700E-003
  -3.2468930829E+001   2.0469038006E-003
  -3.2314316872E+001   9.3318172610E-004
  -3.2159702916E+001  -2.8313733075E-004
  -3.2005088960E+001  -1.5704117390E-003
  -3.1850475003E+001  -2.8548847390E-003
  -3.1695861047E+001  -4.0081244323E-003
  -3.1541247091E+001  -4.8745133267E-003
  -3.1386633134E+001  -5.3641326328E-003
  -3.1232019178E+001  -5.5355604086E-003
  -3.1077405222E+001  -5.4988194605E-003
  -3.0922791265E+001  -5.2254926057E-003
  -3.0768177309E+001  -4.5991002309E-003
  -3.0613563353E+001  -3.6113302534E-003
  -3.0458949396E+001  -2.3870867560E-003
  -3.0304335440E+001  -1.0800805850E-003
  -3.0149721484E+001   1.9925679704E-004
  -2.9995107527E+001   1.3934480528E-003
  -2.9840493571E+001   2.4802978695E-003
  -2.9685879615E+001   3.4545330674E-003
  -2.9531265658E+001   4.3168233679E-003
  -2.9376651702E+001   5.0690839337E-003
  -2.9222037746E+001   5.7130558811E-003
  -2.9067423789E+001   6.2501084578E-003
  -2.8912809833E+001   6.6813225173E-003
  -2.8758195877E+001   7.0075705916E-003
  -2.8603581920E+001   7.2295403821E-003
  -2.8448967964E+001   7.3477250376E-003
  -2.8294354008E+001   7.3623990932E-003
  -2.8139740052E+001   7.2736028061E-003
  -2.7985126095E+001   7.0811380278E-003
  -2.7830512139E+001   6.7845825612E-003
  -2.7675898183E+001   6.3833107922E-003
  -2.7521284226E+001   5.8765129546E-003
  -2.7366670270E+001   5.2631829943E-003
  -2.7212056314E+001   4.5420602628E-003
  -2.7057442357E+001   3.7115294317E-003
  -2.6902828401E+001   2.7696669463E-003
  -2.6748214445E+001   1.7150838005E-003
  -2.6593600488E+001   5.5022578991E-004
  -2.6438986532E+001  -7.1006489303E-004
  -2.6284372576E+001  -2.0224057060E-003
  -2.6129758619E+001  -3.2950764059E-003
  -2.5975144663E+001  -4.3843752973E-003
  -2.5820530707E+001  -5.1436245525E-003
  -2.5665916750E+001  -5.5290087763E-003
  -2.5511302794E+001  -5.6380766676E-003
  -2.5356688838E+001  -5.5492839424E-003
  -2.5202074881E+001  -5.1841749902E-003
  -2.5047460925E+001  -4.4452012343E-003
  -2.4892846969E+001  -3.3761782216E-003
  -2.4738233012E+001  -2.1237839710E-003
  -2.4583619056E+001  -8.3172041485E-004
  -2.4429005100E+001   4.0829191685E-004
  -2.4274391143E+001   1.5528701407E-003
  -2.4119777187E+001   2.5871716629E-003
  -2.3965163231E+001   3.5087502201E-003
  -2.3810549274E+001   4.3189942750E-003
  -2.3655935318E+001   5.0198267543E-003
  -2.3501321362E+001   5.6128622638E-003
  -2.3346707405E+001   6.0993606230E-003
  -2.3192093449E+001   6.4803269379E-003
  -2.3037479493E+001   6.7565698938E-003
  -2.2882865536E+001   6.9287138747E-003
  -2.2728251580E+001   6.9971796808E-003
  -2.2573637624E+001   6.9621638774E-003
  -2.2419023667E+001   6.8236244173E-003
  -2.2264409711E+001   6.5812847471E-003
  -2.2109795755E+001   6.2346494491E-003
  -2.1955181798E+001   5.7830282818E-003
  -2.1800567842E+001   5.2255458825E-003
  -2.1645953886E+001   4.5611182604E-003
  -2.1491339929E+001   3.7883727146E-003
  -2.1336725973E+001   2.9055643557E-003
  -2.1182112017E+001   1.9107739384E-003
  -2.1027498060E+001   8.0332737340E-004
  -2.0872884104E+001  -4.1150676515E-004
  -2.0718270148E+001  -1.7115379331E-003
  -2.0563656191E+001  -3.0392936261E-003
  -2.0409042235E+001  -4.2843471630E-003
  -2.0254428279E+001  -5.2929923057E-003
  -2.0099814323E+001  -5.9403293271E-003
  -1.9945200366E+001  -6.2346745653E-003
  -1.9790586410E+001  -6.2925124457E-003
  -1.9635972454E+001  -6.1422665603E-003
  -1.9481358497E+001  -5.6739227868E-003
  -1.9326744541E+001  -4.8289137836E-003
  -1.9172130585E+001  -3.6971702883E-003
  -1.9017516628E+001  -2.4343222613E-003
  -1.8862902672E+001  -1.1688141189E-003
  -1.8708288716E+001   2.5585206094E-005
  -1.8553674759E+001   1.1172226474E-003
  -1.8399060803E+001   2.0967838618E-003
  -1.8244446847E+001   2.9637159118E-003
  -1.8089832890E+001   3.7197773792E-003
  -1.7935218934E+001   4.3668155402E-003
  -1.7780604978E+001   4.9063171139E-003
  -1.7625991021E+001   5.3394479121E-003
  -1.7471377065E+001   5.6671499595E-003
  -1.7316763109E+001   5.8901803773E-003
  -1.7162149152E+001   6.0091132407E-003
  -1.7007535196E+001   6.0243157002E-003
  -1.6852921240E+001   5.9359310968E-003
  -1.6698307283E+001   5.7438685165E-003
  -1.6543693327E+001   5.4478140247E-003
  -1.6389079371E+001   5.0472483047E-003
  -1.6234465414E+001   4.5414712234E-003
  -1.6079851458E+001   3.9296005596E-003
  -1.5925237502E+001   3.2105335758E-003
  -1.5770623545E+001   2.3828501876E-003
  -1.5616009589E+001   1.4447733957E-003
  -1.5461395633E+001   3.9461834851E-004
  -1.5306781676E+001  -7.6698536449E-004
  -1.5152167720E+001  -2.0306447554E-003
  -1.4997553764E+001  -3.3646273927E-003
  -1.4842939807E+001  -4.6950856452E-003
  -1.4688325851E+001  -5.8934982135E-003
  -1.4533711895E+001  -6.8041604965E-003
  -1.4379097938E+001  -7.3370677083E-003
  -1.4224483982E+001  -7.5507070099E-003
  -1.4069870026E+001  -7.5549929567E-003
  -1.3915256069E+001  -7.3213693601E-003
  -1.3760642113E+001  -6.7331826167E-003
  -1.3606028157E+001  -5.7819191523E-003
  -1.3451414200E+001  -4.5922658468E-003
  -1.3296800244E+001  -3.3177103629E-003
  -1.3142186288E+001  -2.0684623895E-003
  -1.2987572331E+001  -9.0178529504E-004
  -1.2832958375E+001   1.6032619150E-004
  -1.2678344419E+001   1.1127814262E-003
  -1.2523730462E+001   1.9564105930E-003
  -1.2369116506E+001   2.6932635082E-003
  -1.2214502550E+001   3.3251865731E-003
  -1.2059888594E+001   3.8536216687E-003
  -1.1905274637E+001   4.2796868042E-003
  -1.1750660681E+001   4.6042539492E-003
  -1.1596046725E+001   4.8279709319E-003
  -1.1441432768E+001   4.9512507802E-003
  -1.1286818812E+001   4.9742473765E-003
  -1.1132204856E+001   4.8968401811E-003
  -1.0977590899E+001   4.7186312248E-003
  -1.0822976943E+001   4.4389614206E-003
  -1.0668362987E+001   4.0569341188E-003
  -1.0513749030E+001   3.5714383873E-003
  -1.0359135074E+001   2.9811420540E-003
  -1.0204521118E+001   2.2844396828E-003
  -1.0049907161E+001   1.4793596490E-003
  -9.8952932049E+000   5.6361822115E-004
  -9.7406792486E+000  -4.6453007485E-004
  -9.5860652923E+000  -1.6029851279E-003
  -9.4314513359E+000  -2.8372334148E-003
  -9.2768373796E+000  -4.1241989009E-003
  -9.1222234233E+000  -5.3724418099E-003
  -8.9676094670E+000  -6.4385113877E-003
  -8.8129955106E+000  -7.1759432998E-003
  -8.6583815543E+000  -7.5410805844E-003
  -8.5037675980E+000  -7.6315660721E-003
  -8.3491536417E+000  -7.5259188421E-003
  -8.1945396853E+000  -7.1457602704E-003
  -8.0399257290E+000  -6.3936279151E-003
  -7.8853117727E+000  -5.3134109672E-003
  -7.7306978164E+000  -4.0518474515E-003
  -7.5760838600E+000  -2.7526888958E-003
  -7.4214699037E+000  -1.5076906445E-003
  -7.2668559474E+000  -3.6024804638E-004
  -7.1122419910E+000   6.7481172108E-004
  -6.9576280347E+000   1.5950875956E-003
  -6.8030140784E+000   2.4020419206E-003
  -6.6484001221E+000   3.0976971860E-003
  -6.4937861657E+000   3.6837891876E-003
  -6.3391722094E+000   4.1617159785E-003
  -6.1845582531E+000   4.5326332036E-003
  -6.0299442968E+000   4.7975078263E-003
  -5.8753303404E+000   4.9571261220E-003
  -5.7207163841E+000   5.0120709036E-003
  -5.5661024278E+000   4.9626981072E-003
  -5.4114884714E+000   4.8091203970E-003
  -5.2568745151E+000   4.5512099573E-003
  -5.1022605588E+000   4.1886134406E-003
  -4.9476466025E+000   3.7207758431E-003
  -4.7930326461E+000   3.1469504746E-003
  -4.6384186898E+000   2.4661760562E-003
  -4.4838047335E+000   1.6771974796E-003
  -4.3291907772E+000   7.7838329452E-004
  -4.1745768208E+000  -2.3207548814E-004
  -4.0199628645E+000  -1.3547449714E-003
  -3.8653489082E+000  -2.5842498296E-003
  -3.7107349518E+000  -3.8982922015E-003
  -3.5561209955E+000  -5.2392879225E-003
  -3.4015070392E+000  -6.4966867667E-003
  -3.2468930829E+000  -7.5166321272E-003
  -3.0922791265E+000  -8.1740207018E-003
  -2.9376651702E+000  -8.4768937248E-003
  -2.7830512139E+000  -8.5414452162E-003
  -2.6284372576E+000  -8.3959185845E-003
  -2.4738233012E+000  -7.9302490468E-003
  -2.3192093449E+000  -7.0858189646E-003
  -2.1645953886E+000  -5.9524170717E-003
  -2.0099814323E+000  -4.6854480222E-003
  -1.8553674759E+000  -3.4130846274E-003
  -1.7007535196E+000  -2.2088053125E-003
  -1.5461395633E+000  -1.1039716604E-003
  -1.3915256069E+000  -1.0761776857E-004
  -1.2369116506E+000   7.7996400962E-004
  -1.0822976943E+000   1.5607668083E-003
  -9.2768373796E-001   2.2368409043E-003
  -7.7306978164E-001   2.8098393576E-003
  -6.1845582531E-001   3.2810530493E-003
  -4.6384186898E-001   3.6515038894E-003
  -3.0922791265E-001   3.9219806306E-003
  -1.5461395633E-001   4.0930385310E-003
   0.0000000000E+000   4.1649741442E-003
   1.5461395633E-001   4.1378079477E-003
   3.0922791265E-001   4.0112742811E-003
   4.6384186898E-001   3.7848339034E-003
   6.1845582531E-001   3.4576940112E-003
   7.7306978164E-001   3.0288363595E-003
   9.2768373796E-001   2.4970208120E-003
   1.0822976943E+000   1.8607529961E-003
   1.2369116506E+000   1.1181946792E-003
   1.3915256069E+000   2.6713223497E-004
   1.5461395633E+000  -6.9456583016E-004
   1.7007535196E+000  -1.7667181472E-003
   1.8553674759E+000  -2.9403735977E-003
   2.0099814323E+000  -4.1842284742E-003
   2.1645953886E+000  -5.4248458746E-003
   2.3192093449E+000  -6.5340948125E-003
   2.4738233012E+000  -7.3566390898E-003
   2.6284372576E+000  -7.8028160320E-003
   2.7830512139E+000  -7.9314237785E-003
   2.9376651702E+000  -7.8526683956E-003
   3.0922791265E+000  -7.5382953231E-003
   3.2468930829E+000  -6.8719788845E-003
   3.4015070392E+000  -5.8455554845E-003
   3.5561209955E+000  -4.5840776156E-003
   3.7107349518E+000  -3.2414069164E-003
   3.8653489082E+000  -1.9281233601E-003
   4.0199628645E+000  -7.0184311861E-004
   4.1745768208E+000   4.1511477547E-004
   4.3291907772E+000   1.4173702737E-003
   4.4838047335E+000   2.3055015462E-003
   4.6384186898E+000   3.0813438595E-003
   4.7930326461E+000   3.7465652610E-003
   4.9476466025E+000   4.3024634057E-003
   5.1022605588E+000   4.7500436295E-003
   5.2568745151E+000   5.0900939867E-003
   5.4114884714E+000   5.3232044607E-003
   5.5661024278E+000   5.4497540575E-003
   5.7207163841E+000   5.4698849311E-003
   5.8753303404E+000   5.3834864977E-003
   6.0299442968E+000   5.1901928409E-003
   6.1845582531E+000   4.8894004833E-003
   6.3391722094E+000   4.4802943559E-003
   6.4937861657E+000   3.9618742581E-003
   6.6484001221E+000   3.3329515360E-003
   6.8030140784E+000   2.5921007794E-003
   6.9576280347E+000   1.7375703244E-003
   7.1122419910E+000   7.6733916335E-004
   7.2668559474E+000  -3.2003082589E-004
   7.4214699037E+000  -1.5220875176E-003
   7.5760838600E+000  -2.8239246359E-003
   7.7306978164E+000  -4.1820440868E-003
   7.8853117727E+000  -5.5045773412E-003
   8.0399257290E+000  -6.6476746946E-003
   8.1945396853E+000  -7.4645556032E-003
   8.3491536417E+000  -7.9113816192E-003
   8.5037675980E+000  -8.0857103612E-003
   8.6583815543E+000  -8.0658736050E-003
   8.8129955106E+000  -7.7730472061E-003
   8.9676094670E+000  -7.1091697661E-003
   9.1222234233E+000  -6.1175588045E-003
   9.2768373796E+000  -4.9444574014E-003
   9.4314513359E+000  -3.7331658850E-003
   9.5860652923E+000  -2.5749980784E-003
   9.7406792486E+000  -1.5128991941E-003
   9.8952932049E+000  -5.6123118631E-004
   1.0049907161E+001   2.7808366414E-004
   1.0204521118E+001   1.0069936601E-003
   1.0359135074E+001   1.6280056825E-003
   1.0513749030E+001   2.1433288044E-003
   1.0668362987E+001   2.5548137657E-003
   1.0822976943E+001   2.8640394541E-003
   1.0977590899E+001   3.0723587713E-003
   1.1132204856E+001   3.1808999909E-003
   1.1286818812E+001   3.1905386332E-003
   1.1441432768E+001   3.1018699366E-003
   1.1596046725E+001   2.9151894560E-003
   1.1750660681E+001   2.6304938279E-003
   1.1905274637E+001   2.2474945726E-003
   1.2059888594E+001   1.7656416708E-003
   1.2214502550E+001   1.1841341057E-003
   1.2369116506E+001   5.0189845667E-004
   1.2523730462E+001  -2.8248790125E-004
   1.2678344419E+001  -1.1708759927E-003
   1.2832958375E+001  -2.1653424631E-003
   1.2987572331E+001  -3.2667648422E-003
   1.3142186288E+001  -4.4701187115E-003
   1.3296800244E+001  -5.7534925963E-003
   1.3451414200E+001  -7.0597208475E-003
   1.3606028157E+001  -8.2787025325E-003
   1.3760642113E+001  -9.2570659452E-003
   1.3915256069E+001  -9.8702419005E-003
   1.4069870026E+001  -1.0126851088E-002
   1.4224483982E+001  -1.0143622775E-002
   1.4379097938E+001  -9.9491417662E-003
   1.4533711895E+001  -9.4334824984E-003
   1.4688325851E+001  -8.5381328552E-003
   1.4842939807E+001  -7.3530807748E-003
   1.4997553764E+001  -6.0340300123E-003
   1.5152167720E+001  -4.7095161325E-003
   1.5306781676E+001  -3.4534132709E-003
   1.5461395633E+001  -2.2974898923E-003
   1.5616009589E+001  -1.2511821314E-003
   1.5770623545E+001  -3.1516780894E-004
   1.5925237502E+001   5.1218613940E-004
   1.6079851458E+001   1.2326024303E-003
   1.6234465414E+001   1.8474450760E-003
   1.6389079371E+001   2.3577594192E-003
   1.6543693327E+001   2.7643692720E-003
   1.6698307283E+001   3.0679155409E-003
   1.6852921240E+001   3.2688576166E-003
   1.7007535196E+001   3.3674488710E-003
   1.7162149152E+001   3.3637190463E-003
   1.7316763109E+001   3.2574630319E-003
   1.7471377065E+001   3.0482513236E-003
   1.7625991021E+001   2.7354469395E-003
   1.7780604978E+001   2.3182293669E-003
   1.7935218934E+001   1.7955928211E-003
   1.8089832890E+001   1.1663075411E-003
   1.8244446847E+001   4.2882290772E-004
   1.8399060803E+001  -4.1877191643E-004
   1.8553674759E+001  -1.3782984240E-003
   1.8708288716E+001  -2.4492656235E-003
   1.8862902672E+001  -3.6224198353E-003
   1.9017516628E+001  -4.8661670097E-003
   1.9172130585E+001  -6.1067951078E-003
   1.9326744541E+001  -7.2159139022E-003
   1.9481358497E+001  -8.0379442679E-003
   1.9635972454E+001  -8.4830020746E-003
   1.9790586410E+001  -8.6096955839E-003
   1.9945200366E+001  -8.5280724974E-003
   2.0099814323E+001  -8.2097351760E-003
   2.0254428279E+001  -7.5382194566E-003
   2.0409042235E+001  -6.5052263701E-003
   2.0563656191E+001  -5.2356719671E-003
   2.0718270148E+001  -3.8832783507E-003
   2.0872884104E+001  -2.5584875881E-003
   2.1027498060E+001  -1.3187869209E-003
   2.1182112017E+001  -1.8638079773E-004
   2.1336725973E+001   8.3344929581E-004
   2.1491339929E+001   1.7413656398E-003
   2.1645953886E+001   2.5392768227E-003
   2.1800567842E+001   3.2289182279E-003
   2.1955181798E+001   3.8116541665E-003
   2.2109795755E+001   4.2885612945E-003
   2.2264409711E+001   4.6605086202E-003
   2.2419023667E+001   4.9281809268E-003
   2.2573637624E+001   5.0920689808E-003
   2.2728251580E+001   5.1524454028E-003
   2.2882865536E+001   5.1093489388E-003
   2.3037479493E+001   4.9625802712E-003
   2.3192093449E+001   4.7117163218E-003
   2.3346707405E+001   4.3561308336E-003
   2.3501321362E+001   3.8950135919E-003
   2.3655935318E+001   3.3273582514E-003
   2.3810549274E+001   2.6519039958E-003
   2.3965163231E+001   1.8670354251E-003
   2.4119777187E+001   9.7082898584E-004
   2.4274391143E+001  -3.8104273290E-005
   2.4429005100E+001  -1.1573184643E-003
   2.4583619056E+001  -2.3719712763E-003
   2.4738233012E+001  -3.6386800335E-003
   2.4892846969E+001  -4.8657243523E-003
   2.5047460925E+001  -5.9094023972E-003
   2.5202074881E+001  -6.6230362050E-003
   2.5356688838E+001  -6.9628102519E-003
   2.5511302794E+001  -7.0262731106E-003
   2.5665916750E+001  -6.8918803655E-003
   2.5820530707E+001  -6.4811762563E-003
   2.5975144663E+001  -5.6966120259E-003
   2.6129758619E+001  -4.5820029995E-003
   2.6284372576E+001  -3.2840269251E-003
   2.6438986532E+001  -1.9463854111E-003
   2.6593600488E+001  -6.6079860642E-004
   2.6748214445E+001   5.2935104585E-004
   2.6902828401E+001   1.6092214573E-003
   2.7057442357E+001   2.5763669409E-003
   2.7212056314E+001   3.4321766141E-003
   2.7366670270E+001   4.1785741464E-003
   2.7521284226E+001   4.8171749834E-003
   2.7675898183E+001   5.3492398928E-003
   2.7830512139E+001   5.7757750494E-003
   2.7985126095E+001   6.0975903417E-003
   2.8139740052E+001   6.3153115070E-003
   2.8294354008E+001   6.4293608659E-003
   2.8448967964E+001   6.4399366912E-003
   2.8603581920E+001   6.3469988495E-003
   2.8758195877E+001   6.1502729294E-003
   2.8912809833E+001   5.8492659052E-003
   2.9067423789E+001   5.4432901976E-003
   2.9222037746E+001   4.9314733956E-003
   2.9376651702E+001   4.3127347651E-003
   2.9531265658E+001   3.5857051766E-003
   2.9685879615E+001   2.7486436295E-003
   2.9840493571E+001   1.7996350752E-003
   2.9995107527E+001   7.3800990388E-004
   3.0149721484E+001  -4.3095859561E-004
   3.0304335440E+001  -1.6850750039E-003
   3.0458949396E+001  -2.9668618799E-003
   3.0613563353E+001  -4.1658876599E-003
   3.0768177309E+001  -5.1284414000E-003
   3.0922791265E+001  -5.7296189223E-003
   3.1077405222E+001  -5.9777322175E-003
   3.1232019178E+001  -5.9892608103E-003
   3.1386633134E+001  -5.7926217979E-003
   3.1541247091E+001  -5.2777922912E-003
   3.1695861047E+001  -4.3861941527E-003
   3.1850475003E+001  -3.2077460956E-003
   3.2005088960E+001  -1.8980655382E-003
   3.2159702916E+001  -5.8558430850E-004
   3.2314316872E+001   6.5594090197E-004
   3.2468930829E+001   1.7948685277E-003
   3.2623544785E+001   2.8218946088E-003
   3.2778158741E+001   3.7364751131E-003
   3.2932772698E+001   4.5403756822E-003
   3.3087386654E+001   5.2354484097E-003
   3.3242000610E+001   5.8231821671E-003
   3.3396614567E+001   6.3047418074E-003
   3.3551228523E+001   6.6810648317E-003
   3.3705842479E+001   6.9528998151E-003
   3.3860456436E+001   7.1208078112E-003
