  -3.4015070392E+001   2.3832529309E-002
  -3.3860456436E+001   2.3709718621E-002
  -3.3705842479E+001   2.3483324974E-002
  -3.3551228523E+001   2.3152999413E-002
  -3.3396614567E+001   2.2718181160E-002
  -3.3242000610E+001   2.2178121934E-002
  -3.3087386654E+001   2.1531884552E-002
  -3.2932772698E+001   2.0778304496E-002
  -3.2778158741E+001   1.9915893252E-002
  -3.2623544785E+001   1.8942799099E-002
  -3.2468930829E+001   1.7857256786E-002
  -3.2314316872E+001   1.6659810749E-002
  -3.2159702916E+001   1.5359765368E-002
  -3.2005088960E+001   1.3988762636E-002
  -3.1850475003E+001   1.2620559682E-002
  -3.1695861047E+001   1.1383588778E-002
  -3.1541247091E+001   1.0433467792E-002
  -3.1386633134E+001   9.8601158895E-003
  -3.1232019178E+001   9.6049553905E-003
  -3.1077405222E+001   9.5579638581E-003
  -3.0922791265E+001   9.7475588250E-003
  -3.0768177309E+001   1.0290220237E-002
  -3.0613563353E+001   1.1194260500E-002
  -3.0458949396E+001   1.2334775855E-002
  -3.0304335440E+001   1.3558055769E-002
  -3.0149721484E+001   1.4753669090E-002
  -2.9995107527E+001   1.5864138784E-002
  -2.9840493571E+001   1.6867269835E-002
  -2.9685879615E+001   1.7757789356E-002
  -2.9531265658E+001   1.8536367355E-002
  -2.9376651702E+001   1.9204919279E-002
  -2.9222037746E+001   1.9765186521E-002
  -2.9067423789E+001   2.0218538603E-002
  -2.8912809833E+001   2.0566056647E-002
  -2.8758195877E+001   2.0808613450E-002
  -2.8603581920E+001   2.0946896969E-002
  -2.8448967964E+001   2.0981400607E-002
  -2.8294354008E+001   2.0912399142E-002
  -2.8139740052E+001   2.0739933070E-002
  -2.7985126095E+001   2.0463804472E-002
  -2.7830512139E+001   2.0083591371E-002
  -2.7675898183E+001   1.9598668364E-002
  -2.7521284226E+001   1.9008225882E-002
  -2.7366670270E+001   1.8311258058E-002
  -2.7212056314E+001   1.7506504417E-002
  -2.7057442357E+001   1.6592349788E-002
  -2.6902828401E+001   1.5566870758E-002
  -2.6748214445E+001   1.4428678444E-002
  -2.6593600488E+001   1.3180218749E-002
  -2.6438986532E+001   1.1836333947E-002
  -2.6284372576E+001   1.0440406645E-002
  -2.6129758619E+001   9.0841571225E-003
  -2.5975144663E+001   7.9112870873E-003
  -2.5820530707E+001   7.0684743539E-003
  -2.5665916750E+001   6.5995342795E-003
  -2.5511302794E+001   6.4069181008E-003
  -2.5356688838E+001   6.4121700011E-003
  -2.5202074881E+001   6.6937454465E-003
  -2.5047460925E+001   7.3491928345E-003
  -2.4892846969E+001   8.3346964142E-003
  -2.4738233012E+001   9.5035779415E-003
  -2.4583619056E+001   1.0712135238E-002
  -2.4429005100E+001   1.1868647507E-002
  -2.4274391143E+001   1.2929731580E-002
  -2.4119777187E+001   1.3880544565E-002
  -2.3965163231E+001   1.4718639888E-002
  -2.3810549274E+001   1.5445405690E-002
  -2.3655935318E+001   1.6062764572E-002
  -2.3501321362E+001   1.6572330807E-002
  -2.3346707405E+001   1.6975363883E-002
  -2.3192093449E+001   1.7272868572E-002
  -2.3037479493E+001   1.7465653229E-002
  -2.2882865536E+001   1.7554341913E-002
  -2.2728251580E+001   1.7539355105E-002
  -2.2573637624E+001   1.7420889060E-002
  -2.2419023667E+001   1.7198901432E-002
  -2.2264409711E+001   1.6873115380E-002
  -2.2109795755E+001   1.6443035214E-002
  -2.1955181798E+001   1.5907970432E-002
  -2.1800567842E+001   1.5267045430E-002
  -2.1645953886E+001   1.4519175992E-002
  -2.1491339929E+001   1.3662989208E-002
  -2.1336725973E+001   1.2696739998E-002
  -2.1182112017E+001   1.1618508946E-002
  -2.1027498060E+001   1.0427621810E-002
  -2.0872884104E+001   9.1293470289E-003
  -2.0718270148E+001   7.7458750286E-003
  -2.0563656191E+001   6.3346782125E-003
  -2.0409042235E+001   5.0061831759E-003
  -2.0254428279E+001   3.9140960851E-003
  -2.0099814323E+001   3.1833166104E-003
  -1.9945200366E+001   2.8055283721E-003
  -1.9790586410E+001   2.6642469137E-003
  -1.9635972454E+001   2.7310486105E-003
  -1.9481358497E+001   3.1159475475E-003
  -1.9326744541E+001   3.8775110337E-003
  -1.9172130585E+001   4.9258083112E-003
  -1.9017516628E+001   6.1052094100E-003
  -1.8862902672E+001   7.2872699139E-003
  -1.8708288716E+001   8.3982208983E-003
  -1.8553674759E+001   9.4064093139E-003
  -1.8399060803E+001   1.0302520843E-002
  -1.8244446847E+001   1.1086002582E-002
  -1.8089832890E+001   1.1758613155E-002
  -1.7935218934E+001   1.2322199887E-002
  -1.7780604978E+001   1.2778249553E-002
  -1.7625991021E+001   1.3127928026E-002
  -1.7471377065E+001   1.3372177397E-002
  -1.7316763109E+001   1.3511754853E-002
  -1.7162149152E+001   1.3547234541E-002
  -1.7007535196E+001   1.3478983681E-002
  -1.6852921240E+001   1.3307145684E-002
  -1.6698307283E+001   1.3031629704E-002
  -1.6543693327E+001   1.2652121870E-002
  -1.6389079371E+001   1.2168102926E-002
  -1.6234465414E+001   1.1578872793E-002
  -1.6079851458E+001   1.0883549295E-002
  -1.5925237502E+001   1.0081029735E-002
  -1.5770623545E+001   9.1698940591E-003
  -1.5616009589E+001   8.1483652875E-003
  -1.5461395633E+001   7.0147585794E-003
  -1.5306781676E+001   5.7697035237E-003
  -1.5152167720E+001   4.4225930964E-003
  -1.4997553764E+001   3.0051597050E-003
  -1.4842939807E+001   1.5912509437E-003
  -1.4688325851E+001   3.0938806171E-004
  -1.4533711895E+001  -6.8472440310E-004
  -1.4379097938E+001  -1.3010817396E-003
  -1.4224483982E+001  -1.5981711956E-003
  -1.4069870026E+001  -1.6859074331E-003
  -1.3915256069E+001  -1.5357344023E-003
  -1.3760642113E+001  -1.0309986669E-003
  -1.3606028157E+001  -1.6318683546E-004
  -1.3451414200E+001   9.4301402129E-004
  -1.3296800244E+001   2.1341160427E-003
  -1.3142186288E+001   3.2999093367E-003
  -1.2987572331E+001   4.3831303287E-003
  -1.2832958375E+001   5.3617840842E-003
  -1.2678344419E+001   6.2307797566E-003
  -1.2523730462E+001   6.9909473330E-003
  -1.2369116506E+001   7.6443364410E-003
  -1.2214502550E+001   8.1927933027E-003
  -1.2059888594E+001   8.6377596322E-003
  -1.1905274637E+001   8.9803532848E-003
  -1.1750660681E+001   9.2214460913E-003
  -1.1596046725E+001   9.3616857573E-003
  -1.1441432768E+001   9.4014852054E-003
  -1.1286818812E+001   9.3409982309E-003
  -1.1132204856E+001   9.1801042261E-003
  -1.0977590899E+001   8.9184051728E-003
  -1.0822976943E+001   8.5552419538E-003
  -1.0668362987E+001   8.0897179072E-003
  -1.0513749030E+001   7.5207221055E-003
  -1.0359135074E+001   6.8469223961E-003
  -1.0204521118E+001   6.0667133749E-003
  -1.0049907161E+001   5.1781234597E-003
  -9.8952932049E+000   4.1788689685E-003
  -9.7406792486E+000   3.0672044819E-003
  -9.5860652923E+000   1.8452301678E-003
  -9.4314513359E+000   5.2745960738E-004
  -9.2768373796E+000  -8.4303110456E-004
  -9.1222234233E+000  -2.1748021263E-003
  -8.9676094670E+000  -3.3244026249E-003
  -8.8129955106E+000  -4.1453681618E-003
  -8.6583815543E+000  -4.5940416363E-003
  -8.5037675980E+000  -4.7680657244E-003
  -8.3491536417E+000  -4.7459593995E-003
  -8.1945396853E+000  -4.4493440207E-003
  -8.0399257290E+000  -3.7807571711E-003
  -7.8853117727E+000  -2.7840880415E-003
  -7.7306978164E+000  -1.6060746121E-003
  -7.5760838600E+000  -3.9046833456E-004
  -7.4214699037E+000   7.7097553982E-004
  -7.2668559474E+000   1.8348617607E-003
  -7.1122419910E+000   2.7863632482E-003
  -6.9576280347E+000   3.6230790321E-003
  -6.8030140784E+000   4.3464715424E-003
  -6.6484001221E+000   4.9585633491E-003
  -6.4937861657E+000   5.4610903228E-003
  -6.3391722094E+000   5.8554505869E-003
  -6.1845582531E+000   6.1427998536E-003
  -6.0299442968E+000   6.3241051516E-003
  -5.8753303404E+000   6.4001528208E-003
  -5.7207163841E+000   6.3715257384E-003
  -5.5661024278E+000   6.2385799056E-003
  -5.4114884714E+000   6.0014280533E-003
  -5.2568745151E+000   5.6599424337E-003
  -5.1022605588E+000   5.2137697701E-003
  -4.9476466025E+000   4.6623551319E-003
  -4.7930326461E+000   4.0049519068E-003
  -4.6384186898E+000   3.2405988991E-003
  -4.4838047335E+000   2.3680410916E-003
  -4.3291907772E+000   1.3856471345E-003
  -4.1745768208E+000   2.9160815134E-004
  -4.0199628645E+000  -9.1464183502E-004
  -3.8653489082E+000  -2.2277273589E-003
  -3.7107349518E+000  -3.6253504071E-003
  -3.5561209955E+000  -5.0499266578E-003
  -3.4015070392E+000  -6.3909057358E-003
  -3.2468930829E+000  -7.4944309154E-003
  -3.0922791265E+000  -8.2353988351E-003
  -2.9376651702E+000  -8.6218507422E-003
  -2.7830512139E+000  -8.7699806826E-003
  -2.6284372576E+000  -8.7080319871E-003
  -2.4738233012E+000  -8.3259396747E-003
  -2.3192093449E+000  -7.5650859060E-003
  -2.1645953886E+000  -6.5152593058E-003
  -2.0099814323E+000  -5.3318645159E-003
  -1.8553674759E+000  -4.1430744003E-003
  -1.7007535196E+000  -3.0223674725E-003
  -1.5461395633E+000  -2.0011054188E-003
  -1.3915256069E+000  -1.0883224422E-003
  -1.2369116506E+000  -2.8431099651E-004
  -1.0822976943E+000   4.1292195987E-004
  -9.2768373796E-001   1.0054266210E-003
  -7.7306978164E-001   1.4948559736E-003
  -6.1845582531E-001   1.8825008355E-003
  -4.6384186898E-001   2.1693830632E-003
  -3.0922791265E-001   2.3562913646E-003
  -1.5461395633E-001   2.4437809624E-003
   0.0000000000E+000   2.4321483833E-003
   1.5461395633E-001   2.3214140875E-003
   3.0922791265E-001   2.1113124060E-003
   4.6384186898E-001   1.8013040985E-003
   6.1845582531E-001   1.3905963712E-003
   7.7306978164E-001   8.7817099721E-004
   9.2768373796E-001   2.6278786574E-004
   1.0822976943E+000  -4.5704736455E-004
   1.2369116506E+000  -1.2831728917E-003
   1.3915256069E+000  -2.2178023057E-003
   1.5461395633E+000  -3.2630670651E-003
   1.7007535196E+000  -4.4187857686E-003
   1.8553674759E+000  -5.6760072701E-003
   2.0099814323E+000  -7.0034278376E-003
   2.1645953886E+000  -8.3276105453E-003
   2.3192093449E+000  -9.5204243776E-003
   2.4738233012E+000  -1.0426533092E-002
   2.6284372576E+000  -1.0956273945E-002
   2.7830512139E+000  -1.1168444990E-002
   2.9376651702E+000  -1.1173252246E-002
   3.0922791265E+000  -1.0942441190E-002
   3.2468930829E+000  -1.0359686241E-002
   3.4015070392E+000  -9.4168238762E-003
   3.5561209955E+000  -8.2389065987E-003
   3.7107349518E+000  -6.9797959977E-003
   3.8653489082E+000  -5.7500719561E-003
   4.0199628645E+000  -4.6073505309E-003
   4.1745768208E+000  -3.5739506282E-003
   4.3291907772E+000  -2.6552521679E-003
   4.4838047335E+000  -1.8506768548E-003
   4.6384186898E+000  -1.1583893051E-003
   4.7930326461E+000  -5.7672136386E-004
   4.9476466025E+000  -1.0437527941E-004
   5.1022605588E+000   2.5965436927E-004
   5.2568745151E+000   5.1615571005E-004
   5.4114884714E+000   6.6571878862E-004
   5.5661024278E+000   7.0872266245E-004
   5.7207163841E+000   6.4530952685E-004
   5.8753303404E+000   4.7536882903E-004
   6.0299442968E+000   1.9853467458E-004
   6.1845582531E+000  -1.8579640099E-004
   6.3391722094E+000  -6.7843946157E-004
   6.4937861657E+000  -1.2803947089E-003
   6.6484001221E+000  -1.9928508025E-003
   6.8030140784E+000  -2.8172331595E-003
   6.9576280347E+000  -3.7552934488E-003
   7.1122419910E+000  -4.8090526768E-003
   7.2668559474E+000  -5.9799489554E-003
   7.4214699037E+000  -7.2655301355E-003
   7.5760838600E+000  -8.6508899037E-003
   7.7306978164E+000  -1.0092530117E-002
   7.8853117727E+000  -1.1498582191E-002
   8.0399257290E+000  -1.2725196378E-002
   8.1945396853E+000  -1.3625592120E-002
   8.3491536417E+000  -1.4155931008E-002
   8.5037675980E+000  -1.4413770720E-002
   8.6583815543E+000  -1.4477443018E-002
   8.8129955106E+000  -1.4268123628E-002
   8.9676094670E+000  -1.3687750983E-002
   9.1222234233E+000  -1.2779642505E-002
   9.2768373796E+000  -1.1690041280E-002
   9.4314513359E+000  -1.0562247714E-002
   9.5860652923E+000  -9.4875757539E-003
   9.7406792486E+000  -8.5089707537E-003
   9.8952932049E+000  -7.6407948098E-003
   1.0049907161E+001  -6.8849703348E-003
   1.0204521118E+001  -6.2395491423E-003
   1.0359135074E+001  -5.7020244490E-003
   1.0513749030E+001  -5.2701872594E-003
   1.0668362987E+001  -4.9421868916E-003
   1.0822976943E+001  -4.7164444971E-003
   1.0977590899E+001  -4.5916071958E-003
   1.1132204856E+001  -4.5665467197E-003
   1.1286818812E+001  -4.6403875394E-003
   1.1441432768E+001  -4.8125343943E-003
   1.1596046725E+001  -5.0826916945E-003
   1.1750660681E+001  -5.4508627565E-003
   1.1905274637E+001  -5.9173360009E-003
   1.2059888594E+001  -6.4826613752E-003
   1.2214502550E+001  -7.1476398117E-003
   1.2369116506E+001  -7.9133446334E-003
   1.2523730462E+001  -8.7811983541E-003
   1.2678344419E+001  -9.7530518739E-003
   1.2832958375E+001  -1.0830981701E-002
   1.2987572331E+001  -1.2015865215E-002
   1.3142186288E+001  -1.3302677839E-002
   1.3296800244E+001  -1.4669507929E-002
   1.3451414200E+001  -1.6059189666E-002
   1.3606028157E+001  -1.7361621944E-002
   1.3760642113E+001  -1.8423432897E-002
   1.3915256069E+001  -1.9120053192E-002
   1.4069870026E+001  -1.9460103396E-002
   1.4224483982E+001  -1.9560312701E-002
   1.4379097938E+001  -1.9449265901E-002
   1.4533711895E+001  -1.9017037485E-002
   1.4688325851E+001  -1.8205115420E-002
   1.4842939807E+001  -1.7103487732E-002
   1.4997553764E+001  -1.5867858258E-002
   1.5152167720E+001  -1.4626762639E-002
   1.5306781676E+001  -1.3454075083E-002
   1.5461395633E+001  -1.2381564120E-002
   1.5616009589E+001  -1.1418665952E-002
   1.5770623545E+001  -1.0566058465E-002
   1.5925237502E+001  -9.8221086659E-003
   1.6079851458E+001  -9.1850939159E-003
   1.6234465414E+001  -8.6536502885E-003
   1.6389079371E+001  -8.2267325379E-003
   1.6543693327E+001  -7.9035169615E-003
   1.6698307283E+001  -7.6833627750E-003
   1.6852921240E+001  -7.5658107242E-003
   1.7007535196E+001  -7.5506075873E-003
   1.7162149152E+001  -7.6377237858E-003
   1.7316763109E+001  -7.8273646071E-003
   1.7471377065E+001  -8.1199597445E-003
   1.7625991021E+001  -8.5161463799E-003
   1.7780604978E+001  -9.0167452367E-003
   1.7935218934E+001  -9.6227623183E-003
   1.8089832890E+001  -1.0335427612E-002
   1.8244446847E+001  -1.1156291969E-002
   1.8399060803E+001  -1.2087266464E-002
   1.8553674759E+001  -1.3130172826E-002
   1.8708288716E+001  -1.4284520304E-002
   1.8862902672E+001  -1.5541055459E-002
   1.9017516628E+001  -1.6868184479E-002
   1.9172130585E+001  -1.8192195562E-002
   1.9326744541E+001  -1.9384698715E-002
   1.9481358497E+001  -2.0290115041E-002
   1.9635972454E+001  -2.0818560634E-002
   1.9790586410E+001  -2.1028643970E-002
   1.9945200366E+001  -2.1030412959E-002
   2.0099814323E+001  -2.0795470182E-002
   2.0254428279E+001  -2.0207351693E-002
   2.0409042235E+001  -1.9257758732E-002
   2.0563656191E+001  -1.8071607541E-002
   2.0718270148E+001  -1.6802620398E-002
   2.0872884104E+001  -1.5561239528E-002
   2.1027498060E+001  -1.4404952310E-002
   2.1182112017E+001  -1.3355963310E-002
   2.1336725973E+001  -1.2419554112E-002
   2.1491339929E+001  -1.1595062505E-002
   2.1645953886E+001  -1.0880579952E-002
   2.1800567842E+001  -1.0274371092E-002
   2.1955181798E+001  -9.7750716146E-003
   2.2109795755E+001  -9.3816048382E-003
   2.2264409711E+001  -9.0931017069E-003
   2.2419023667E+001  -8.9088773664E-003
   2.2573637624E+001  -8.8284409573E-003
   2.2728251580E+001  -8.8515197454E-003
   2.2882865536E+001  -8.9780748519E-003
   2.3037479493E+001  -9.2083054435E-003
   2.3192093449E+001  -9.5426344322E-003
   2.3346707405E+001  -9.9816878949E-003
   2.3501321362E+001  -1.0526275854E-002
   2.3655935318E+001  -1.1177404455E-002
   2.3810549274E+001  -1.1936334307E-002
   2.3965163231E+001  -1.2804680596E-002
   2.4119777187E+001  -1.3784366663E-002
   2.4274391143E+001  -1.4876781247E-002
   2.4429005100E+001  -1.6079478249E-002
   2.4583619056E+001  -1.7377615157E-002
   2.4738233012E+001  -1.8727809100E-002
   2.4892846969E+001  -2.0038339515E-002
   2.5047460925E+001  -2.1165504401E-002
   2.5202074881E+001  -2.1962625644E-002
   2.5356688838E+001  -2.2385887589E-002
   2.5511302794E+001  -2.2532838694E-002
   2.5665916750E+001  -2.2481934464E-002
   2.5820530707E+001  -2.2154719092E-002
   2.5975144663E+001  -2.1453643812E-002
   2.6129758619E+001  -2.0422523959E-002
   2.6284372576E+001  -1.9208037310E-002
   2.6438986532E+001  -1.7953885526E-002
   2.6593600488E+001  -1.6751788828E-002
   2.6748214445E+001  -1.5645129750E-002
   2.6902828401E+001  -1.4648750489E-002
   2.7057442357E+001  -1.3765096856E-002
   2.7212056314E+001  -1.2992779872E-002
   2.7366670270E+001  -1.2329876016E-002
   2.7521284226E+001  -1.1774770003E-002
   2.7675898183E+001  -1.1326201232E-002
   2.7830512139E+001  -1.0983163705E-002
   2.7985126095E+001  -1.0744847713E-002
   2.8139740052E+001  -1.0610627704E-002
   2.8294354008E+001  -1.0580081546E-002
   2.8448967964E+001  -1.0653011155E-002
   2.8603581920E+001  -1.0829456853E-002
   2.8758195877E+001  -1.1109693239E-002
   2.8912809833E+001  -1.1494213525E-002
   2.9067423789E+001  -1.1983705473E-002
   2.9222037746E+001  -1.2579041674E-002
   2.9376651702E+001  -1.3281303036E-002
   2.9531265658E+001  -1.4091858860E-002
   2.9685879615E+001  -1.5012450310E-002
   2.9840493571E+001  -1.6044992594E-002
   2.9995107527E+001  -1.7190155476E-002
   3.0149721484E+001  -1.8442665814E-002
   3.0304335440E+001  -1.9780328330E-002
   3.0458949396E+001  -2.1145665721E-002
   3.0613563353E+001  -2.2428246556E-002
   3.0768177309E+001  -2.3474360020E-002
   3.0922791265E+001  -2.4159102059E-002
   3.1077405222E+001  -2.4490784780E-002
   3.1232019178E+001  -2.4585887821E-002
   3.1386633134E+001  -2.4472828401E-002
   3.1541247091E+001  -2.4041583762E-002
   3.1695861047E+001  -2.3233575898E-002
   3.1850475003E+001  -2.2138723640E-002
   3.2005088960E+001  -2.0912644516E-002
   3.2159702916E+001  -1.9683770453E-002
   3.2314316872E+001  -1.8525858229E-002
   3.2468930829E+001  -1.7470549483E-002
   3.2623544785E+001  -1.6527148233E-002
   3.2778158741E+001  -1.5696198552E-002
   3.2932772698E+001  -1.4975934818E-002
   3.3087386654E+001  -1.4364504941E-002
   3.3242000610E+001  -1.3860420029E-002
   3.3396614567E+001  -1.3462515188E-002
   3.3551228523E+001  -1.3169852853E-002
   3.3705842479E+001  -1.2981684364E-002
   3.3860456436E+001  -1.2897448557E-002
