  -3.4015070392E+001   2.3832529309E-002
  -3.3860456436E+001   2.3709978155E-002
  -3.3705842479E+001   2.3483849593E-002
  -3.3551228523E+001   2.3153794444E-002
  -3.3396614567E+001   2.2719251688E-002
  -3.3242000610E+001   2.2179472782E-002
  -3.3087386654E+001   2.1533520264E-002
  -3.2932772698E+001   2.0780229320E-002
  -3.2778158741E+001   1.9918111121E-002
  -3.2623544785E+001   1.8945313619E-002
  -3.2468930829E+001   1.7860071221E-002
  -3.2314316872E+001   1.6662928009E-002
  -3.2159702916E+001   1.5363187997E-002
  -3.2005088960E+001   1.3992492805E-002
  -3.1850475003E+001   1.2624599183E-002
  -3.1695861047E+001   1.1387939018E-002
  -3.1541247091E+001   1.0438129790E-002
  -3.1386633134E+001   9.8650902730E-003
  -3.1232019178E+001   9.6102423940E-003
  -3.1077405222E+001   9.5635633268E-003
  -3.0922791265E+001   9.7534702294E-003
  -3.0768177309E+001   1.0296442685E-002
  -3.0613563353E+001   1.1200792744E-002
  -3.0458949396E+001   1.2341616289E-002
  -3.0304335440E+001   1.3565202437E-002
  -3.0149721484E+001   1.4761119689E-002
  -2.9995107527E+001   1.5871890667E-002
  -2.9840493571E+001   1.6875320019E-002
  -2.9685879615E+001   1.7766134526E-002
  -2.9531265658E+001   1.8545003868E-002
  -2.9376651702E+001   1.9213843166E-002
  -2.9222037746E+001   1.9774393496E-002
  -2.9067423789E+001   2.0228024065E-002
  -2.8912809833E+001   2.0575815686E-002
  -2.8758195877E+001   2.0818640849E-002
  -2.8603581920E+001   2.0957187217E-002
  -2.8448967964E+001   2.0991947898E-002
  -2.8294354008E+001   2.0923197386E-002
  -2.8139740052E+001   2.0750975900E-002
  -2.7985126095E+001   2.0475085249E-002
  -2.7830512139E+001   2.0095103198E-002
  -2.7675898183E+001   1.9610404090E-002
  -2.7521284226E+001   1.9020178120E-002
  -2.7366670270E+001   1.8323419189E-002
  -2.7212056314E+001   1.7518866608E-002
  -2.7057442357E+001   1.6604905001E-002
  -2.6902828401E+001   1.5579610770E-002
  -2.6748214445E+001   1.4441594860E-002
  -2.6593600488E+001   1.3193303015E-002
  -2.6438986532E+001   1.1849577375E-002
  -2.6284372576E+001   1.0453800426E-002
  -2.6129758619E+001   9.0976923522E-003
  -2.5975144663E+001   7.9249547844E-003
  -2.5820530707E+001   7.0822654827E-003
  -2.5665916750E+001   6.6134397701E-003
  -2.5511302794E+001   6.4209288704E-003
  -2.5356688838E+001   6.4262769829E-003
  -2.5202074881E+001   6.7079396256E-003
  -2.5047460925E+001   7.3634652756E-003
  -2.4892846969E+001   8.3490382815E-003
  -2.4738233012E+001   9.5179805158E-003
  -2.4583619056E+001   1.0726589934E-002
  -2.4429005100E+001   1.1883145890E-002
  -2.4274391143E+001   1.2944265384E-002
  -2.4119777187E+001   1.3895105700E-002
  -2.3965163231E+001   1.4733220454E-002
  -2.3810549274E+001   1.5459997985E-002
  -2.3655935318E+001   1.6077361099E-002
  -2.3501321362E+001   1.6586924277E-002
  -2.3346707405E+001   1.6989947218E-002
  -2.3192093449E+001   1.7287434909E-002
  -2.3037479493E+001   1.7480195916E-002
  -2.2882865536E+001   1.7568854510E-002
  -2.2728251580E+001   1.7553831379E-002
  -2.2573637624E+001   1.7435322982E-002
  -2.2419023667E+001   1.7213287168E-002
  -2.2264409711E+001   1.6887447286E-002
  -2.2109795755E+001   1.6457307829E-002
  -2.1955181798E+001   1.5922178470E-002
  -2.1800567842E+001   1.5281183768E-002
  -2.1645953886E+001   1.4533239661E-002
  -2.1491339929E+001   1.3676973387E-002
  -2.1336725973E+001   1.2710640001E-002
  -2.1182112017E+001   1.1632320214E-002
  -2.1027498060E+001   1.0441339899E-002
  -2.0872884104E+001   9.1429676036E-003
  -2.0718270148E+001   7.7593938536E-003
  -2.0563656191E+001   6.3480911451E-003
  -2.0409042235E+001   5.0194861604E-003
  -2.0254428279E+001   3.9272851478E-003
  -2.0099814323E+001   3.1963878546E-003
  -1.9945200366E+001   2.8184779717E-003
  -1.9790586410E+001   2.6770711114E-003
  -1.9635972454E+001   2.7437437256E-003
  -1.9481358497E+001   3.1285099865E-003
  -1.9326744541E+001   3.8899372932E-003
  -1.9172130585E+001   4.9380949745E-003
  -1.9017516628E+001   6.1173531454E-003
  -1.8862902672E+001   7.2992674744E-003
  -1.8708288716E+001   8.4100691219E-003
  -1.8553674759E+001   9.4181051237E-003
  -1.8399060803E+001   1.0314061247E-002
  -1.8244446847E+001   1.1097384673E-002
  -1.8089832890E+001   1.1769834111E-002
  -1.7935218934E+001   1.2333256971E-002
  -1.7780604978E+001   1.2789140113E-002
  -1.7625991021E+001   1.3138649496E-002
  -1.7471377065E+001   1.3382727300E-002
  -1.7316763109E+001   1.3522130804E-002
  -1.7162149152E+001   1.3557434246E-002
  -1.7007535196E+001   1.3489004945E-002
  -1.6852921240E+001   1.3316986412E-002
  -1.6698307283E+001   1.3041287906E-002
  -1.6543693327E+001   1.2661595668E-002
  -1.6389079371E+001   1.2177390557E-002
  -1.6234465414E+001   1.1587972619E-002
  -1.6079851458E+001   1.0892459808E-002
  -1.5925237502E+001   1.0089749565E-002
  -1.5770623545E+001   9.1784219814E-003
  -1.5616009589E+001   8.1567002311E-003
  -1.5461395633E+001   7.0228996354E-003
  -1.5306781676E+001   5.7776499532E-003
  -1.5152167720E+001   4.4303443387E-003
  -1.4997553764E+001   3.0127153859E-003
  -1.4842939807E+001   1.5986108836E-003
  -1.4688325851E+001   3.1655228359E-004
  -1.4533711895E+001  -6.7775566610E-004
  -1.4379097938E+001  -1.2943080386E-003
  -1.4224483982E+001  -1.5915918593E-003
  -1.4069870026E+001  -1.6795215523E-003
  -1.3915256069E+001  -1.5295408010E-003
  -1.3760642113E+001  -1.0249958758E-003
  -1.3606028157E+001  -1.5737307823E-004
  -1.3451414200E+001   9.4864083398E-004
  -1.3296800244E+001   2.1395583164E-003
  -1.3142186288E+001   3.3051697944E-003
  -1.2987572331E+001   4.3882120089E-003
  -1.2832958375E+001   5.3666903358E-003
  -1.2678344419E+001   6.2355142311E-003
  -1.2523730462E+001   6.9955139738E-003
  -1.2369116506E+001   7.6487394707E-003
  -1.2214502550E+001   8.1970372085E-003
  -1.2059888594E+001   8.6418491490E-003
  -1.1905274637E+001   8.9842933774E-003
  -1.1750660681E+001   9.2252419342E-003
  -1.1596046725E+001   9.3653427139E-003
  -1.1441432768E+001   9.4050088061E-003
  -1.1286818812E+001   9.3443941501E-003
  -1.1132204856E+001   9.1833782591E-003
  -1.0977590899E+001   8.9215632118E-003
  -1.0822976943E+001   8.5582899651E-003
  -1.0668362987E+001   8.0926619079E-003
  -1.0513749030E+001   7.5235681417E-003
  -1.0359135074E+001   6.8496765225E-003
  -1.0204521118E+001   6.0693816361E-003
  -1.0049907161E+001   5.1807118732E-003
  -9.8952932049E+000   4.1813835105E-003
  -9.7406792486E+000   3.0696510749E-003
  -9.5860652923E+000   1.8476146709E-003
  -9.4314513359E+000   5.2978780803E-004
  -9.2768373796E+000  -8.4075349747E-004
  -9.1222234233E+000  -2.1725694896E-003
  -8.9676094670E+000  -3.3222094300E-003
  -8.8129955106E+000  -4.1432089878E-003
  -8.6583815543E+000  -4.5919111850E-003
  -8.5037675980E+000  -4.7659588254E-003
  -8.3491536417E+000  -4.7438709855E-003
  -8.1945396853E+000  -4.4472690864E-003
  -8.0399257290E+000  -3.7786907574E-003
  -7.8853117727E+000  -2.7820252540E-003
  -7.7306978164E+000  -1.6040106471E-003
  -7.5760838600E+000  -3.8839849921E-004
  -7.4214699037E+000   7.7305581504E-004
  -7.2668559474E+000   1.8369569162E-003
  -7.1122419910E+000   2.7884775930E-003
  -6.9576280347E+000   3.6252167444E-003
  -6.8030140784E+000   4.3486366702E-003
  -6.6484001221E+000   4.9607598120E-003
  -6.4937861657E+000   5.4633219129E-003
  -6.3391722094E+000   5.8577209694E-003
  -6.1845582531E+000   6.1451125671E-003
  -6.0299442968E+000   6.3264636072E-003
  -5.8753303404E+000   6.4025603013E-003
  -5.7207163841E+000   6.3739853969E-003
  -5.5661024278E+000   6.2410947634E-003
  -5.4114884714E+000   6.0040009981E-003
  -5.2568745151E+000   5.6625762181E-003
  -5.1022605588E+000   5.2164670102E-003
  -4.9476466025E+000   4.6651183061E-003
  -4.7930326461E+000   4.0077833550E-003
  -4.6384186898E+000   3.2435008221E-003
  -4.4838047335E+000   2.3710155502E-003
  -4.3291907772E+000   1.3886960488E-003
  -4.1745768208E+000   2.9473329913E-004
  -4.0199628645E+000  -9.1143881926E-004
  -3.8653489082E+000  -2.2244449857E-003
  -3.7107349518E+000  -3.6219873324E-003
  -3.5561209955E+000  -5.0464816826E-003
  -3.4015070392E+000  -6.3873778013E-003
  -3.2468930829E+000  -7.4908190937E-003
  -3.0922791265E+000  -8.2317023124E-003
  -2.9376651702E+000  -8.6180688007E-003
  -2.7830512139E+000  -8.7661126973E-003
  -2.6284372576E+000  -8.7040774476E-003
  -2.4738233012E+000  -8.3218982048E-003
  -2.3192093449E+000  -7.5609572515E-003
  -2.1645953886E+000  -6.5110432961E-003
  -2.0099814323E+000  -5.3275610242E-003
  -1.8553674759E+000  -4.1386833138E-003
  -1.7007535196E+000  -3.0178886714E-003
  -1.5461395633E+000  -1.9965387637E-003
  -1.3915256069E+000  -1.0836677663E-003
  -1.2369116506E+000  -2.7956810263E-004
  -1.0822976943E+000   4.1775330075E-004
  -9.2768373796E-001   1.0103466689E-003
  -7.7306978164E-001   1.4998650175E-003
  -6.1845582531E-001   1.8875991898E-003
  -4.6384186898E-001   2.1745710628E-003
  -3.0922791265E-001   2.3615693599E-003
  -1.5461395633E-001   2.4491493124E-003
   0.0000000000E+000   2.4376074486E-003
   1.5461395633E-001   2.3269642216E-003
   3.0922791265E-001   2.1169539467E-003
   4.6384186898E-001   1.8070373582E-003
   6.1845582531E-001   1.3964216273E-003
   7.7306978164E-001   8.8408848120E-004
   9.2768373796E-001   2.6879775353E-004
   1.0822976943E+000  -4.5094496254E-004
   1.2369116506E+000  -1.2769779396E-003
   1.3915256069E+000  -2.2115148503E-003
   1.5461395633E+000  -3.2566872430E-003
   1.7007535196E+000  -4.4123138120E-003
   1.8553674759E+000  -5.6694435115E-003
   2.0099814323E+000  -6.9967727134E-003
   2.1645953886E+000  -8.3208645986E-003
   2.3192093449E+000  -9.5135882595E-003
   2.4738233012E+000  -1.0419607562E-002
   2.6284372576E+000  -1.0949259872E-002
   2.7830512139E+000  -1.1161343344E-002
   2.9376651702E+000  -1.1166064084E-002
   3.0922791265E+000  -1.0935167632E-002
   3.2468930829E+000  -1.0352328461E-002
   3.4015070392E+000  -9.4093831092E-003
   3.5561209955E+000  -8.2313841644E-003
   3.7107349518E+000  -6.9721933204E-003
   3.8653489082E+000  -5.7423905816E-003
   4.0199628645E+000  -4.5995921378E-003
   4.1745768208E+000  -3.5661170347E-003
   4.3291907772E+000  -2.6473453335E-003
   4.4838047335E+000  -1.8426988793E-003
   4.6384186898E+000  -1.1503424237E-003
   4.7930326461E+000  -5.6860794048E-004
   4.9476466025E+000  -9.6197797560E-005
   5.1022605588E+000   2.6789331678E-004
   5.2568745151E+000   5.2445343290E-004
   5.4114884714E+000   6.7407251153E-004
   5.5661024278E+000   7.1712953832E-004
   5.7207163841E+000   6.5376665013E-004
   5.8753303404E+000   4.8387324908E-004
   6.0299442968E+000   2.0708340858E-004
   6.1845582531E+000  -1.7720635608E-004
   6.3391722094E+000  -6.6981111853E-004
   6.4937861657E+000  -1.2717310822E-003
   6.6484001221E+000  -1.9841549034E-003
   6.8030140784E+000  -2.8085079948E-003
   6.9576280347E+000  -3.7465420245E-003
   7.1122419910E+000  -4.8002780062E-003
   7.2668559474E+000  -5.9711540714E-003
   7.4214699037E+000  -7.2567181075E-003
   7.5760838600E+000  -8.6420638547E-003
   7.7306978164E+000  -1.0083693237E-002
   7.8853117727E+000  -1.1489737741E-002
   8.0399257290E+000  -1.2716347668E-002
   8.1945396853E+000  -1.3616742462E-002
   8.3491536417E+000  -1.4147083633E-002
   8.5037675980E+000  -1.4404928737E-002
   8.6583815543E+000  -1.4468609507E-002
   8.8129955106E+000  -1.4259301806E-002
   8.9676094670E+000  -1.3678944274E-002
   9.1222234233E+000  -1.2770854464E-002
   9.2768373796E+000  -1.1681275483E-002
   9.4314513359E+000  -1.0553507680E-002
   9.5860652923E+000  -9.4788649044E-003
   9.7406792486E+000  -8.5002924023E-003
   9.8952932049E+000  -7.6321521700E-003
   1.0049907161E+001  -6.8763665375E-003
   1.0204521118E+001  -6.2309872560E-003
   1.0359135074E+001  -5.6935075018E-003
   1.0513749030E+001  -5.2617182590E-003
   1.0668362987E+001  -4.9337688434E-003
   1.0822976943E+001  -4.7080804196E-003
   1.0977590899E+001  -4.5833001333E-003
   1.1132204856E+001  -4.5582997526E-003
   1.1286818812E+001  -4.6322037916E-003
   1.1441432768E+001  -4.8044170395E-003
   1.1596046725E+001  -5.0746439608E-003
   1.1750660681E+001  -5.4428879304E-003
   1.1905274637E+001  -5.9094374309E-003
   1.2059888594E+001  -6.4748424760E-003
   1.2214502550E+001  -7.1399040679E-003
   1.2369116506E+001  -7.9056956040E-003
   1.2523730462E+001  -8.7736396771E-003
   1.2678344419E+001  -9.7455872708E-003
   1.2832958375E+001  -1.0823614981E-002
   1.2987572331E+001  -1.2008600280E-002
   1.3142186288E+001  -1.3295518685E-002
   1.3296800244E+001  -1.4662458650E-002
   1.3451414200E+001  -1.6052254450E-002
   1.3606028157E+001  -1.7354805074E-002
   1.3760642113E+001  -1.8416738736E-002
   1.3915256069E+001  -1.9113486174E-002
   1.4069870026E+001  -1.9453668006E-002
   1.4224483982E+001  -1.9554013442E-002
   1.4379097938E+001  -1.9443107237E-002
   1.4533711895E+001  -1.9011023799E-002
   1.4688325851E+001  -1.8199250985E-002
   1.4842939807E+001  -1.7097776709E-002
   1.4997553764E+001  -1.5862304698E-002
   1.5152167720E+001  -1.4621370486E-002
   1.5306781676E+001  -1.3448848171E-002
   1.5461395633E+001  -1.2376506180E-002
   1.5616009589E+001  -1.1413780604E-002
   1.5770623545E+001  -1.0561349222E-002
   1.5925237502E+001  -9.8175789238E-003
   1.6079851458E+001  -9.1807469490E-003
   1.6234465414E+001  -8.6494892424E-003
   1.6389079371E+001  -8.2227604207E-003
   1.6543693327E+001  -7.8997366338E-003
   1.6698307283E+001  -7.6797769401E-003
   1.6852921240E+001  -7.5624219173E-003
   1.7007535196E+001  -7.5474181653E-003
   1.7162149152E+001  -7.6347359168E-003
   1.7316763109E+001  -7.8245802603E-003
   1.7471377065E+001  -8.1173806810E-003
   1.7625991021E+001  -8.5137741433E-003
   1.7780604978E+001  -9.0145811447E-003
   1.7935218934E+001  -9.6208074553E-003
   1.8089832890E+001  -1.0333682822E-002
   1.8244446847E+001  -1.1154757851E-002
   1.8399060803E+001  -1.2085943363E-002
   1.8553674759E+001  -1.3129060835E-002
   1.8708288716E+001  -1.4283619257E-002
   1.8862902672E+001  -1.5540364928E-002
   1.9017516628E+001  -1.6867703774E-002
   1.9172130585E+001  -1.8191923728E-002
   1.9326744541E+001  -1.9384634531E-002
   1.9481358497E+001  -2.0290257023E-002
   1.9635972454E+001  -2.0818907033E-002
   1.9790586410E+001  -2.1029192778E-002
   1.9945200366E+001  -2.1031161912E-002
   2.0099814323E+001  -2.0796416748E-002
   2.0254428279E+001  -2.0208493069E-002
   2.0409042235E+001  -1.9259091851E-002
   2.0563656191E+001  -1.8073129083E-002
   2.0718270148E+001  -1.6804326800E-002
   2.0872884104E+001  -1.5563126995E-002
   2.1027498060E+001  -1.4407016831E-002
   2.1182112017E+001  -1.3358200671E-002
   2.1336725973E+001  -1.2421959909E-002
   2.1491339929E+001  -1.1597632167E-002
   2.1645953886E+001  -1.0883308755E-002
   2.1800567842E+001  -1.0277254182E-002
   2.1955181798E+001  -9.7781040240E-003
   2.2109795755E+001  -9.3847815082E-003
   2.2264409711E+001  -9.0964175065E-003
   2.2419023667E+001  -8.9123271126E-003
   2.2573637624E+001  -8.8320194344E-003
   2.2728251580E+001  -8.8552217242E-003
   2.2882865536E+001  -8.9818951082E-003
   2.3037479493E+001  -9.2122387754E-003
   2.3192093449E+001  -9.5466756766E-003
   2.3346707405E+001  -9.9858319423E-003
   2.3501321362E+001  -1.0530517663E-002
   2.3655935318E+001  -1.1181739061E-002
   2.3810549274E+001  -1.1940756837E-002
   2.3965163231E+001  -1.2809186275E-002
   2.4119777187E+001  -1.3788950820E-002
   2.4274391143E+001  -1.4881439321E-002
   2.4429005100E+001  -1.6084205791E-002
   2.4583619056E+001  -1.7382407831E-002
   2.4738233012E+001  -1.8732662681E-002
   2.4892846969E+001  -2.0043249884E-002
   2.5047460925E+001  -2.1170467538E-002
   2.5202074881E+001  -2.1967637624E-002
   2.5356688838E+001  -2.2390944571E-002
   2.5511302794E+001  -2.2537936915E-002
   2.5665916750E+001  -2.2487070214E-002
   2.5820530707E+001  -2.2159888698E-002
   2.5975144663E+001  -2.1458843610E-002
   2.6129758619E+001  -2.0427750284E-002
   2.6284372576E+001  -1.9213286489E-002
   2.6438986532E+001  -1.7959153860E-002
   2.6593600488E+001  -1.6757072582E-002
   2.6748214445E+001  -1.5650425141E-002
   2.6902828401E+001  -1.4654053676E-002
   2.7057442357E+001  -1.3770403929E-002
   2.7212056314E+001  -1.2998086843E-002
   2.7366670270E+001  -1.2335178816E-002
   2.7521284226E+001  -1.1780064471E-002
   2.7675898183E+001  -1.1331483114E-002
   2.7830512139E+001  -1.0988428647E-002
   2.7985126095E+001  -1.0750091259E-002
   2.8139740052E+001  -1.0615845293E-002
   2.8294354008E+001  -1.0585268509E-002
   2.8448967964E+001  -1.0658162718E-002
   2.8603581920E+001  -1.0834568135E-002
   2.8758195877E+001  -1.1114759252E-002
   2.8912809833E+001  -1.1499229179E-002
   2.9067423789E+001  -1.1988665574E-002
   2.9222037746E+001  -1.2583940927E-002
   2.9376651702E+001  -1.3286136051E-002
   2.9531265658E+001  -1.4096620153E-002
   2.9685879615E+001  -1.5017134305E-002
   2.9840493571E+001  -1.6049593630E-002
   2.9995107527E+001  -1.7194667808E-002
   3.0149721484E+001  -1.8447083618E-002
   3.0304335440E+001  -1.9784645707E-002
   3.0458949396E+001  -2.1149876699E-002
   3.0613563353E+001  -2.2432345093E-002
   3.0768177309E+001  -2.3478340006E-002
   3.0922791265E+001  -2.4162957321E-002
   3.1077405222E+001  -2.4494509087E-002
   3.1232019178E+001  -2.4589474888E-002
   3.1386633134E+001  -2.4476271881E-002
   3.1541247091E+001  -2.4044877240E-002
   3.1695861047E+001  -2.3236712891E-002
   3.1850475003E+001  -2.2141697609E-002
   3.2005088960E+001  -2.0915448874E-002
   3.2159702916E+001  -1.9686398572E-002
   3.2314316872E+001  -1.8528303452E-002
   3.2468930829E+001  -1.7472805135E-002
   3.2623544785E+001  -1.6529207634E-002
   3.2778158741E+001  -1.5698055032E-002
   3.2932772698E+001  -1.4977581735E-002
   3.3087386654E+001  -1.4365935695E-002
   3.3242000610E+001  -1.3861628081E-002
   3.3396614567E+001  -1.3463494082E-002
   3.3551228523E+001  -1.3170596233E-002
   3.3705842479E+001  -1.2982185993E-002
   3.3860456436E+001  -1.2897702339E-002
