  -3.4015070392E+001   7.1935430227E-003
  -3.3860456436E+001   7.1538944964E-003
  -3.3705842479E+001   7.0106641918E-003
  -3.3551228523E+001   6.7635035843E-003
  -3.3396614567E+001   6.4118522838E-003
  -3.3242000610E+001   5.9549623603E-003
  -3.3087386654E+001   5.3918969373E-003
  -3.2932772698E+001   4.7214917640E-003
  -3.2778158741E+001   3.9422585472E-003
  -3.2623544785E+001   3.0523457458E-003
  -3.2468930829E+001   2.0499882468E-003
  -3.2314316872E+001   9.3573058808E-004
  -3.2159702916E+001  -2.8112278220E-004
  -3.2005088960E+001  -1.5689298204E-003
  -3.1850475003E+001  -2.8539333570E-003
  -3.1695861047E+001  -4.0077010763E-003
  -3.1541247091E+001  -4.8746150576E-003
  -3.1386633134E+001  -5.3647560799E-003
  -3.1232019178E+001  -5.5367017702E-003
  -3.1077405222E+001  -5.5004744448E-003
  -3.0922791265E+001  -5.2276562878E-003
  -3.0768177309E+001  -4.6017669321E-003
  -3.0613563353E+001  -3.6144935122E-003
  -3.0458949396E+001  -2.3907393346E-003
  -3.0304335440E+001  -1.0842144665E-003
  -3.0149721484E+001   1.9465041460E-004
  -2.9995107527E+001   1.3883787541E-003
  -2.9840493571E+001   2.4747760078E-003
  -2.9685879615E+001   3.4485697400E-003
  -2.9531265658E+001   4.3104303843E-003
  -2.9376651702E+001   5.0622737776E-003
  -2.9222037746E+001   5.7058416710E-003
  -2.9067423789E+001   6.2425039048E-003
  -2.8912809833E+001   6.6733418839E-003
  -2.8758195877E+001   6.9992286504E-003
  -2.8603581920E+001   7.2208523751E-003
  -2.8448967964E+001   7.3387066357E-003
  -2.8294354008E+001   7.3530663556E-003
  -2.8139740052E+001   7.2639721395E-003
  -2.7985126095E+001   7.0712261448E-003
  -2.7830512139E+001   6.7744064377E-003
  -2.7675898183E+001   6.3728876244E-003
  -2.7521284226E+001   5.8658601132E-003
  -2.7366670270E+001   5.2523179787E-003
  -2.7212056314E+001   4.5310006520E-003
  -2.7057442357E+001   3.7002928346E-003
  -2.6902828401E+001   2.7582709511E-003
  -2.6748214445E+001   1.7035459253E-003
  -2.6593600488E+001   5.3856343614E-004
  -2.6438986532E+001  -7.2183448155E-004
  -2.6284372576E+001  -2.0342654758E-003
  -2.6129758619E+001  -3.3070095168E-003
  -2.5975144663E+001  -4.3963651355E-003
  -2.5820530707E+001  -5.1556547443E-003
  -2.5665916750E+001  -5.5410632136E-003
  -2.5511302794E+001  -5.6501395204E-003
  -2.5356688838E+001  -5.5613395919E-003
  -2.5202074881E+001  -5.1962079021E-003
  -2.5047460925E+001  -4.4571958929E-003
  -2.4892846969E+001  -3.3881191450E-003
  -2.4738233012E+001  -2.1356557408E-003
  -2.4583619056E+001  -8.4350769432E-004
  -2.4429005100E+001   3.9660436339E-004
  -2.4274391143E+001   1.5412974178E-003
  -2.4119777187E+001   2.5757287036E-003
  -2.3965163231E+001   3.4974517360E-003
  -2.3810549274E+001   4.3078547008E-003
  -2.3655935318E+001   5.0088601888E-003
  -2.3501321362E+001   5.6020824093E-003
  -2.3346707405E+001   6.0887807262E-003
  -2.3192093449E+001   6.4699597316E-003
  -2.3037479493E+001   6.7464275412E-003
  -2.2882865536E+001   6.9188079159E-003
  -2.2728251580E+001   6.9875209821E-003
  -2.2573637624E+001   6.9527625827E-003
  -2.2419023667E+001   6.8144899013E-003
  -2.2264409711E+001   6.5724255713E-003
  -2.2109795755E+001   6.2260733200E-003
  -2.1955181798E+001   5.7747420110E-003
  -2.1800567842E+001   5.2175553490E-003
  -2.1645953886E+001   4.5534283748E-003
  -2.1491339929E+001   3.7809873860E-003
  -2.1336725973E+001   2.8984864612E-003
  -2.1182112017E+001   1.9040052970E-003
  -2.1027498060E+001   7.9686872584E-004
  -2.0872884104E+001  -4.1765576787E-004
  -2.0718270148E+001  -1.7173787304E-003
  -2.0563656191E+001  -3.0448287346E-003
  -2.0409042235E+001  -4.2895801485E-003
  -2.0254428279E+001  -5.2979277431E-003
  -2.0099814323E+001  -5.9449727604E-003
  -1.9945200366E+001  -6.2390324739E-003
  -1.9790586410E+001  -6.2965921723E-003
  -1.9635972454E+001  -6.1460761442E-003
  -1.9481358497E+001  -5.6774707724E-003
  -1.9326744541E+001  -4.8322091108E-003
  -1.9172130585E+001  -3.7002222393E-003
  -1.9017516628E+001  -2.4371404028E-003
  -1.8862902672E+001  -1.1714082341E-003
  -1.8708288716E+001   2.3205183395E-005
  -1.8553674759E+001   1.1150466885E-003
  -1.8399060803E+001   2.0948018900E-003
  -1.8244446847E+001   2.9619178417E-003
  -1.8089832890E+001   3.7181531515E-003
  -1.7935218934E+001   4.3653551523E-003
  -1.7780604978E+001   4.9050106498E-003
  -1.7625991021E+001   5.3382855711E-003
  -1.7471377065E+001   5.6661220845E-003
  -1.7316763109E+001   5.8892774820E-003
  -1.7162149152E+001   6.0083260362E-003
  -1.7007535196E+001   6.0236351190E-003
  -1.6852921240E+001   5.9353483146E-003
  -1.6698307283E+001   5.7433749705E-003
  -1.6543693327E+001   5.4474014286E-003
  -1.6389079371E+001   5.0469086591E-003
  -1.6234465414E+001   4.5411968212E-003
  -1.6079851458E+001   3.9293839869E-003
  -1.5925237502E+001   3.2103677066E-003
  -1.5770623545E+001   2.3827281737E-003
  -1.5616009589E+001   1.4446886516E-003
  -1.5461395633E+001   3.9456453358E-004
  -1.5306781676E+001  -7.6701436564E-004
  -1.5152167720E+001  -2.0306548505E-003
  -1.4997553764E+001  -3.3646242948E-003
  -1.4842939807E+001  -4.6950748790E-003
  -1.4688325851E+001  -5.8934851131E-003
  -1.4533711895E+001  -6.8041502005E-003
  -1.4379097938E+001  -7.3370651655E-003
  -1.4224483982E+001  -7.5507169906E-003
  -1.4069870026E+001  -7.5550200082E-003
  -1.3915256069E+001  -7.3214176832E-003
  -1.3760642113E+001  -6.7332559657E-003
  -1.3606028157E+001  -5.7820208247E-003
  -1.3451414200E+001  -4.5923987064E-003
  -1.3296800244E+001  -3.3178768519E-003
  -1.3142186288E+001  -2.0686645365E-003
  -1.2987572331E+001  -9.0202473186E-004
  -1.2832958375E+001   1.6004820216E-004
  -1.2678344419E+001   1.1124639527E-003
  -1.2523730462E+001   1.9560529896E-003
  -1.2369116506E+001   2.6928653649E-003
  -1.2214502550E+001   3.3247476630E-003
  -1.2059888594E+001   3.8531418953E-003
  -1.1905274637E+001   4.2791661495E-003
  -1.1750660681E+001   4.6036924230E-003
  -1.1596046725E+001   4.8273685241E-003
  -1.1441432768E+001   4.9506074142E-003
  -1.1286818812E+001   4.9735628661E-003
  -1.1132204856E+001   4.8961141903E-003
  -1.0977590899E+001   4.7178632308E-003
  -1.0822976943E+001   4.4381506811E-003
  -1.0668362987E+001   4.0560796443E-003
  -1.0513749030E+001   3.5705389182E-003
  -1.0359135074E+001   2.9801960435E-003
  -1.0204521118E+001   2.2834452845E-003
  -1.0049907161E+001   1.4783147104E-003
  -9.8952932049E+000   5.6252028062E-004
  -9.7406792486E+000  -4.6568378568E-004
  -9.5860652923E+000  -1.6041976792E-003
  -9.4314513359E+000  -2.8385081706E-003
  -9.2768373796E+000  -4.1255395085E-003
  -9.1222234233E+000  -5.3738521874E-003
  -8.9676094670E+000  -6.4399957070E-003
  -8.8129955106E+000  -7.1775059655E-003
  -8.6583815543E+000  -7.5427262066E-003
  -8.5037675980E+000  -7.6332994192E-003
  -8.3491536417E+000  -7.5277447458E-003
  -8.1945396853E+000  -7.1476834990E-003
  -8.0399257290E+000  -6.3956530807E-003
  -7.8853117727E+000  -5.3155424836E-003
  -7.7306978164E+000  -4.0540895126E-003
  -7.5760838600E+000  -2.7550454606E-003
  -7.4214699037E+000  -1.5101654253E-003
  -7.2668559474E+000  -3.6284449842E-004
  -7.1122419910E+000   6.7209041022E-004
  -6.9576280347E+000   1.5922385174E-003
  -6.8030140784E+000   2.3990624574E-003
  -6.6484001221E+000   3.0945850223E-003
  -6.4937861657E+000   3.6805423193E-003
  -6.3391722094E+000   4.1583327199E-003
  -6.1845582531E+000   4.5291121907E-003
  -6.0299442968E+000   4.7938480162E-003
  -5.8753303404E+000   4.9533267882E-003
  -5.7207163841E+000   5.0081316260E-003
  -5.5661024278E+000   4.9586187580E-003
  -5.4114884714E+000   4.8049011228E-003
  -5.2568745151E+000   4.5468511572E-003
  -5.1022605588E+000   4.1841157415E-003
  -4.9476466025E+000   3.7161400717E-003
  -4.7930326461E+000   3.1421776274E-003
  -4.6384186898E+000   2.4612672664E-003
  -4.4838047335E+000   1.6721539824E-003
  -4.3291907772E+000   7.7320639063E-004
  -4.1745768208E+000  -2.3738446943E-004
  -4.0199628645E+000  -1.3601847079E-003
  -3.8653489082E+000  -2.5898190383E-003
  -3.7107349518E+000  -3.9039896640E-003
  -3.5561209955E+000  -5.2451124984E-003
  -3.4015070392E+000  -6.5026373909E-003
  -3.2468930829E+000  -7.5227077879E-003
  -3.0922791265E+000  -8.1802204042E-003
  -2.9376651702E+000  -8.4832164531E-003
  -2.7830512139E+000  -8.5478899023E-003
  -2.6284372576E+000  -8.4024840739E-003
  -2.4738233012E+000  -7.9369340632E-003
  -2.3192093449E+000  -7.0926220753E-003
  -2.1645953886E+000  -5.9593366400E-003
  -2.0099814323E+000  -4.6924821494E-003
  -1.8553674759E+000  -3.4202311019E-003
  -1.7007535196E+000  -2.2160615783E-003
  -1.5461395633E+000  -1.1113348066E-003
  -1.3915256069E+000  -1.1508453830E-004
  -1.2369116506E+000   7.7239719444E-004
  -1.0822976943E+000   1.5531038100E-003
  -9.2768373796E-001   2.2290858222E-003
  -7.7306978164E-001   2.8019964728E-003
  -6.1845582531E-001   3.2731267631E-003
  -4.6384186898E-001   3.6434986580E-003
  -3.0922791265E-001   3.9139008954E-003
  -1.5461395633E-001   4.0848886480E-003
   0.0000000000E+000   4.1567583128E-003
   1.5461395633E-001   4.1295301416E-003
   3.0922791265E-001   4.0029381835E-003
   4.6384186898E-001   3.7764428493E-003
   6.1845582531E-001   3.4492509400E-003
   7.7306978164E-001   3.0203437811E-003
   9.2768373796E-001   2.4884807887E-003
   1.0822976943E+000   1.8521671424E-003
   1.2369116506E+000   1.1095641800E-003
   1.3915256069E+000   2.5845788336E-004
   1.5461395633E+000  -7.0328357798E-004
   1.7007535196E+000  -1.7754791026E-003
   1.8553674759E+000  -2.9491777632E-003
   2.0099814323E+000  -4.1930759720E-003
   2.1645953886E+000  -5.4337369020E-003
   2.3192093449E+000  -6.5430296499E-003
   2.4738233012E+000  -7.3656181916E-003
   2.6284372576E+000  -7.8118402157E-003
   2.7830512139E+000  -7.9404943900E-003
   2.9376651702E+000  -7.8617871266E-003
   3.0922791265E+000  -7.5474636075E-003
   3.2468930829E+000  -6.8811974107E-003
   3.4015070392E+000  -5.8548241910E-003
   3.5561209955E+000  -4.5933959349E-003
   3.7107349518E+000  -3.2507739861E-003
   3.8653489082E+000  -1.9375381365E-003
   4.0199628645E+000  -7.1130441593E-004
   4.1745768208E+000   4.0560829586E-004
   4.3291907772E+000   1.4078201407E-003
   4.4838047335E+000   2.2959095272E-003
   4.6384186898E+000   3.0717120078E-003
   4.7930326461E+000   3.7368959579E-003
   4.9476466025E+000   4.2927593936E-003
   5.1022605588E+000   4.7403080348E-003
   5.2568745151E+000   5.0803303308E-003
   5.4114884714E+000   5.3134166605E-003
   5.5661024278E+000   5.4399464159E-003
   5.7207163841E+000   5.4600621191E-003
   5.8753303404E+000   5.3736535292E-003
   6.0299442968E+000   5.1803550430E-003
   6.1845582531E+000   4.8795634620E-003
   6.3391722094E+000   4.4704639578E-003
   6.4937861657E+000   3.9520565285E-003
   6.6484001221E+000   3.3231526720E-003
   6.8030140784E+000   2.5823270773E-003
   6.9576280347E+000   1.7278281214E-003
   7.1122419910E+000   7.5763477303E-004
   7.2668559474E+000  -3.2969118407E-004
   7.4214699037E+000  -1.5316977914E-003
   7.5760838600E+000  -2.8334790108E-003
   7.7306978164E+000  -4.1915370424E-003
   7.8853117727E+000  -5.5140036748E-003
   8.0399257290E+000  -6.6570294908E-003
   8.1945396853E+000  -7.4738341254E-003
   8.3491536417E+000  -7.9205791358E-003
   8.5037675980E+000  -8.0948220295E-003
   8.6583815543E+000  -8.0748945860E-003
   8.8129955106E+000  -7.7819729256E-003
   8.9676094670E+000  -7.1179959985E-003
   9.1222234233E+000  -6.1262814982E-003
   9.2768373796E+000  -4.9530724295E-003
   9.4314513359E+000  -3.7416688521E-003
   9.5860652923E+000  -2.5833842039E-003
   9.7406792486E+000  -1.5211632543E-003
   9.8952932049E+000  -5.6936749700E-004
   1.0049907161E+001   2.7008124172E-004
   1.0204521118E+001   9.9913169973E-004
   1.0359135074E+001   1.6202911664E-003
   1.0513749030E+001   2.1357690933E-003
   1.0668362987E+001   2.5474165656E-003
   1.0822976943E+001   2.8568127821E-003
   1.0977590899E+001   3.0653109201E-003
   1.1132204856E+001   3.1740394913E-003
   1.1286818812E+001   3.1838742151E-003
   1.1441432768E+001   3.0954104865E-003
   1.1596046725E+001   2.9089439724E-003
   1.1750660681E+001   2.6244713727E-003
   1.1905274637E+001   2.2417042192E-003
   1.2059888594E+001   1.7600924488E-003
   1.2214502550E+001   1.1788349429E-003
   1.2369116506E+001   4.9685811776E-004
   1.2523730462E+001  -2.8726087697E-004
   1.2678344419E+001  -1.1753733542E-003
   1.2832958375E+001  -2.1695563086E-003
   1.2987572331E+001  -3.2706876748E-003
   1.3142186288E+001  -4.4737434868E-003
   1.3296800244E+001  -5.7568127575E-003
   1.3451414200E+001  -7.0627303441E-003
   1.3606028157E+001  -8.2813958188E-003
   1.3760642113E+001  -9.2594379624E-003
   1.3915256069E+001  -9.8722880524E-003
   1.4069870026E+001  -1.0128567217E-002
   1.4224483982E+001  -1.0145005097E-002
   1.4379097938E+001  -9.9501867154E-003
   1.4533711895E+001  -9.4341865576E-003
   1.4688325851E+001  -8.5384924872E-003
   1.4842939807E+001  -7.3530924304E-003
   1.4997553764E+001  -6.0336901512E-003
   1.5152167720E+001  -4.7088212472E-003
   1.5306781676E+001  -3.4523599212E-003
   1.5461395633E+001  -2.2960747539E-003
   1.5616009589E+001  -1.2494020534E-003
   1.5770623545E+001  -3.1301987699E-004
   1.5925237502E+001   5.1470453994E-004
   1.6079851458E+001   1.2354935538E-003
   1.6234465414E+001   1.8507107617E-003
   1.6389079371E+001   2.3614010434E-003
   1.6543693327E+001   2.7683877085E-003
   1.6698307283E+001   3.0723111296E-003
   1.6852921240E+001   3.2736301398E-003
   1.7007535196E+001   3.3725975372E-003
   1.7162149152E+001   3.3692424804E-003
   1.7316763109E+001   3.2633592716E-003
   1.7471377065E+001   3.0545178207E-003
   1.7625991021E+001   2.7420805666E-003
   1.7780604978E+001   2.3252264267E-003
   1.7935218934E+001   1.8029490596E-003
   1.8089832890E+001   1.1740181625E-003
   1.8244446847E+001   4.3688259202E-004
   1.8399060803E+001  -4.1036899476E-004
   1.8553674759E+001  -1.3695585735E-003
   1.8708288716E+001  -2.4401956091E-003
   1.8862902672E+001  -3.6130268461E-003
   1.9017516628E+001  -4.8564586173E-003
   1.9172130585E+001  -6.0967792159E-003
   1.9326744541E+001  -7.2055986849E-003
   1.9481358497E+001  -8.0273381049E-003
   1.9635972454E+001  -8.4721134964E-003
   1.9790586410E+001  -8.5985332213E-003
   1.9945200366E+001  -8.5166449738E-003
   2.0099814323E+001  -8.1980509186E-003
   2.0254428279E+001  -7.5262865320E-003
   2.0409042235E+001  -6.4930524149E-003
   2.0563656191E+001  -5.2232641568E-003
   2.0718270148E+001  -3.8706433639E-003
   2.0872884104E+001  -2.5456315698E-003
   2.1027498060E+001  -1.3057154586E-003
   2.1182112017E+001  -1.7309891364E-004
   2.1336725973E+001   8.4693713977E-004
   2.1491339929E+001   1.7550555247E-003
   2.1645953886E+001   2.5531653465E-003
   2.1800567842E+001   3.2430024737E-003
   2.1955181798E+001   3.8259316651E-003
   2.2109795755E+001   4.3030299845E-003
   2.2264409711E+001   4.6751668053E-003
   2.2419023667E+001   4.9430272307E-003
   2.2573637624E+001   5.1071023003E-003
   2.2728251580E+001   5.1676648580E-003
   2.2882865536E+001   5.1247538215E-003
   2.3037479493E+001   4.9781699914E-003
   2.3192093449E+001   4.7274903516E-003
   2.3346707405E+001   4.3720886493E-003
   2.3501321362E+001   3.9111546145E-003
   2.3655935318E+001   3.3436817845E-003
   2.3810549274E+001   2.6684091628E-003
   2.3965163231E+001   1.8837211047E-003
   2.4119777187E+001   9.8769374841E-004
   2.4274391143E+001  -2.1062227603E-005
   2.4429005100E+001  -1.1401013626E-003
   2.4583619056E+001  -2.3545818228E-003
   2.4738233012E+001  -3.6211214492E-003
   2.4892846969E+001  -4.8480004020E-003
   2.5047460925E+001  -5.8915174052E-003
   2.5202074881E+001  -6.6049950678E-003
   2.5356688838E+001  -6.9446184597E-003
   2.5511302794E+001  -7.0079367535E-003
   2.5665916750E+001  -6.8734060567E-003
   2.5820530707E+001  -6.4625709922E-003
   2.5975144663E+001  -5.6778831038E-003
   2.6129758619E+001  -4.5631580132E-003
   2.6284372576E+001  -3.2650737717E-003
   2.6438986532E+001  -1.9273322824E-003
   2.6593600488E+001  -6.4165397989E-004
   2.6748214445E+001   5.4857841021E-004
   2.6902828401E+001   1.6285225115E-003
   2.7057442357E+001   2.5957323372E-003
   2.7212056314E+001   3.4515966905E-003
   2.7366670270E+001   4.1980389101E-003
   2.7521284226E+001   4.8366740956E-003
   2.7675898183E+001   5.3687626562E-003
   2.7830512139E+001   5.7953103983E-003
   2.7985126095E+001   6.1171268360E-003
   2.8139740052E+001   6.3348373292E-003
   2.8294354008E+001   6.4488638214E-003
   2.8448967964E+001   6.4594042104E-003
   2.8603581920E+001   6.3664179929E-003
   2.8758195877E+001   6.1696303937E-003
   2.8912809833E+001   5.8685480313E-003
   2.9067423789E+001   5.4624829790E-003
   2.9222037746E+001   4.9505624878E-003
   2.9376651702E+001   4.3317054948E-003
   2.9531265658E+001   3.6045425509E-003
   2.9685879615E+001   2.7673323459E-003
   2.9840493571E+001   1.8181595324E-003
   2.9995107527E+001   7.5635421600E-004
   3.0149721484E+001  -4.1281058024E-004
   3.0304335440E+001  -1.6671396762E-003
   3.0458949396E+001  -2.9491558339E-003
   3.0613563353E+001  -4.1484276455E-003
   3.0768177309E+001  -5.1112442676E-003
   3.0922791265E+001  -5.7127015724E-003
   3.1077405222E+001  -5.9611115601E-003
   3.1232019178E+001  -5.9729536901E-003
   3.1386633134E+001  -5.7766448289E-003
   3.1541247091E+001  -5.2621616715E-003
   3.1695861047E+001  -4.3709255635E-003
   3.1850475003E+001  -3.1928546620E-003
   3.2005088960E+001  -1.8835657893E-003
   3.2159702916E+001  -5.7149012948E-004
   3.2314316872E+001   6.6961631043E-004
   3.2468930829E+001   1.8081126782E-003
   3.2623544785E+001   2.8346957437E-003
   3.2778158741E+001   3.7488222118E-003
   3.2932772698E+001   4.5522584608E-003
   3.3087386654E+001   5.2468573164E-003
   3.3242000610E+001   5.8341083747E-003
   3.3396614567E+001   6.3151772043E-003
   3.3551228523E+001   6.6910020120E-003
   3.3705842479E+001   6.9623320688E-003
   3.3860456436E+001   7.1297291129E-003
