  -3.4015070392E+001   2.3832529309E-002
  -3.3860456436E+001   2.3707278542E-002
  -3.3705842479E+001   2.3478526532E-002
  -3.3551228523E+001   2.3145925727E-002
  -3.3396614567E+001   2.2708916724E-002
  -3.3242000610E+001   2.2166752587E-002
  -3.3087386654E+001   2.1518497433E-002
  -3.2932772698E+001   2.0762987993E-002
  -3.2778158741E+001   1.9898736942E-002
  -3.2623544785E+001   1.8923893684E-002
  -3.2468930829E+001   1.7836694021E-002
  -3.2314316872E+001   1.6637683359E-002
  -3.2159702916E+001   1.5336166933E-002
  -3.2005088960E+001   1.3963787448E-002
  -3.1850475003E+001   1.2594302535E-002
  -3.1695861047E+001   1.1356144704E-002
  -3.1541247091E+001   1.0404931839E-002
  -3.1386633134E+001   9.8305831918E-003
  -3.1232019178E+001   9.5745215103E-003
  -3.1077405222E+001   9.5267244515E-003
  -3.0922791265E+001   9.7156081267E-003
  -3.0768177309E+001   1.0257649861E-002
  -3.0613563353E+001   1.1161159483E-002
  -3.0458949396E+001   1.2301230977E-002
  -3.0304335440E+001   1.3524151533E-002
  -3.0149721484E+001   1.4719487488E-002
  -2.9995107527E+001   1.5829759094E-002
  -2.9840493571E+001   1.6832768482E-002
  -2.9685879615E+001   1.7723239828E-002
  -2.9531265658E+001   1.8501840171E-002
  -2.9376651702E+001   1.9170481969E-002
  -2.9222037746E+001   1.9730903637E-002
  -2.9067423789E+001   2.0184471738E-002
  -2.8912809833E+001   2.0532264464E-002
  -2.8758195877E+001   2.0775151725E-002
  -2.8603581920E+001   2.0913818656E-002
  -2.8448967964E+001   2.0948755912E-002
  -2.8294354008E+001   2.0880235617E-002
  -2.8139740052E+001   2.0708295715E-002
  -2.7985126095E+001   2.0432735848E-002
  -2.7830512139E+001   2.0053131714E-002
  -2.7675898183E+001   1.9568855692E-002
  -2.7521284226E+001   1.8979096103E-002
  -2.7366670270E+001   1.8282845069E-002
  -2.7212056314E+001   1.7478840202E-002
  -2.7057442357E+001   1.6565464516E-002
  -2.6902828401E+001   1.5540792879E-002
  -2.6748214445E+001   1.4403434782E-002
  -2.6593600488E+001   1.3155834577E-002
  -2.6438986532E+001   1.1812833045E-002
  -2.6284372576E+001   1.0417811310E-002
  -2.6129758619E+001   9.0624881251E-003
  -2.5975144663E+001   7.8905635856E-003
  -2.5820530707E+001   7.0487139275E-003
  -2.5665916750E+001   6.5807533231E-003
  -2.5511302794E+001   6.3891322736E-003
  -2.5356688838E+001   6.3953936474E-003
  -2.5202074881E+001   6.6779901622E-003
  -2.5047460925E+001   7.3344668970E-003
  -2.4892846969E+001   8.3210052508E-003
  -2.4738233012E+001   9.4909245514E-003
  -2.4583619056E+001   1.0700520262E-002
  -2.4429005100E+001   1.1858069190E-002
  -2.4274391143E+001   1.2920185782E-002
  -2.4119777187E+001   1.3872024833E-002
  -2.3965163231E+001   1.4711137583E-002
  -2.3810549274E+001   1.5438910147E-002
  -2.3655935318E+001   1.6057263274E-002
  -2.3501321362E+001   1.6567809579E-002
  -2.3346707405E+001   1.6971807081E-002
  -2.3192093449E+001   1.7270259292E-002
  -2.3037479493E+001   1.7463973516E-002
  -2.2882865536E+001   1.7553572978E-002
  -2.2728251580E+001   1.7539477555E-002
  -2.2573637624E+001   1.7421883132E-002
  -2.2419023667E+001   1.7200747227E-002
  -2.2264409711E+001   1.6875793093E-002
  -2.2109795755E+001   1.6446525352E-002
  -2.1955181798E+001   1.5912254019E-002
  -2.1800567842E+001   1.5272104192E-002
  -2.1645953886E+001   1.4524992526E-002
  -2.1491339929E+001   1.3669547137E-002
  -2.1336725973E+001   1.2704024112E-002
  -2.1182112017E+001   1.1626505319E-002
  -2.1027498060E+001   1.0436317904E-002
  -2.0872884104E+001   9.1387317619E-003
  -2.0718270148E+001   7.7559387965E-003
  -2.0563656191E+001   6.3454128456E-003
  -2.0409042235E+001   5.0175818196E-003
  -2.0254428279E+001   3.9261530566E-003
  -2.0099814323E+001   3.1960274430E-003
  -1.9945200366E+001   2.8188902091E-003
  -1.9790586410E+001   2.6782586096E-003
  -1.9635972454E+001   2.7457095899E-003
  -1.9481358497E+001   3.1312563403E-003
  -1.9326744541E+001   3.8934649857E-003
  -1.9172130585E+001   4.9424039592E-003
  -1.9017516628E+001   6.1224425779E-003
  -1.8862902672E+001   7.3051355093E-003
  -1.8708288716E+001   8.4167126622E-003
  -1.8553674759E+001   9.4255196210E-003
  -1.8399060803E+001   1.0322240557E-002
  -1.8244446847E+001   1.1106320945E-002
  -1.8089832890E+001   1.1779517701E-002
  -1.7935218934E+001   1.2343676370E-002
  -1.7780604978E+001   1.2800281875E-002
  -1.7625991021E+001   1.3150498181E-002
  -1.7471377065E+001   1.3395265417E-002
  -1.7316763109E+001   1.3535338774E-002
  -1.7162149152E+001   1.3571290377E-002
  -1.7007535196E+001   1.3503485421E-002
  -1.6852921240E+001   1.3332065305E-002
  -1.6698307283E+001   1.3056937190E-002
  -1.6543693327E+001   1.2677785252E-002
  -1.6389079371E+001   1.2194088319E-002
  -1.6234465414E+001   1.1605144443E-002
  -1.6079851458E+001   1.0910069632E-002
  -1.5925237502E+001   1.0107759436E-002
  -1.5770623545E+001   9.1967921251E-003
  -1.5616009589E+001   8.1753891376E-003
  -1.5461395633E+001   7.0418641596E-003
  -1.5306781676E+001   5.7968454278E-003
  -1.5152167720E+001   4.4497246892E-003
  -1.4997553764E+001   3.0322332341E-003
  -1.4842939807E+001   1.6182176218E-003
  -1.4688325851E+001   3.3619811857E-004
  -1.4533711895E+001  -6.5812160186E-004
  -1.4379097938E+001  -1.2747372658E-003
  -1.4224483982E+001  -1.5721358590E-003
  -1.4069870026E+001  -1.6602317741E-003
  -1.3915256069E+001  -1.5104698911E-003
  -1.3760642113E+001  -1.0061985918E-003
  -1.3606028157E+001  -1.3890593541E-004
  -1.3451414200E+001   9.6672023520E-004
  -1.3296800244E+001   2.1571916233E-003
  -1.3142186288E+001   3.3222980461E-003
  -1.2987572331E+001   4.4047757955E-003
  -1.2832958375E+001   5.3826300204E-003
  -1.2678344419E+001   6.2507702163E-003
  -1.2523730462E+001   7.0100269916E-003
  -1.2369116506E+001   7.6624508780E-003
  -1.2214502550E+001   8.2098892792E-003
  -1.2059888594E+001   8.6537853565E-003
  -1.1905274637E+001   8.9952586674E-003
  -1.1750660681E+001   9.2351829889E-003
  -1.1596046725E+001   9.3742082122E-003
  -1.1441432768E+001   9.4127496808E-003
  -1.1286818812E+001   9.3509638458E-003
  -1.1132204856E+001   9.1887329879E-003
  -1.0977590899E+001   8.9256622055E-003
  -1.0822976943E+001   8.5610957190E-003
  -1.0668362987E+001   8.0941404136E-003
  -1.0513749030E+001   7.5236891031E-003
  -1.0359135074E+001   6.8484135537E-003
  -1.0204521118E+001   6.0667124365E-003
  -1.0049907161E+001   5.1766183745E-003
  -9.8952932049E+000   4.1758519867E-003
  -9.7406792486E+000   3.0626722036E-003
  -9.5860652923E+000   1.8391835297E-003
  -9.4314513359E+000   5.1990379694E-004
  -9.2768373796E+000  -8.5208680776E-004
  -9.1222234233E+000  -2.1853445530E-003
  -8.9676094670E+000  -3.3364148643E-003
  -8.8129955106E+000  -4.1588293887E-003
  -8.6583815543E+000  -4.6089263510E-003
  -8.5037675980E+000  -4.7843431689E-003
  -8.3491536417E+000  -4.7635949929E-003
  -8.1945396853E+000  -4.4683022817E-003
  -8.0399257290E+000  -3.8010030116E-003
  -7.8853117727E+000  -2.8055860157E-003
  -7.7306978164E+000  -1.6287880578E-003
  -7.5760838600E+000  -4.1435918559E-004
  -7.4214699037E+000   7.4594654788E-004
  -7.2668559474E+000   1.8087347679E-003
  -7.1122419910E+000   2.7591789426E-003
  -6.9576280347E+000   3.5948783600E-003
  -6.8030140784E+000   4.3172954668E-003
  -6.6484001221E+000   4.9284526534E-003
  -6.4937861657E+000   5.4300854465E-003
  -6.3391722094E+000   5.8235914844E-003
  -6.1845582531E+000   6.1101258703E-003
  -6.0299442968E+000   6.2906549168E-003
  -5.8753303404E+000   6.3659641571E-003
  -5.7207163841E+000   6.3366355881E-003
  -5.5661024278E+000   6.2030242729E-003
  -5.4114884714E+000   5.9652419615E-003
  -5.2568745151E+000   5.6231598951E-003
  -5.1022605588E+000   5.1764237698E-003
  -4.9476466025E+000   4.6244776268E-003
  -4.7930326461E+000   3.9665738452E-003
  -4.6384186898E+000   3.2017502668E-003
  -4.4838047335E+000   2.3287509908E-003
  -4.3291907772E+000   1.3459438997E-003
  -4.1745768208E+000   2.5151949849E-004
  -4.0199628645E+000  -9.5508863281E-004
  -3.8653489082E+000  -2.2685052889E-003
  -3.7107349518E+000  -3.6664325569E-003
  -3.5561209955E+000  -5.0912861215E-003
  -3.4015070392E+000  -6.4325156359E-003
  -3.2468930829E+000  -7.5362645416E-003
  -3.0922791265E+000  -8.2774297535E-003
  -2.9376651702E+000  -8.6640525985E-003
  -2.7830512139E+000  -8.8123267729E-003
  -2.6284372576E+000  -8.7504951151E-003
  -2.4738233012E+000  -8.3684922546E-003
  -2.3192093449E+000  -7.6076999428E-003
  -2.1645953886E+000  -6.5579064872E-003
  -2.0099814323E+000  -5.3745165745E-003
  -1.8553674759E+000  -4.1857035000E-003
  -1.7007535196E+000  -3.0649464144E-003
  -1.5461395633E+000  -2.0436076456E-003
  -1.3915256069E+000  -1.1307219036E-003
  -1.2369116506E+000  -3.2658194746E-004
  -1.0822976943E+000   3.7080518242E-004
  -9.2768373796E-001   9.6348981186E-004
  -7.7306978164E-001   1.4531252507E-003
  -6.1845582531E-001   1.8410028013E-003
  -4.6384186898E-001   2.1281449355E-003
  -3.0922791265E-001   2.3153410805E-003
  -1.5461395633E-001   2.4031472603E-003
   0.0000000000E+000   2.3918608699E-003
   1.5461395633E-001   2.2815032955E-003
   3.0922791265E-001   2.0718098462E-003
   4.6384186898E-001   1.7622423079E-003
   6.1845582531E-001   1.3520089567E-003
   7.7306978164E-001   8.4009267225E-004
   9.2768373796E-001   2.2525447594E-004
   1.0822976943E+000  -4.9399883313E-004
   1.2369116506E+000  -1.3195043297E-003
   1.3915256069E+000  -2.2534745343E-003
   1.5461395633E+000  -3.2980399408E-003
   1.7007535196E+000  -4.4530183534E-003
   1.8553674759E+000  -5.7094580733E-003
   2.0099814323E+000  -7.0360551129E-003
   2.1645953886E+000  -8.3593725832E-003
   2.3192093449E+000  -9.5512796607E-003
   2.4738233012E+000  -1.0456440013E-002
   2.6284372576E+000  -1.0985189698E-002
   2.7830512139E+000  -1.1196324228E-002
   2.9376651702E+000  -1.1200048043E-002
   3.0922791265E+000  -1.0968109097E-002
   3.2468930829E+000  -1.0384187238E-002
   3.4015070392E+000  -9.4401236349E-003
   3.5561209955E+000  -8.2609734032E-003
   3.7107349518E+000  -7.0005994607E-003
   3.8653489082E+000  -5.7695825820E-003
   4.0199628645E+000  -4.6255397004E-003
   4.1745768208E+000  -3.5907907451E-003
   4.3291907772E+000  -2.6707168298E-003
   4.4838047335E+000  -1.8647409748E-003
   4.6384186898E+000  -1.1710291578E-003
   4.7930326461E+000  -5.8791456023E-004
   4.9476466025E+000  -1.1410068122E-004
   5.1022605588E+000   2.5141678534E-004
   5.2568745151E+000   5.0942503166E-004
   5.4114884714E+000   6.6051338356E-004
   5.5661024278E+000   7.0506042275E-004
   5.7207163841E+000   6.4320813054E-004
   5.8753303404E+000   4.7484600670E-004
   6.0299442968E+000   1.9960846713E-004
   6.1845582531E+000  -1.8310740649E-004
   6.3391722094E+000  -6.7411592860E-004
   6.4937861657E+000  -1.2744163881E-003
   6.6484001221E+000  -1.9851964116E-003
   6.8030140784E+000  -2.8078803057E-003
   6.9576280347E+000  -3.7442185931E-003
   7.1122419910E+000  -4.7962311387E-003
   7.2668559474E+000  -5.9653549596E-003
   7.4214699037E+000  -7.2491369021E-003
   7.5760838600E+000  -8.6326697698E-003
   7.7306978164E+000  -1.0072454658E-002
   7.8853117727E+000  -1.1476622276E-002
   8.0399257290E+000  -1.2701322044E-002
   8.1945396853E+000  -1.3599772001E-002
   8.3491536417E+000  -1.4128131077E-002
   8.5037675980E+000  -1.4383953169E-002
   8.6583815543E+000  -1.4445567253E-002
   8.8129955106E+000  -1.4234149050E-002
   8.9676094670E+000  -1.3651638489E-002
   9.1222234233E+000  -1.2741354042E-002
   9.2768373796E+000  -1.1649539180E-002
   9.4314513359E+000  -1.0519494567E-002
   9.5860652923E+000  -9.4425345905E-003
   9.7406792486E+000  -8.4616053117E-003
   9.8952932049E+000  -7.5910697996E-003
   1.0049907161E+001  -6.8328516808E-003
   1.0204521118E+001  -6.1850041969E-003
   1.0359135074E+001  -5.6450221865E-003
   1.0513749030E+001  -5.2106984533E-003
   1.0668362987E+001  -4.8801842820E-003
   1.0822976943E+001  -4.6519029512E-003
   1.0977590899E+001  -4.5245038617E-003
   1.1132204856E+001  -4.4968611747E-003
   1.1286818812E+001  -4.5681019315E-003
   1.1441432768E+001  -4.7376335766E-003
   1.1596046725E+001  -5.0051633501E-003
   1.1750660681E+001  -5.3706975125E-003
   1.1905274637E+001  -5.8345275275E-003
   1.2059888594E+001  -6.3972064648E-003
   1.2214502550E+001  -7.0595384311E-003
   1.2369116506E+001  -7.8225999424E-003
   1.2523730462E+001  -8.6878166824E-003
   1.2678344419E+001  -9.6570426516E-003
   1.2832958375E+001  -1.0732357337E-002
   1.2987572331E+001  -1.1914640924E-002
   1.3142186288E+001  -1.3198871414E-002
   1.3296800244E+001  -1.4563139484E-002
   1.3451414200E+001  -1.5950281365E-002
   1.3606028157E+001  -1.7250197757E-002
   1.3760642113E+001  -1.8309518340E-002
   1.3915256069E+001  -1.9003674885E-002
   1.4069870026E+001  -1.9341288364E-002
   1.4224483982E+001  -1.9439088191E-002
   1.4379097938E+001  -1.9325660603E-002
   1.4533711895E+001  -1.8891082966E-002
   1.4688325851E+001  -1.8076846042E-002
   1.4842939807E+001  -1.6972939643E-002
   1.4997553764E+001  -1.5735068585E-002
   1.5152167720E+001  -1.4491769029E-002
   1.5306781676E+001  -1.3316915382E-002
   1.5461395633E+001  -1.2242276092E-002
   1.5616009589E+001  -1.1277287017E-002
   1.5770623545E+001  -1.0422625491E-002
   1.5925237502E+001  -9.6766577880E-003
   1.6079851458E+001  -9.0376604039E-003
   1.6234465414E+001  -8.5042684534E-003
   1.6389079371E+001  -8.0754356702E-003
   1.6543693327E+001  -7.7503372985E-003
   1.6698307283E+001  -7.5283314902E-003
   1.6852921240E+001  -7.4089579332E-003
   1.7007535196E+001  -7.3919623680E-003
   1.7162149152E+001  -7.4773142126E-003
   1.7316763109E+001  -7.6652178008E-003
   1.7471377065E+001  -7.9561019417E-003
   1.7625991021E+001  -8.3506030233E-003
   1.7780604978E+001  -8.8495410873E-003
   1.7935218934E+001  -9.4539215880E-003
   1.8089832890E+001  -1.0164974112E-002
   1.8244446847E+001  -1.0984249272E-002
   1.8399060803E+001  -1.1913658069E-002
   1.8553674759E+001  -1.2955022345E-002
   1.8708288716E+001  -1.4107851645E-002
   1.8862902672E+001  -1.5362893044E-002
   1.9017516628E+001  -1.6688553488E-002
   1.9172130585E+001  -1.8011122234E-002
   1.9326744541E+001  -1.9202210693E-002
   1.9481358497E+001  -2.0106241673E-002
   1.9635972454E+001  -2.0633332963E-002
   1.9790586410E+001  -2.0842094449E-002
   1.9945200366E+001  -2.0842575830E-002
   2.0099814323E+001  -2.0606383020E-002
   2.0254428279E+001  -2.0017056622E-002
   2.0409042235E+001  -1.9066302378E-002
   2.0563656191E+001  -1.7879040682E-002
   2.0718270148E+001  -1.6608997957E-002
   2.0872884104E+001  -1.5366620744E-002
   2.1027498060E+001  -1.4209400879E-002
   2.1182112017E+001  -1.3159547445E-002
   2.1336725973E+001  -1.2222346517E-002
   2.1491339929E+001  -1.1397140314E-002
   2.1645953886E+001  -1.0682024604E-002
   2.1800567842E+001  -1.0075268196E-002
   2.1955181798E+001  -9.5755107704E-003
   2.2109795755E+001  -9.1816794475E-003
   2.2264409711E+001  -8.8929087496E-003
   2.2419023667E+001  -8.7085171556E-003
   2.2573637624E+001  -8.6280168670E-003
   2.2728251580E+001  -8.6511379153E-003
   2.2882865536E+001  -8.7778438723E-003
   2.3037479493E+001  -9.0083360287E-003
   2.3192093449E+001  -9.3430390863E-003
   2.3346707405E+001  -9.7825805777E-003
   2.3501321362E+001  -1.0327771649E-002
   2.3655935318E+001  -1.0979619241E-002
   2.3810549274E+001  -1.1739384430E-002
   2.3965163231E+001  -1.2608682548E-002
   2.4119777187E+001  -1.3589436759E-002
   2.4274391143E+001  -1.4683035310E-002
   2.4429005100E+001  -1.5887031320E-002
   2.4583619056E+001  -1.7186581219E-002
   2.4738233012E+001  -1.8538300867E-002
   2.4892846969E+001  -1.9850468273E-002
   2.5047460925E+001  -2.0979379903E-002
   2.5202074881E+001  -2.1778355894E-002
   2.5356688838E+001  -2.2203578271E-002
   2.5511302794E+001  -2.2352592563E-002
   2.5665916750E+001  -2.2303851763E-002
   2.5820530707E+001  -2.1978898851E-002
   2.5975144663E+001  -2.1280184279E-002
   2.6129758619E+001  -2.0251522013E-002
   2.6284372576E+001  -1.9039587930E-002
   2.6438986532E+001  -1.7788081621E-002
   2.6593600488E+001  -1.6588721190E-002
   2.6748214445E+001  -1.5484886972E-002
   2.6902828401E+001  -1.4491418825E-002
   2.7057442357E+001  -1.3610760046E-002
   2.7212056314E+001  -1.2841518943E-002
   2.7366670270E+001  -1.2181769079E-002
   2.7521284226E+001  -1.1629892044E-002
   2.7675898183E+001  -1.1184623912E-002
   2.7830512139E+001  -1.0844955158E-002
   2.7985126095E+001  -1.0610072349E-002
   2.8139740052E+001  -1.0479346012E-002
   2.8294354008E+001  -1.0452349891E-002
   2.8448967964E+001  -1.0528881586E-002
   2.8603581920E+001  -1.0708976910E-002
   2.8758195877E+001  -1.0992905776E-002
   2.8912809833E+001  -1.1381156543E-002
   2.9067423789E+001  -1.1874411978E-002
   2.9222037746E+001  -1.2473539553E-002
   2.9376651702E+001  -1.3179614958E-002
   2.9531265658E+001  -1.3994002184E-002
   2.9685879615E+001  -1.4918437020E-002
   2.9840493571E+001  -1.5954829247E-002
   2.9995107527E+001  -1.7103843165E-002
   3.0149721484E+001  -1.8360200175E-002
   3.0304335440E+001  -1.9701699579E-002
   3.0458949396E+001  -2.1070858764E-002
   3.0613563353E+001  -2.2357241163E-002
   3.0768177309E+001  -2.3407131024E-002
   3.0922791265E+001  -2.4095619361E-002
   3.1077405222E+001  -2.4431013000E-002
   3.1232019178E+001  -2.4529786236E-002
   3.1386633134E+001  -2.4420352125E-002
   3.1541247091E+001  -2.3992685249E-002
   3.1695861047E+001  -2.3188205256E-002
   3.1850475003E+001  -2.2096828283E-002
   3.2005088960E+001  -2.0874169081E-002
   3.2159702916E+001  -1.9648657010E-002
   3.2314316872E+001  -1.8494046541E-002
   3.2468930829E+001  -1.7441977203E-002
   3.2623544785E+001  -1.6501751049E-002
   3.2778158741E+001  -1.5673910290E-002
   3.2932772698E+001  -1.4956687525E-002
   3.3087386654E+001  -1.4348228951E-002
   3.3242000610E+001  -1.3847044027E-002
   3.3396614567E+001  -1.3451966264E-002
   3.3551228523E+001  -1.3162056555E-002
   3.3705842479E+001  -1.2976564737E-002
   3.3860456436E+001  -1.2894928178E-002
