  -3.4015070392E+001   7.1894665008E-003
  -3.3860456436E+001   7.1491146427E-003
  -3.3705842479E+001   7.0051983965E-003
  -3.3551228523E+001   6.7573699421E-003
  -3.3396614567E+001   6.4050696234E-003
  -3.3242000610E+001   5.9475502736E-003
  -3.3087386654E+001   5.3838758110E-003
  -3.2932772698E+001   4.7128828113E-003
  -3.2778158741E+001   3.9330838376E-003
  -3.2623544785E+001   3.0426282313E-003
  -3.2468930829E+001   2.0397517777E-003
  -3.2314316872E+001   9.2499991592E-004
  -3.2159702916E+001  -2.9232202234E-004
  -3.2005088960E+001  -1.5805711519E-003
  -3.1850475003E+001  -2.8659895315E-003
  -3.1695861047E+001  -4.0201441721E-003
  -3.1541247091E+001  -4.8874166099E-003
  -3.1386633134E+001  -5.3778872558E-003
  -3.1232019178E+001  -5.5501336034E-003
  -3.1077405222E+001  -5.5141781094E-003
  -3.0922791265E+001  -5.2416033717E-003
  -3.0768177309E+001  -4.6159297098E-003
  -3.0613563353E+001  -3.6288452037E-003
  -3.0458949396E+001  -2.4052543089E-003
  -3.0304335440E+001  -1.0988683841E-003
  -3.0149721484E+001   1.7988050212E-004
  -2.9995107527E+001   1.3735143389E-003
  -2.9840493571E+001   2.4598370925E-003
  -2.9685879615E+001   3.4335748364E-003
  -2.9531265658E+001   4.2953965375E-003
  -2.9376651702E+001   5.0472166137E-003
  -2.9222037746E+001   5.6907754591E-003
  -2.9067423789E+001   6.2274416315E-003
  -2.8912809833E+001   6.6582953338E-003
  -2.8758195877E+001   6.9842084911E-003
  -2.8603581920E+001   7.2058682443E-003
  -2.8448967964E+001   7.3237672300E-003
  -2.8294354008E+001   7.3381795213E-003
  -2.8139740052E+001   7.2491449652E-003
  -2.7985126095E+001   7.0564650574E-003
  -2.7830512139E+001   6.7597173019E-003
  -2.7675898183E+001   6.3582758460E-003
  -2.7521284226E+001   5.8513307479E-003
  -2.7366670270E+001   5.2378758434E-003
  -2.7212056314E+001   4.5166504398E-003
  -2.7057442357E+001   3.6860392291E-003
  -2.6902828401E+001   2.7441187368E-003
  -2.6748214445E+001   1.6895000894E-003
  -2.6593600488E+001   5.2462925487E-004
  -2.6438986532E+001  -7.3565137598E-004
  -2.6284372576E+001  -2.0479590542E-003
  -2.6129758619E+001  -3.3205733392E-003
  -2.5975144663E+001  -4.4097923672E-003
  -2.5820530707E+001  -5.1689382059E-003
  -2.5665916750E+001  -5.5541954834E-003
  -2.5511302794E+001  -5.6631130960E-003
  -2.5356688838E+001  -5.5741470775E-003
  -2.5202074881E+001  -5.2088421928E-003
  -2.5047460925E+001  -4.4696503617E-003
  -2.4892846969E+001  -3.4003878047E-003
  -2.4738233012E+001  -2.1477333458E-003
  -2.4583619056E+001  -8.5538979145E-004
  -2.4429005100E+001   3.8492141926E-004
  -2.4274391143E+001   1.5298164768E-003
  -2.4119777187E+001   2.5644518613E-003
  -2.3965163231E+001   3.4863803983E-003
  -2.3810549274E+001   4.2969896688E-003
  -2.3655935318E+001   4.9982017574E-003
  -2.3501321362E+001   5.5916304738E-003
  -2.3346707405E+001   6.0785348911E-003
  -2.3192093449E+001   6.4599194192E-003
  -2.3037479493E+001   6.7365920955E-003
  -2.2882865536E+001   6.9091767009E-003
  -2.2728251580E+001   6.9780934738E-003
  -2.2573637624E+001   6.9435384554E-003
  -2.2419023667E+001   6.8054691075E-003
  -2.2264409711E+001   6.5636084170E-003
  -2.2109795755E+001   6.2174605350E-003
  -2.1955181798E+001   5.7663348154E-003
  -2.1800567842E+001   5.2093555158E-003
  -2.1645953886E+001   4.5454382879E-003
  -2.1491339929E+001   3.7732100913E-003
  -2.1336725973E+001   2.8909257097E-003
  -2.1182112017E+001   1.8966655741E-003
  -2.1027498060E+001   7.8975526346E-004
  -2.0872884104E+001  -4.2453700268E-004
  -2.0718270148E+001  -1.7240210747E-003
  -2.0563656191E+001  -3.0512249005E-003
  -2.0409042235E+001  -4.2957223264E-003
  -2.0254428279E+001  -5.3038077391E-003
  -2.0099814323E+001  -5.9505821752E-003
  -1.9945200366E+001  -6.2443629417E-003
  -1.9790586410E+001  -6.3016356526E-003
  -1.9635972454E+001  -6.1508252263E-003
  -1.9481358497E+001  -5.6819189769E-003
  -1.9326744541E+001  -4.8363511875E-003
  -1.9172130585E+001  -3.7040544213E-003
  -1.9017516628E+001  -2.4406605955E-003
  -1.8862902672E+001  -1.1746161526E-003
  -1.8708288716E+001   2.0307913808E-005
  -1.8553674759E+001   1.1124564690E-003
  -1.8399060803E+001   2.0925131196E-003
  -1.8244446847E+001   2.9599229224E-003
  -1.8089832890E+001   3.7164425215E-003
  -1.7935218934E+001   4.3639173439E-003
  -1.7780604978E+001   4.9038323656E-003
  -1.7625991021E+001   5.3373517755E-003
  -1.7471377065E+001   5.6654161072E-003
  -1.7316763109E+001   5.8887811324E-003
  -1.7162149152E+001   6.0080197265E-003
  -1.7007535196E+001   6.0234979973E-003
  -1.6852921240E+001   5.9353584079E-003
  -1.6698307283E+001   5.7435093378E-003
  -1.6543693327E+001   5.4476363245E-003
  -1.6389079371E+001   5.0472197090E-003
  -1.6234465414E+001   4.5415592072E-003
  -1.6079851458E+001   3.9297726430E-003
  -1.5925237502E+001   3.2107575227E-003
  -1.5770623545E+001   2.3830942033E-003
  -1.5616009589E+001   1.4450063210E-003
  -1.5461395633E+001   3.9480984428E-004
  -1.5306781676E+001  -7.6686464633E-004
  -1.5152167720E+001  -2.0306230192E-003
  -1.4997553764E+001  -3.3647315687E-003
  -1.4842939807E+001  -4.6953412840E-003
  -1.4688325851E+001  -5.8939294081E-003
  -1.4533711895E+001  -6.8047898417E-003
  -1.4379097938E+001  -7.3379163280E-003
  -1.4224483982E+001  -7.5517946664E-003
  -1.4069870026E+001  -7.5563381689E-003
  -1.3915256069E+001  -7.3229894682E-003
  -1.3760642113E+001  -6.7350938876E-003
  -1.3606028157E+001  -5.7841369670E-003
  -1.3451414200E+001  -4.5948048684E-003
  -1.3296800244E+001  -3.3205846377E-003
  -1.3142186288E+001  -2.0716854071E-003
  -1.2987572331E+001  -9.0537002891E-004
  -1.2832958375E+001   1.5636725999E-004
  -1.2678344419E+001   1.1084363002E-003
  -1.2523730462E+001   1.9516677682E-003
  -1.2369116506E+001   2.6881119945E-003
  -1.2214502550E+001   3.3196159270E-003
  -1.2059888594E+001   3.8476220333E-003
  -1.1905274637E+001   4.2732489547E-003
  -1.1750660681E+001   4.5973693400E-003
  -1.1596046725E+001   4.8206317449E-003
  -1.1441432768E+001   4.9434499713E-003
  -1.1286818812E+001   4.9659787204E-003
  -1.1132204856E+001   4.8880983131E-003
  -1.0977590899E+001   4.7094116791E-003
  -1.0822976943E+001   4.4292606655E-003
  -1.0668362987E+001   4.0467495884E-003
  -1.0513749030E+001   3.5607685099E-003
  -1.0359135074E+001   2.9699862776E-003
  -1.0204521118E+001   2.2727984976E-003
  -1.0049907161E+001   1.4672346084E-003
  -9.8952932049E+000   5.5101196112E-004
  -9.7406792486E+000  -4.7761381446E-004
  -9.5860652923E+000  -1.6165414801E-003
  -9.4314513359E+000  -2.8512563613E-003
  -9.2768373796E+000  -4.1386812568E-003
  -9.1222234233E+000  -5.3873752397E-003
  -8.9676094670E+000  -6.4538864948E-003
  -8.8129955106E+000  -7.1917498731E-003
  -8.6583815543E+000  -7.5573080581E-003
  -8.5037675980E+000  -7.6482039397E-003
  -8.3491536417E+000  -7.5429564744E-003
  -8.1945396853E+000  -7.1631862883E-003
  -8.0399257290E+000  -6.4114300093E-003
  -7.8853117727E+000  -5.3315763054E-003
  -7.7306978164E+000  -4.0703631171E-003
  -7.5760838600E+000  -2.7715421063E-003
  -7.4214699037E+000  -1.5268688153E-003
  -7.2668559474E+000  -3.7973878713E-004
  -7.1122419910E+000   6.5502062964E-004
  -6.9576280347E+000   1.5750082201E-003
  -6.8030140784E+000   2.3816861777E-003
  -6.6484001221E+000   3.0770768283E-003
  -6.4937861657E+000   3.6629157742E-003
  -6.3391722094E+000   4.1406008355E-003
  -6.1845582531E+000   4.5112873765E-003
  -6.0299442968E+000   4.7759420277E-003
  -5.8753303404E+000   4.9353506781E-003
  -5.7207163841E+000   4.9900957015E-003
  -5.5661024278E+000   4.9405325473E-003
  -5.4114884714E+000   4.7867733538E-003
  -5.2568745151E+000   4.5286897523E-003
  -5.1022605588E+000   4.1659278316E-003
  -4.9476466025E+000   3.6979320334E-003
  -4.7930326461E+000   3.1239551461E-003
  -4.6384186898E+000   2.4430354274E-003
  -4.4838047335E+000   1.6539173907E-003
  -4.3291907772E+000   7.5496931663E-004
  -4.1745768208E+000  -2.5561792238E-004
  -4.0199628645E+000  -1.3784104222E-003
  -3.8653489082E+000  -2.6080327012E-003
  -3.7107349518E+000  -3.9221866124E-003
  -3.5561209955E+000  -5.2632876321E-003
  -3.4015070392E+000  -6.5207852106E-003
  -3.2468930829E+000  -7.5408226307E-003
  -3.0922791265E+000  -8.1982969483E-003
  -2.9376651702E+000  -8.5012503958E-003
  -2.7830512139E+000  -8.5658782423E-003
  -2.6284372576E+000  -8.4204244717E-003
  -2.4738233012E+000  -7.9548239735E-003
  -2.3192093449E+000  -7.1104587053E-003
  -2.1645953886E+000  -5.9771175723E-003
  -2.0099814323E+000  -4.7102059587E-003
  -1.8553674759E+000  -3.4378977192E-003
  -1.7007535196E+000  -2.2336724375E-003
  -1.5461395633E+000  -1.1288928380E-003
  -1.3915256069E+000  -1.3259405882E-004
  -1.2369116506E+000   7.5493065407E-004
  -1.0822976943E+000   1.5356737150E-003
  -9.2768373796E-001   2.2116848644E-003
  -7.7306978164E-001   2.7846168108E-003
  -6.1845582531E-001   3.2557602660E-003
  -4.6384186898E-001   3.6261371443E-003
  -3.0922791265E-001   3.8965363664E-003
  -1.5461395633E-001   4.0675135094E-003
   0.0000000000E+000   4.1393655850E-003
   1.5461395633E-001   4.1121136542E-003
   3.0922791265E-001   3.9854927525E-003
   4.6384186898E-001   3.7589644336E-003
   6.1845582531E-001   3.4317367737E-003
   7.7306978164E-001   3.0027924791E-003
   9.2768373796E-001   2.4708924230E-003
   1.0822976943E+000   1.8345432895E-003
   1.2369116506E+000   1.0919079395E-003
   1.3915256069E+000   2.4077387059E-004
   1.5461395633E+000  -7.2098925898E-004
   1.7007535196E+000  -1.7931988993E-003
   1.8553674759E+000  -2.9669027191E-003
   2.0099814323E+000  -4.2107957708E-003
   2.1645953886E+000  -5.4514399134E-003
   2.3192093449E+000  -6.5607029985E-003
   2.4738233012E+000  -7.3832479136E-003
   2.6284372576E+000  -7.8294115949E-003
   2.7830512139E+000  -7.9579924048E-003
   2.9376651702E+000  -7.8791965907E-003
   3.0922791265E+000  -7.5647688419E-003
   3.2468930829E+000  -6.8983820763E-003
   3.4015070392E+000  -5.8718716409E-003
   3.5561209955E+000  -4.6102896586E-003
   3.7107349518E+000  -3.2674978211E-003
   3.8653489082E+000  -1.9540762915E-003
   4.0199628645E+000  -7.2764141884E-004
   4.1745768208E+000   3.8948765896E-004
   4.3291907772E+000   1.3919308659E-003
   4.4838047335E+000   2.2802664008E-003
   4.6384186898E+000   3.0563295845E-003
   4.7930326461E+000   3.7217885151E-003
   4.9476466025E+000   4.2779408709E-003
   5.1022605588E+000   4.7257919649E-003
   5.2568745151E+000   5.0661297683E-003
   5.4114884714E+000   5.2995441109E-003
   5.5661024278E+000   5.4264137699E-003
   5.7207163841E+000   5.4468805952E-003
   5.8753303404E+000   5.3608336281E-003
   6.0299442968E+000   5.1679065181E-003
   6.1845582531E+000   4.8674953105E-003
   6.3391722094E+000   4.4587844385E-003
   6.4937861657E+000   3.9407732112E-003
   6.6484001221E+000   3.3122725240E-003
   6.8030140784E+000   2.5718565902E-003
   6.9576280347E+000   1.7177734795E-003
   7.1122419910E+000   7.4800206219E-004
   7.2668559474E+000  -3.3889573221E-004
   7.4214699037E+000  -1.5404675312E-003
   7.5760838600E+000  -2.8418066182E-003
   7.7306978164E+000  -4.1994143084E-003
   7.8853117727E+000  -5.5214214407E-003
   8.0399257290E+000  -6.6639778341E-003
   8.1945396853E+000  -7.4803029328E-003
   8.3491536417E+000  -7.9265590673E-003
   8.5037675980E+000  -8.1003052515E-003
   8.6583815543E+000  -8.0798741909E-003
   8.8129955106E+000  -7.7864413967E-003
   8.9676094670E+000  -7.1219445532E-003
   9.1222234233E+000  -6.1297007668E-003
   9.2768373796E+000  -4.9559534561E-003
   9.4314513359E+000  -3.7440037849E-003
   9.5860652923E+000  -2.5851666498E-003
   9.7406792486E+000  -1.5223884041E-003
   9.8952932049E+000  -5.7003210842E-004
   1.0049907161E+001   2.6997894138E-004
   1.0204521118E+001   9.9959214946E-004
   1.0359135074E+001   1.6213136238E-003
   1.0513749030E+001   2.1373517913E-003
   1.0668362987E+001   2.5495568678E-003
   1.0822976943E+001   2.8595073325E-003
   1.0977590899E+001   3.0685557869E-003
   1.1132204856E+001   3.1778303054E-003
   1.1286818812E+001   3.1882063047E-003
   1.1441432768E+001   3.1002790101E-003
   1.1596046725E+001   2.9143440507E-003
   1.1750660681E+001   2.6303982210E-003
   1.1905274637E+001   2.2481532791E-003
   1.2059888594E+001   1.7670595180E-003
   1.2214502550E+001   1.1863163011E-003
   1.2369116506E+001   5.0485064558E-004
   1.2523730462E+001  -2.7875959091E-004
   1.2678344419E+001  -1.1663649227E-003
   1.2832958375E+001  -2.1600414801E-003
   1.2987572331E+001  -3.2606663027E-003
   1.3142186288E+001  -4.4632145428E-003
   1.3296800244E+001  -5.7457743998E-003
   1.3451414200E+001  -7.0511800430E-003
   1.3606028157E+001  -8.2693305401E-003
   1.3760642113E+001  -9.2468544059E-003
   1.3915256069E+001  -9.8591829439E-003
   1.4069870026E+001  -1.0114937639E-002
   1.4224483982E+001  -1.0130848803E-002
   1.4379097938E+001  -9.9355023866E-003
   1.4533711895E+001  -9.4189740562E-003
   1.4688325851E+001  -8.5227531537E-003
   1.4842939807E+001  -7.3368293612E-003
   1.4997553764E+001  -6.0169083789E-003
   1.5152167720E+001  -4.6915278102E-003
   1.5306781676E+001  -3.4345638409E-003
   1.5461395633E+001  -2.2777869341E-003
   1.5616009589E+001  -1.2306351154E-003
   1.5770623545E+001  -2.9378794628E-004
   1.5925237502E+001   5.3438608039E-004
   1.6079851458E+001   1.2556083298E-003
   1.6234465414E+001   1.8712416816E-003
   1.6389079371E+001   2.3823305704E-003
   1.6543693327E+001   2.7896981248E-003
   1.6698307283E+001   3.0939847883E-003
   1.6852921240E+001   3.2956497015E-003
   1.7007535196E+001   3.3949461899E-003
   1.7162149152E+001   3.3919041431E-003
   1.7316763109E+001   3.2863187804E-003
   1.7471377065E+001   3.0777610996E-003
   1.7625991021E+001   2.7655947817E-003
   1.7780604978E+001   2.3490001267E-003
   1.7935218934E+001   1.8269723006E-003
   1.8089832890E+001   1.1982826174E-003
   1.8244446847E+001   4.6138164263E-004
   1.8399060803E+001  -3.8564018506E-004
   1.8553674759E+001  -1.3446030115E-003
   1.8708288716E+001  -2.4150144517E-003
   1.8862902672E+001  -3.5876194140E-003
   1.9017516628E+001  -4.8308224462E-003
   1.9172130585E+001  -6.0709101475E-003
   1.9326744541E+001  -7.1794909980E-003
   1.9481358497E+001  -8.0009846884E-003
   1.9635972454E+001  -8.4455060762E-003
   1.9790586410E+001  -8.5716626544E-003
   1.9945200366E+001  -8.4895015874E-003
   2.0099814323E+001  -8.1706248542E-003
   2.0254428279E+001  -7.4985680948E-003
   2.0409042235E+001  -6.4650324142E-003
   2.0563656191E+001  -5.1949341944E-003
   2.0718270148E+001  -3.8419960632E-003
   2.0872884104E+001  -2.5166607615E-003
   2.1027498060E+001  -1.2764163328E-003
   2.1182112017E+001  -1.4346813712E-004
   2.1336725973E+001   8.7690133826E-004
   2.1491339929E+001   1.7853532991E-003
   2.1645953886E+001   2.5837952030E-003
   2.1800567842E+001   3.2739612598E-003
   2.1955181798E+001   3.8572145743E-003
   2.2109795755E+001   4.3346305725E-003
   2.2264409711E+001   4.7070770152E-003
   2.2419023667E+001   4.9752374262E-003
   2.2573637624E+001   5.1396013060E-003
   2.2728251580E+001   5.2004400083E-003
   2.2882865536E+001   5.1577910165E-003
   2.3037479493E+001   5.0114537630E-003
   2.3192093449E+001   4.7610039388E-003
   2.3346707405E+001   4.4058140848E-003
   2.3501321362E+001   3.9450728205E-003
   2.3655935318E+001   3.3777726799E-003
   2.3810549274E+001   2.7026517776E-003
   2.3965163231E+001   1.9180937006E-003
   2.4119777187E+001   1.0221739403E-003
   2.4274391143E+001   1.3502646897E-005
   2.4429005100E+001  -1.1054751393E-003
   2.4583619056E+001  -2.3199179123E-003
   2.4738233012E+001  -3.5864437692E-003
   2.4892846969E+001  -4.8133330788E-003
   2.5047460925E+001  -5.8568847507E-003
   2.5202074881E+001  -6.5704215888E-003
   2.5356688838E+001  -6.9101289157E-003
   2.5511302794E+001  -6.9735562710E-003
   2.5665916750E+001  -6.8391602657E-003
   2.5820530707E+001  -6.4284861593E-003
   2.5975144663E+001  -5.6439862643E-003
   2.6129758619E+001  -4.5294770767E-003
   2.6284372576E+001  -3.2316375662E-003
   2.6438986532E+001  -1.8941705458E-003
   2.6593600488E+001  -6.0879731451E-004
   2.6748214445E+001   5.8109861237E-004
   2.6902828401E+001   1.6606741723E-003
   2.7057442357E+001   2.6274828218E-003
   2.7212056314E+001   3.4829129567E-003
   2.7366670270E+001   4.2288876735E-003
   2.7521284226E+001   4.8670220030E-003
   2.7675898183E+001   5.3985764625E-003
   2.7830512139E+001   5.8245571435E-003
   2.7985126095E+001   6.1457740188E-003
   2.8139740052E+001   6.3628530756E-003
   2.8294354008E+001   6.4762170488E-003
   2.8448967964E+001   6.4860647855E-003
   2.8603581920E+001   6.3923568850E-003
   2.8758195877E+001   6.1948198242E-003
   2.8912809833E+001   5.8929616187E-003
   2.9067423789E+001   5.4860958814E-003
   2.9222037746E+001   4.9733515420E-003
   2.9376651702E+001   4.3536493510E-003
   2.9531265658E+001   3.6256218021E-003
   2.9685879615E+001   2.7875296484E-003
   2.9840493571E+001   1.8374597137E-003
   2.9995107527E+001   7.7474436468E-004
   3.0149721484E+001  -3.9534104841E-004
   3.0304335440E+001  -1.6505989806E-003
   3.0458949396E+001  -2.9335498243E-003
   3.0613563353E+001  -4.1337598318E-003
   3.0768177309E+001  -5.0975158853E-003
   3.0922791265E+001  -5.6999116929E-003
   3.1077405222E+001  -5.9492572641E-003
   3.1232019178E+001  -5.9620302975E-003
   3.1386633134E+001  -5.7666461453E-003
   3.1541247091E+001  -5.2530802358E-003
   3.1695861047E+001  -4.3627528989E-003
   3.1850475003E+001  -3.1855814886E-003
   3.2005088960E+001  -1.8771821786E-003
   3.2159702916E+001  -5.6598561621E-004
   3.2314316872E+001   6.7425264700E-004
   3.2468930829E+001   1.8118921602E-003
   3.2623544785E+001   2.8376300669E-003
   3.2778158741E+001   3.7509234408E-003
   3.2932772698E+001   4.5535390429E-003
   3.3087386654E+001   5.2473301082E-003
   3.3242000610E+001   5.8337866763E-003
   3.3396614567E+001   6.3140747971E-003
   3.3551228523E+001   6.6891331964E-003
   3.3705842479E+001   6.9597117002E-003
   3.3860456436E+001   7.1263726356E-003
