  -3.4015070392E+001   2.3832529309E-002
  -3.3860456436E+001   2.3709199819E-002
  -3.3705842479E+001   2.3482291298E-002
  -3.3551228523E+001   2.3151455401E-002
  -3.3396614567E+001   2.2716131914E-002
  -3.3242000610E+001   2.2175573078E-002
  -3.3087386654E+001   2.1528842177E-002
  -3.2932772698E+001   2.0774775117E-002
  -3.2778158741E+001   1.9911883751E-002
  -3.2623544785E+001   1.8938316676E-002
  -3.2468930829E+001   1.7852308906E-002
  -3.2314316872E+001   1.6654405093E-002
  -3.2159702916E+001   1.5353909789E-002
  -3.2005088960E+001   1.3982465123E-002
  -3.1850475003E+001   1.2613828343E-002
  -3.1695861047E+001   1.1376431826E-002
  -3.1541247091E+001   1.0425893540E-002
  -3.1386633134E+001   9.8521327164E-003
  -3.1232019178E+001   9.5965716876E-003
  -3.1077405222E+001   9.5491880793E-003
  -3.0922791265E+001   9.7383996977E-003
  -3.0768177309E+001   1.0280686932E-002
  -3.0613563353E+001   1.1184362634E-002
  -3.0458949396E+001   1.2324523439E-002
  -3.0304335440E+001   1.3547459194E-002
  -3.0149721484E+001   1.4742739128E-002
  -2.9995107527E+001   1.5852886587E-002
  -2.9840493571E+001   1.6855706918E-002
  -2.9685879615E+001   1.7745927573E-002
  -2.9531265658E+001   1.8524218865E-002
  -2.9376651702E+001   1.9192496510E-002
  -2.9222037746E+001   1.9752502137E-002
  -2.9067423789E+001   2.0205605465E-002
  -2.8912809833E+001   2.0552887780E-002
  -2.8758195877E+001   2.0795222010E-002
  -2.8603581920E+001   2.0933296218E-002
  -2.8448967964E+001   2.0967603879E-002
  -2.8294354008E+001   2.0898419819E-002
  -2.8139740052E+001   2.0725784556E-002
  -2.7985126095E+001   2.0449500164E-002
  -2.7830512139E+001   2.0069144638E-002
  -2.7675898183E+001   1.9584092518E-002
  -2.7521284226E+001   1.8993534158E-002
  -2.7366670270E+001   1.8296463588E-002
  -2.7212056314E+001   1.7491620203E-002
  -2.7057442357E+001   1.6577388676E-002
  -2.6902828401E+001   1.5551845412E-002
  -2.6748214445E+001   1.4413601323E-002
  -2.6593600488E+001   1.3165102080E-002
  -2.6438986532E+001   1.1821189712E-002
  -2.6284372576E+001   1.0425246575E-002
  -2.6129758619E+001   9.0689927023E-003
  -2.5975144663E+001   7.8961295744E-003
  -2.5820530707E+001   7.0533347840E-003
  -2.5665916750E+001   6.5844234391E-003
  -2.5511302794E+001   6.3918465083E-003
  -2.5356688838E+001   6.3971480322E-003
  -2.5202074881E+001   6.6787835730E-003
  -2.5047460925E+001   7.3343017462E-003
  -2.4892846969E+001   8.3198869943E-003
  -2.4738233012E+001   9.4888612286E-003
  -2.4583619056E+001   1.0697522421E-002
  -2.4429005100E+001   1.1854149925E-002
  -2.4274391143E+001   1.2915360714E-002
  -2.4119777187E+001   1.3866312006E-002
  -2.3965163231E+001   1.4704557300E-002
  -2.3810549274E+001   1.5431484763E-002
  -2.3655935318E+001   1.6049016965E-002
  -2.3501321362E+001   1.6558768094E-002
  -2.3346707405E+001   1.6961997493E-002
  -2.3192093449E+001   1.7259709731E-002
  -2.3037479493E+001   1.7452712902E-002
  -2.2882865536E+001   1.7541630742E-002
  -2.2728251580E+001   1.7526883349E-002
  -2.2573637624E+001   1.7408666535E-002
  -2.2419023667E+001   1.7186937448E-002
  -2.2264409711E+001   1.6861418681E-002
  -2.2109795755E+001   1.6431613911E-002
  -2.1955181798E+001   1.5896831949E-002
  -2.1800567842E+001   1.5256196436E-002
  -2.1645953886E+001   1.4508622341E-002
  -2.1491339929E+001   1.3652735881E-002
  -2.1336725973E+001   1.2686791041E-002
  -2.1182112017E+001   1.1608867413E-002
  -2.1027498060E+001   1.0418289707E-002
  -2.0872884104E+001   9.1203252705E-003
  -2.0718270148E+001   7.7371634050E-003
  -2.0563656191E+001   6.3262753673E-003
  -2.0409042235E+001   4.9980866048E-003
  -2.0254428279E+001   3.9063021450E-003
  -2.0099814323E+001   3.1758205149E-003
  -1.9945200366E+001   2.7983241583E-003
  -1.9790586410E+001   2.6573274673E-003
  -1.9635972454E+001   2.7244058642E-003
  -1.9481358497E+001   3.1095727258E-003
  -1.9326744541E+001   3.8713947441E-003
  -1.9172130585E+001   4.9199405378E-003
  -1.9017516628E+001   6.0995795327E-003
  -1.8862902672E+001   7.2818667599E-003
  -1.8708288716E+001   8.3930327991E-003
  -1.8553674759E+001   9.4014241546E-003
  -1.8399060803E+001   1.0297726104E-002
  -1.8244446847E+001   1.1081385376E-002
  -1.8089832890E+001   1.1754160265E-002
  -1.7935218934E+001   1.2317897801E-002
  -1.7780604978E+001   1.2774084507E-002
  -1.7625991021E+001   1.3123886044E-002
  -1.7471377065E+001   1.3368244343E-002
  -1.7316763109E+001   1.3507916481E-002
  -1.7162149152E+001   1.3543476544E-002
  -1.7007535196E+001   1.3475291749E-002
  -1.6852921240E+001   1.3303505556E-002
  -1.6698307283E+001   1.3028027219E-002
  -1.6543693327E+001   1.2648543023E-002
  -1.6389079371E+001   1.2164533913E-002
  -1.6234465414E+001   1.1575300060E-002
  -1.6079851458E+001   1.0879959582E-002
  -1.5925237502E+001   1.0077410112E-002
  -1.5770623545E+001   9.1662319584E-003
  -1.5616009589E+001   8.1446485304E-003
  -1.5461395633E+001   7.0109753969E-003
  -1.5306781676E+001   5.7658425745E-003
  -1.5152167720E+001   4.4186434834E-003
  -1.4997553764E+001   3.0011109951E-003
  -1.4842939807E+001   1.5870931931E-003
  -1.4688325851E+001   3.0511184752E-004
  -1.4533711895E+001  -6.8912795663E-004
  -1.4379097938E+001  -1.3056209684E-003
  -1.4224483982E+001  -1.6028539286E-003
  -1.4069870026E+001  -1.6907409307E-003
  -1.3915256069E+001  -1.5407251433E-003
  -1.3760642113E+001  -1.0361521825E-003
  -1.3606028157E+001  -1.6850771428E-004
  -1.3451414200E+001   9.3752207394E-004
  -1.3296800244E+001   2.1284501759E-003
  -1.3142186288E+001   3.2940675393E-003
  -1.2987572331E+001   4.3771114053E-003
  -1.2832958375E+001   5.3555876146E-003
  -1.2678344419E+001   6.2244060421E-003
  -1.2523730462E+001   6.9843973327E-003
  -1.2369116506E+001   7.6376117024E-003
  -1.2214502550E+001   8.1858958893E-003
  -1.2059888594E+001   8.6306920498E-003
  -1.1905274637E+001   8.9731184091E-003
  -1.1750660681E+001   9.2140470954E-003
  -1.1596046725E+001   9.3541260410E-003
  -1.1441432768E+001   9.3937683253E-003
  -1.1286818812E+001   9.3331278324E-003
  -1.1132204856E+001   9.1720839769E-003
  -1.0977590899E+001   8.9102387001E-003
  -1.0822976943E+001   8.5469327858E-003
  -1.0668362987E+001   8.0812694211E-003
  -1.0513749030E+001   7.5121374816E-003
  -1.0359135074E+001   6.8382045810E-003
  -1.0204521118E+001   6.0578650531E-003
  -1.0049907161E+001   5.1691470338E-003
  -9.8952932049E+000   4.1697665487E-003
  -9.7406792486E+000   3.0579778840E-003
  -9.5860652923E+000   1.8358809195E-003
  -9.4314513359E+000   5.1798896017E-004
  -9.2768373796E+000  -8.5262216363E-004
  -9.1222234233E+000  -2.1845128696E-003
  -8.9676094670E+000  -3.3342326001E-003
  -8.8129955106E+000  -4.1553172523E-003
  -8.6583815543E+000  -4.6041101763E-003
  -8.5037675980E+000  -4.7782545495E-003
  -8.3491536417E+000  -4.7562696049E-003
  -8.1945396853E+000  -4.4597765188E-003
  -8.0399257290E+000  -3.7913124678E-003
  -7.8853117727E+000  -2.7947663133E-003
  -7.7306978164E+000  -1.6168758444E-003
  -7.5760838600E+000  -4.0139239832E-004
  -7.4214699037E+000   7.5992886350E-004
  -7.2668559474E+000   1.8236927849E-003
  -7.1122419910E+000   2.7750723993E-003
  -6.9576280347E+000   3.6116668761E-003
  -6.8030140784E+000   4.3349388094E-003
  -6.6484001221E+000   4.9469109562E-003
  -6.4937861657E+000   5.4493193909E-003
  -6.3391722094E+000   5.8435624523E-003
  -6.1845582531E+000   6.1307960728E-003
  -6.0299442968E+000   6.3119874993E-003
  -5.8753303404E+000   6.3879232813E-003
  -5.7207163841E+000   6.3591864910E-003
  -5.5661024278E+000   6.2261333039E-003
  -5.4114884714E+000   5.9888766010E-003
  -5.2568745151E+000   5.6472887576E-003
  -5.1022605588E+000   5.2010165904E-003
  -4.9476466025E+000   4.6495052315E-003
  -4.7930326461E+000   3.9920080985E-003
  -4.6384186898E+000   3.2275639906E-003
  -4.4838047335E+000   2.3549178480E-003
  -4.3291907772E+000   1.3724382378E-003
  -4.1745768208E+000   2.7831615716E-004
  -4.0199628645E+000  -9.2801454075E-004
  -3.8653489082E+000  -2.2411786016E-003
  -3.7107349518E+000  -3.6388782571E-003
  -3.5561209955E+000  -5.0635294474E-003
  -3.4015070392E+000  -6.4045820497E-003
  -3.2468930829E+000  -7.5081795459E-003
  -3.0922791265E+000  -8.2492187101E-003
  -2.9376651702E+000  -8.6357408623E-003
  -2.7830512139E+000  -8.7839401160E-003
  -2.6284372576E+000  -8.7220599167E-003
  -2.4738233012E+000  -8.3400354332E-003
  -2.3192093449E+000  -7.5792489341E-003
  -2.1645953886E+000  -6.5294890280E-003
  -2.0099814323E+000  -5.3461601872E-003
  -1.8553674759E+000  -4.1574349791E-003
  -1.7007535196E+000  -3.0367915400E-003
  -1.5461395633E+000  -2.0155911419E-003
  -1.3915256069E+000  -1.1028675705E-003
  -1.2369116506E+000  -2.9891288227E-004
  -1.0822976943E+000   3.9826632713E-004
  -9.2768373796E-001   9.9072056839E-004
  -7.7306978164E-001   1.4801030914E-003
  -6.1845582531E-001   1.8677049176E-003
  -4.6384186898E-001   2.1545480426E-003
  -3.0922791265E-001   2.3414212460E-003
  -1.5461395633E-001   2.4288797512E-003
   0.0000000000E+000   2.4172200135E-003
   1.5461395633E-001   2.3064623492E-003
   3.0922791265E-001   2.0963408757E-003
   4.6384186898E-001   1.7863160750E-003
   6.1845582531E-001   1.3755948218E-003
   7.7306978164E-001   8.6315851662E-004
   9.2768373796E-001   2.4776665363E-004
   1.0822976943E+000  -4.7207550471E-004
   1.2369116506E+000  -1.2982065300E-003
   1.3915256069E+000  -2.2328403383E-003
   1.5461395633E+000  -3.2781086413E-003
   1.7007535196E+000  -4.4338301977E-003
   1.8553674759E+000  -5.6910539150E-003
   2.0099814323E+000  -7.0184760175E-003
   2.1645953886E+000  -8.3426594807E-003
   2.3192093449E+000  -9.5354732266E-003
   2.4738233012E+000  -1.0441581144E-002
   2.6284372576E+000  -1.0971321019E-002
   2.7830512139E+000  -1.1183491805E-002
   2.9376651702E+000  -1.1188300115E-002
   3.0922791265E+000  -1.0957490895E-002
   3.2468930829E+000  -1.0374737165E-002
   3.4015070392E+000  -9.4318741227E-003
   3.5561209955E+000  -8.2539535699E-003
   3.7107349518E+000  -6.9948368597E-003
   3.8653489082E+000  -5.7651038858E-003
   4.0199628645E+000  -4.6223708059E-003
   4.1745768208E+000  -3.5889566193E-003
   4.3291907772E+000  -2.6702412791E-003
   4.4838047335E+000  -1.8656464446E-003
   4.6384186898E+000  -1.1733366069E-003
   4.7930326461E+000  -5.9164341509E-004
   4.9476466025E+000  -1.1926886315E-004
   5.1022605588E+000   2.4479276823E-004
   5.2568745151E+000   5.0132993357E-004
   5.4114884714E+000   6.5093301877E-004
   5.5661024278E+000   6.9398142200E-004
   5.7207163841E+000   6.3061766931E-004
   5.8753303404E+000   4.6073152116E-004
   6.0299442968E+000   1.8395737387E-004
   6.1845582531E+000  -2.0030797216E-004
   6.3391722094E+000  -6.9287934477E-004
   6.4937861657E+000  -1.2947567425E-003
   6.6484001221E+000  -2.0071286603E-003
   6.8030140784E+000  -2.8314203978E-003
   6.9576280347E+000  -3.7693835645E-003
   7.1122419910E+000  -4.8230391773E-003
   7.2668559474E+000  -5.9938254406E-003
   7.4214699037E+000  -7.2792903888E-003
   7.5760838600E+000  -8.6645279837E-003
   7.7306978164E+000  -1.0106040432E-002
   7.8853117727E+000  -1.1511959533E-002
   8.0399257290E+000  -1.2738435871E-002
   8.1945396853E+000  -1.3638689073E-002
   8.3491536417E+000  -1.4168880676E-002
   8.5037675980E+000  -1.4426568203E-002
   8.6583815543E+000  -1.4490083536E-002
   8.8129955106E+000  -1.4280602986E-002
   8.9676094670E+000  -1.3700065720E-002
   9.1222234233E+000  -1.2791789590E-002
   9.2768373796E+000  -1.1702017682E-002
   9.4314513359E+000  -1.0574050066E-002
   9.5860652923E+000  -9.4992001560E-003
   9.7406792486E+000  -8.5204126846E-003
   9.8952932049E+000  -7.6520491144E-003
   1.0049907161E+001  -6.8960312544E-003
   1.0204521118E+001  -6.2504103638E-003
   1.0359135074E+001  -5.7126791629E-003
   1.0513749030E+001  -5.2806282193E-003
   1.0668362987E+001  -4.9524064723E-003
   1.0822976943E+001  -4.7264347489E-003
   1.0977590899E+001  -4.6013598955E-003
   1.1132204856E+001  -4.5760534184E-003
   1.1286818812E+001  -4.6496396079E-003
   1.1441432768E+001  -4.8215230692E-003
   1.1596046725E+001  -5.0914081251E-003
   1.1750660681E+001  -5.4592980560E-003
   1.1905274637E+001  -5.9254813020E-003
   1.2059888594E+001  -6.4905078922E-003
   1.2214502550E+001  -7.1551789090E-003
   1.2369116506E+001  -7.9205679015E-003
   1.2523730462E+001  -8.7880976917E-003
   1.2678344419E+001  -9.7596195757E-003
   1.2832958375E+001  -1.0837210548E-002
   1.2987572331E+001  -1.2021748567E-002
   1.3142186288E+001  -1.3308209718E-002
   1.3296800244E+001  -1.4674683101E-002
   1.3451414200E+001  -1.6064003697E-002
   1.3606028157E+001  -1.7366071239E-002
   1.3760642113E+001  -1.8427514702E-002
   1.3915256069E+001  -1.9123765602E-002
   1.4069870026E+001  -1.9463445348E-002
   1.4224483982E+001  -1.9563283862E-002
   1.4379097938E+001  -1.9451866348E-002
   1.4533711895E+001  -1.9019267377E-002
   1.4688325851E+001  -1.8206974901E-002
   1.4842939807E+001  -1.7104977011E-002
   1.4997553764E+001  -1.5868977704E-002
   1.5152167720E+001  -1.4627512853E-002
   1.5306781676E+001  -1.3454456960E-002
   1.5461395633E+001  -1.2381578921E-002
   1.5616009589E+001  -1.1418315360E-002
   1.5770623545E+001  -1.0565344644E-002
   1.5925237502E+001  -9.8210342990E-003
   1.6079851458E+001  -9.1836622378E-003
   1.6234465414E+001  -8.6518651000E-003
   1.6389079371E+001  -8.2245982074E-003
   1.6543693327E+001  -7.9010384134E-003
   1.6698307283E+001  -7.6805454678E-003
   1.6852921240E+001  -7.5626606181E-003
   1.7007535196E+001  -7.5471311055E-003
   1.7162149152E+001  -7.6339277699E-003
   1.7316763109E+001  -7.8232562679E-003
   1.7471377065E+001  -8.1155466102E-003
   1.7625991021E+001  -8.5114362422E-003
   1.7780604978E+001  -9.0117460964E-003
   1.7935218934E+001  -9.6174823324E-003
   1.8089832890E+001  -1.0329875043E-002
   1.8244446847E+001  -1.1150475136E-002
   1.8399060803E+001  -1.2081193700E-002
   1.8553674759E+001  -1.3123852437E-002
   1.8708288716E+001  -1.4277960531E-002
   1.8862902672E+001  -1.5534264433E-002
   1.9017516628E+001  -1.6861170185E-002
   1.9172130585E+001  -1.8184965783E-002
   1.9326744541E+001  -1.9377260979E-002
   1.9481358497E+001  -2.0282476569E-002
   1.9635972454E+001  -2.0810728324E-002
   1.9790586410E+001  -2.1020624405E-002
   1.9945200366E+001  -2.1022212326E-002
   2.0099814323E+001  -2.0787094026E-002
   2.0254428279E+001  -2.0198804732E-002
   2.0409042235E+001  -1.9249044843E-002
   2.0563656191E+001  -1.8062729803E-002
   2.0718270148E+001  -1.6793581113E-002
   2.0872884104E+001  -1.5552040229E-002
   2.1027498060E+001  -1.4395593780E-002
   2.1182112017E+001  -1.3346445623E-002
   2.1336725973E+001  -1.2409876682E-002
   2.1491339929E+001  -1.1585224162E-002
   2.1645953886E+001  -1.0870579006E-002
   2.1800567842E+001  -1.0264205424E-002
   2.1955181798E+001  -9.7647387531E-003
   2.2109795755E+001  -9.3711020475E-003
   2.2264409711E+001  -9.0824260709E-003
   2.2419023667E+001  -8.8980258746E-003
   2.2573637624E+001  -8.8174105907E-003
   2.2728251580E+001  -8.8403075618E-003
   2.2882865536E+001  -8.9666780714E-003
   2.3037479493E+001  -9.1967215329E-003
   2.3192093449E+001  -9.5308611876E-003
   2.3346707405E+001  -9.9697235225E-003
   2.3501321362E+001  -1.0514119050E-002
   2.3655935318E+001  -1.1165054480E-002
   2.3810549274E+001  -1.1923791063E-002
   2.3965163231E+001  -1.2791944699E-002
   2.4119777187E+001  -1.3771439511E-002
   2.4274391143E+001  -1.4863665082E-002
   2.4429005100E+001  -1.6066176217E-002
   2.4583619056E+001  -1.7364131348E-002
   2.4738233012E+001  -1.8714148581E-002
   2.4892846969E+001  -2.0024508340E-002
   2.5047460925E+001  -2.1151509608E-002
   2.5202074881E+001  -2.1948475257E-002
   2.5356688838E+001  -2.2371590643E-002
   2.5511302794E+001  -2.2518405254E-002
   2.5665916750E+001  -2.2467375482E-002
   2.5820530707E+001  -2.2140046159E-002
   2.5975144663E+001  -2.1438869006E-002
   2.6129758619E+001  -2.0407659846E-002
   2.6284372576E+001  -1.9193096947E-002
   2.6438986532E+001  -1.7938882421E-002
   2.6593600488E+001  -1.6736736895E-002
   2.6748214445E+001  -1.5630043271E-002
   2.6902828401E+001  -1.4633644082E-002
   2.7057442357E+001  -1.3749985454E-002
   2.7212056314E+001  -1.2977678702E-002
   2.7366670270E+001  -1.2314800585E-002
   2.7521284226E+001  -1.1759736077E-002
   2.7675898183E+001  -1.1311224819E-002
   2.7830512139E+001  -1.0968261029E-002
   2.7985126095E+001  -1.0730035190E-002
   2.8139740052E+001  -1.0595921915E-002
   2.8294354008E+001  -1.0565499207E-002
   2.8448967964E+001  -1.0638569091E-002
   2.8603581920E+001  -1.0815171968E-002
   2.8758195877E+001  -1.1095582486E-002
   2.8912809833E+001  -1.1480293877E-002
   2.9067423789E+001  -1.1969993895E-002
   2.9222037746E+001  -1.2565555095E-002
   2.9376651702E+001  -1.3268058326E-002
   2.9531265658E+001  -1.4078872801E-002
   2.9685879615E+001  -1.4999739581E-002
   2.9840493571E+001  -1.6032573747E-002
   2.9995107527E+001  -1.7178044915E-002
   3.0149721484E+001  -1.8430879774E-002
   3.0304335440E+001  -1.9768882848E-002
   3.0458949396E+001  -2.1134576594E-002
   3.0613563353E+001  -2.2417529295E-002
   3.0768177309E+001  -2.3464029793E-002
   3.0922791265E+001  -2.4149173657E-002
   3.1077405222E+001  -2.4481272620E-002
   3.1232019178E+001  -2.4576805896E-002
   3.1386633134E+001  -2.4464190064E-002
   3.1541247091E+001  -2.4033401472E-002
   3.1695861047E+001  -2.3225861125E-002
   3.1850475003E+001  -2.2131486882E-002
   3.2005088960E+001  -2.0905895295E-002
   3.2159702916E+001  -1.9677517285E-002
   3.2314316872E+001  -1.8520108598E-002
   3.2468930829E+001  -1.7465309835E-002
   3.2623544785E+001  -1.6522423979E-002
   3.2778158741E+001  -1.5691994084E-002
   3.2932772698E+001  -1.4972253541E-002
   3.3087386654E+001  -1.4361349295E-002
   3.3242000610E+001  -1.3857791528E-002
   3.3396614567E+001  -1.3460414454E-002
   3.3551228523E+001  -1.3168279653E-002
   3.3705842479E+001  -1.2980637644E-002
   3.3860456436E+001  -1.2896926483E-002
