  -3.4015070392E+001   2.3832529309E-002
  -3.3860456436E+001   2.3700744437E-002
  -3.3705842479E+001   2.3472751972E-002
  -3.3551228523E+001   2.3147847185E-002
  -3.3396614567E+001   2.2724891141E-002
  -3.3242000610E+001   2.2202356997E-002
  -3.3087386654E+001   2.1578358929E-002
  -3.2932772698E+001   2.0850651406E-002
  -3.2778158741E+001   2.0016575912E-002
  -3.2623544785E+001   1.9073068170E-002
  -3.2468930829E+001   1.8017154154E-002
  -3.2314316872E+001   1.6848216097E-002
  -3.2159702916E+001   1.5574478819E-002
  -3.2005088960E+001   1.4226613826E-002
  -3.1850475003E+001   1.2877532097E-002
  -3.1695861047E+001   1.1654953802E-002
  -3.1541247091E+001   1.0713951842E-002
  -3.1386633134E+001   1.0144166155E-002
  -3.1232019178E+001   9.8870833039E-003
  -3.1077405222E+001   9.8328713641E-003
  -3.0922791265E+001   1.0009897386E-002
  -3.0768177309E+001   1.0534446635E-002
  -3.0613563353E+001   1.1414877059E-002
  -3.0458949396E+001   1.2526667060E-002
  -3.0304335440E+001   1.3716713918E-002
  -3.0149721484E+001   1.4875344725E-002
  -2.9995107527E+001   1.5945971020E-002
  -2.9840493571E+001   1.6907406800E-002
  -2.9685879615E+001   1.7755489685E-002
  -2.9531265658E+001   1.8492071762E-002
  -2.9376651702E+001   1.9120283475E-002
  -2.9222037746E+001   1.9643069795E-002
  -2.9067423789E+001   2.0062945649E-002
  -2.8912809833E+001   2.0382033656E-002
  -2.8758195877E+001   2.0602102452E-002
  -2.8603581920E+001   2.0724554790E-002
  -2.8448967964E+001   2.0750390201E-002
  -2.8294354008E+001   2.0680161844E-002
  -2.8139740052E+001   2.0513950537E-002
  -2.7985126095E+001   2.0251359154E-002
  -2.7830512139E+001   1.9891534345E-002
  -2.7675898183E+001   1.9433203347E-002
  -2.7521284226E+001   1.8874718066E-002
  -2.7366670270E+001   1.8214075874E-002
  -2.7212056314E+001   1.7448901134E-002
  -2.7057442357E+001   1.6576389837E-002
  -2.6902828401E+001   1.5593402833E-002
  -2.6748214445E+001   1.4497354132E-002
  -2.6593600488E+001   1.3289552043E-002
  -2.6438986532E+001   1.1983793933E-002
  -2.6284372576E+001   1.0622532904E-002
  -2.6129758619E+001   9.2966871782E-003
  -2.5975144663E+001   8.1492965431E-003
  -2.5820530707E+001   7.3265689638E-003
  -2.5665916750E+001   6.8721561812E-003
  -2.5511302794E+001   6.6886596283E-003
  -2.5356688838E+001   6.6977625087E-003
  -2.5202074881E+001   6.9777828927E-003
  -2.5047460925E+001   7.6261206145E-003
  -2.4892846969E+001   8.5991251871E-003
  -2.4738233012E+001   9.7505898813E-003
  -2.4583619056E+001   1.0937476124E-002
  -2.4429005100E+001   1.2068866881E-002
  -2.4274391143E+001   1.3102310210E-002
  -2.4119777187E+001   1.4024009872E-002
  -2.3965163231E+001   1.4832658641E-002
  -2.3810549274E+001   1.5530843554E-002
  -2.3655935318E+001   1.6121704754E-002
  -2.3501321362E+001   1.6608047183E-002
  -2.3346707405E+001   1.6992247349E-002
  -2.3192093449E+001   1.7276308678E-002
  -2.3037479493E+001   1.7461879974E-002
  -2.2882865536E+001   1.7550234621E-002
  -2.2728251580E+001   1.7542226479E-002
  -2.2573637624E+001   1.7438253065E-002
  -2.2419023667E+001   1.7238233821E-002
  -2.2264409711E+001   1.6941615695E-002
  -2.2109795755E+001   1.6547399095E-002
  -2.1955181798E+001   1.6054181028E-002
  -2.1800567842E+001   1.5460192411E-002
  -2.1645953886E+001   1.4763309963E-002
  -2.1491339929E+001   1.3961017853E-002
  -2.1336725973E+001   1.3050369961E-002
  -2.1182112017E+001   1.2028234426E-002
  -2.1027498060E+001   1.0892757472E-002
  -2.0872884104E+001   9.6480995181E-003
  -2.0718270148E+001   8.3154443396E-003
  -2.0563656191E+001   6.9513779185E-003
  -2.0409042235E+001   5.6655704512E-003
  -2.0254428279E+001   4.6111217327E-003
  -2.0099814323E+001   3.9125502294E-003
  -1.9945200366E+001   3.5614945635E-003
  -1.9790586410E+001   3.4416654880E-003
  -1.9635972454E+001   3.5246910097E-003
  -1.9481358497E+001   3.9203968722E-003
  -1.9326744541E+001   4.6872891396E-003
  -1.9172130585E+001   5.7357195479E-003
  -1.9017516628E+001   6.9106061209E-003
  -1.8862902672E+001   8.0842189864E-003
  -1.8708288716E+001   9.1836369298E-003
  -1.8553674759E+001   1.0178177757E-002
  -1.8399060803E+001   1.1059605594E-002
  -1.8244446847E+001   1.1828526863E-002
  -1.8089832890E+001   1.2487904031E-002
  -1.7935218934E+001   1.3040789688E-002
  -1.7780604978E+001   1.3489830638E-002
  -1.7625991021E+001   1.3837260784E-002
  -1.7471377065E+001   1.4084954526E-002
  -1.7316763109E+001   1.4234427600E-002
  -1.7162149152E+001   1.4286808281E-002
  -1.7007535196E+001   1.4242791210E-002
  -1.6852921240E+001   1.4102606952E-002
  -1.6698307283E+001   1.3866006849E-002
  -1.6543693327E+001   1.3532278406E-002
  -1.6389079371E+001   1.3100275968E-002
  -1.6234465414E+001   1.2568467086E-002
  -1.6079851458E+001   1.1934961488E-002
  -1.5925237502E+001   1.1197510349E-002
  -1.5770623545E+001   1.0353452941E-002
  -1.5616009589E+001   9.3997237175E-003
  -1.5461395633E+001   8.3333480737E-003
  -1.5306781676E+001   7.1537079649E-003
  -1.5152167720E+001   5.8690276736E-003
  -1.4997553764E+001   4.5099771772E-003
  -1.4842939807E+001   3.1494641217E-003
  -1.4688325851E+001   1.9152027973E-003
  -1.4533711895E+001   9.6225718195E-004
  -1.4379097938E+001   3.8025573947E-004
  -1.4224483982E+001   1.1067438356E-004
  -1.4069870026E+001   4.3678900221E-005
  -1.3915256069E+001   2.0765082652E-004
  -1.3760642113E+001   7.1890962963E-004
  -1.3606028157E+001   1.5858631545E-003
  -1.3451414200E+001   2.6840493030E-003
  -1.3296800244E+001   3.8604303337E-003
  -1.3142186288E+001   5.0054014618E-003
  -1.2987572331E+001   6.0624437962E-003
  -1.2832958375E+001   7.0104410441E-003
  -1.2678344419E+001   7.8452998354E-003
  -1.2523730462E+001   8.5689400545E-003
  -1.2369116506E+001   9.1845583231E-003
  -1.2214502550E+001   9.6951637808E-003
  -1.2059888594E+001   1.0103333147E-002
  -1.1905274637E+001   1.0411248141E-002
  -1.1750660681E+001   1.0620733598E-002
  -1.1596046725E+001   1.0733245403E-002
  -1.1441432768E+001   1.0749832983E-002
  -1.1286818812E+001   1.0671095902E-002
  -1.1132204856E+001   1.0497157424E-002
  -1.0977590899E+001   1.0227658196E-002
  -1.0822976943E+001   9.8617768821E-003
  -1.0668362987E+001   9.3982655470E-003
  -1.0513749030E+001   8.8354919602E-003
  -1.0359135074E+001   8.1714583773E-003
  -1.0204521118E+001   7.4037809470E-003
  -1.0049907161E+001   6.5296322968E-003
  -9.8952932049E+000   5.5458329038E-003
  -9.7406792486E+000   4.4497379512E-003
  -9.5860652923E+000   3.2425779884E-003
  -9.4314513359E+000   1.9380555884E-003
  -9.2768373796E+000   5.7851877807E-004
  -9.1222234233E+000  -7.4521518896E-004
  -8.9676094670E+000  -1.8901786299E-003
  -8.8129955106E+000  -2.7101685764E-003
  -8.6583815543E+000  -3.1614332269E-003
  -8.5037675980E+000  -3.3412003104E-003
  -8.3491536417E+000  -3.3277035003E-003
  -8.1945396853E+000  -3.0427436859E-003
  -8.0399257290E+000  -2.3891411184E-003
  -7.8853117727E+000  -1.4107132333E-003
  -7.7306978164E+000  -2.5374307070E-004
  -7.5760838600E+000   9.3871196338E-004
  -7.4214699037E+000   2.0757395316E-003
  -7.2668559474E+000   3.1148951017E-003
  -7.1122419910E+000   4.0423815547E-003
  -6.9576280347E+000   4.8568783305E-003
  -6.8030140784E+000   5.5609466949E-003
  -6.6484001221E+000   6.1576906478E-003
  -6.4937861657E+000   6.6498714382E-003
  -6.3391722094E+000   7.0398173767E-003
  -6.1845582531E+000   7.3294821867E-003
  -6.0299442968E+000   7.5204662477E-003
  -5.8753303404E+000   7.6139981828E-003
  -5.7207163841E+000   7.6108926629E-003
  -5.5661024278E+000   7.5115149222E-003
  -5.4114884714E+000   7.3157598021E-003
  -5.2568745151E+000   7.0230575547E-003
  -5.1022605588E+000   6.6323995084E-003
  -4.9476466025E+000   6.1423804335E-003
  -4.7930326461E+000   5.5512346844E-003
  -4.6384186898E+000   4.8568465765E-003
  -4.4838047335E+000   4.0567102891E-003
  -4.3291907772E+000   3.1478902458E-003
  -4.1745768208E+000   2.1272637812E-003
  -4.0199628645E+000   9.9298324557E-004
  -3.8653489082E+000  -2.5078895845E-004
  -3.7107349518E+000  -1.5828706854E-003
  -3.5561209955E+000  -2.9466775394E-003
  -3.4015070392E+000  -4.2325323831E-003
  -3.2468930829E+000  -5.2873043758E-003
  -3.0922791265E+000  -5.9863961092E-003
  -2.9376651702E+000  -6.3380287655E-003
  -2.7830512139E+000  -6.4583406078E-003
  -2.6284372576E+000  -6.3756483171E-003
  -2.4738233012E+000  -5.9801869972E-003
  -2.3192093449E+000  -5.2135254142E-003
  -2.1645953886E+000  -4.1653215768E-003
  -2.0099814323E+000  -2.9906027335E-003
  -1.8553674759E+000  -1.8170068524E-003
  -1.7007535196E+000  -7.1734760854E-004
  -1.5461395633E+000   2.7780254275E-004
  -1.3915256069E+000   1.1603120962E-003
  -1.2369116506E+000   1.9308830709E-003
  -1.0822976943E+000   2.5925637636E-003
  -9.2768373796E-001   3.1484829244E-003
  -7.7306978164E-001   3.6013543742E-003
  -6.1845582531E-001   3.9534706236E-003
  -4.6384186898E-001   4.2067571318E-003
  -3.0922791265E-001   4.3627740313E-003
  -1.5461395633E-001   4.4226881198E-003
   0.0000000000E+000   4.3872272749E-003
   1.5461395633E-001   4.2566502941E-003
   3.0922791265E-001   4.0307316859E-003
   4.6384186898E-001   3.7087766188E-003
   6.1845582531E-001   3.2896508062E-003
   7.7306978164E-001   2.7718257911E-003
   9.2768373796E-001   2.1534066279E-003
   1.0822976943E+000   1.4321298068E-003
   1.2369116506E+000   6.0530863784E-004
   1.3915256069E+000  -3.3016071517E-004
   1.5461395633E+000  -1.3773041668E-003
   1.7007535196E+000  -2.5368041249E-003
   1.8553674759E+000  -3.8005123115E-003
   2.0099814323E+000  -5.1378420661E-003
   2.1645953886E+000  -6.4759672667E-003
   2.3192093449E+000  -7.6872378092E-003
   2.4738233012E+000  -8.6166125582E-003
   2.6284372576E+000  -9.1744156542E-003
   2.7830512139E+000  -9.4190565963E-003
   2.9376651702E+000  -9.4602806234E-003
   3.0922791265E+000  -9.2697615906E-003
   3.2468930829E+000  -8.7313622662E-003
   3.4015070392E+000  -7.8368666868E-003
   3.5561209955E+000  -6.7108779015E-003
   3.7107349518E+000  -5.5065333474E-003
   3.8653489082E+000  -4.3335195628E-003
   4.0199628645E+000  -3.2484347308E-003
   4.1745768208E+000  -2.2724802494E-003
   4.3291907772E+000  -1.4098438956E-003
   4.4838047335E+000  -6.5870988364E-004
   4.6384186898E+000  -1.5994098601E-005
   4.7930326461E+000   5.2119369027E-004
   4.9476466025E+000   9.5530710650E-004
   5.1022605588E+000   1.2884027625E-003
   5.2568745151E+000   1.5221803754E-003
   5.4114884714E+000   1.6579724721E-003
   5.5661024278E+000   1.6967084475E-003
   5.7207163841E+000   1.6388725936E-003
   5.8753303404E+000   1.4844791258E-003
   6.0299442968E+000   1.2330674741E-003
   6.1845582531E+000   8.8372485498E-004
   6.3391722094E+000   4.3512396796E-004
   6.4937861657E+000  -1.1443196442E-004
   6.6484001221E+000  -7.6698736626E-004
   6.8030140784E+000  -1.5249517013E-003
   6.9576280347E+000  -2.3911537665E-003
   7.1122419910E+000  -3.3687475064E-003
   7.2668559474E+000  -4.4603229519E-003
   7.4214699037E+000  -5.6645646586E-003
   7.5760838600E+000  -6.9676570927E-003
   7.7306978164E+000  -8.3271189374E-003
   7.8853117727E+000  -9.6519957304E-003
   8.0399257290E+000  -1.0799206104E-002
   8.1945396853E+000  -1.1622497088E-002
   8.3491536417E+000  -1.2078168202E-002
   8.5037675980E+000  -1.2263565064E-002
   8.6583815543E+000  -1.2256950306E-002
   8.8129955106E+000  -1.1979950977E-002
   8.9676094670E+000  -1.1335103642E-002
   9.1222234233E+000  -1.0365980013E-002
   9.2768373796E+000  -9.2186940139E-003
   9.4314513359E+000  -8.0361805238E-003
   9.5860652923E+000  -6.9092437856E-003
   9.7406792486E+000  -5.8802150982E-003
   9.8952932049E+000  -4.9627638279E-003
   1.0049907161E+001  -4.1580662488E-003
   1.0204521118E+001  -3.4634028708E-003
   1.0359135074E+001  -2.8755024144E-003
   1.0513749030E+001  -2.3914330274E-003
   1.0668362987E+001  -2.0086983296E-003
   1.0822976943E+001  -1.7251846229E-003
   1.0977590899E+001  -1.5391446179E-003
   1.1132204856E+001  -1.4492200137E-003
   1.1286818812E+001  -1.4544869484E-003
   1.1441432768E+001  -1.5544938012E-003
   1.1596046725E+001  -1.7492835740E-003
   1.1750660681E+001  -2.0393886794E-003
   1.1905274637E+001  -2.4258050991E-003
   1.2059888594E+001  -2.9099491154E-003
   1.2214502550E+001  -3.4936195769E-003
   1.2369116506E+001  -4.1789852877E-003
   1.2523730462E+001  -4.9686223186E-003
   1.2678344419E+001  -5.8655504331E-003
   1.2832958375E+001  -6.8729870550E-003
   1.2987572331E+001  -7.9928819474E-003
   1.3142186288E+001  -9.2211796261E-003
   1.3296800244E+001  -1.0536808573E-002
   1.3451414200E+001  -1.1883300215E-002
   1.3606028157E+001  -1.3151103975E-002
   1.3760642113E+001  -1.4187238400E-002
   1.3915256069E+001  -1.4867297402E-002
   1.4069870026E+001  -1.5199739995E-002
   1.4224483982E+001  -1.5300924712E-002
   1.4379097938E+001  -1.5199254738E-002
   1.4533711895E+001  -1.4784902618E-002
   1.4688325851E+001  -1.3999344862E-002
   1.4842939807E+001  -1.2932211927E-002
   1.4997553764E+001  -1.1738573988E-002
   1.5152167720E+001  -1.0546155527E-002
   1.5306781676E+001  -9.4278774165E-003
   1.5461395633E+001  -8.4144249392E-003
   1.5616009589E+001  -7.5140388914E-003
   1.5770623545E+001  -6.7261182251E-003
   1.5925237502E+001  -6.0477052820E-003
   1.6079851458E+001  -5.4757510615E-003
   1.6234465414E+001  -5.0076107695E-003
   1.6389079371E+001  -4.6410507898E-003
   1.6543693327E+001  -4.3741952857E-003
   1.6698307283E+001  -4.2055254750E-003
   1.6852921240E+001  -4.1339086285E-003
   1.7007535196E+001  -4.1586445031E-003
   1.7162149152E+001  -4.2794960900E-003
   1.7316763109E+001  -4.4967050842E-003
   1.7471377065E+001  -4.8109768236E-003
   1.7625991021E+001  -5.2234499205E-003
   1.7780604978E+001  -5.7356501558E-003
   1.7935218934E+001  -6.3494617253E-003
   1.8089832890E+001  -7.0671281021E-003
   1.8244446847E+001  -7.8913054381E-003
   1.8399060803E+001  -8.8250554249E-003
   1.8553674759E+001  -9.8713493570E-003
   1.8708288716E+001  -1.1030802178E-002
   1.8862902672E+001  -1.2295186190E-002
   1.9017516628E+001  -1.3633826969E-002
   1.9172130585E+001  -1.4973810570E-002
   1.9326744541E+001  -1.6187413742E-002
   1.9481358497E+001  -1.7119560320E-002
   1.9635972454E+001  -1.7680606779E-002
   1.9790586410E+001  -1.7929062395E-002
   1.9945200366E+001  -1.7974754044E-002
   2.0099814323E+001  -1.7789308711E-002
   2.0254428279E+001  -1.7256434626E-002
   2.0409042235E+001  -1.6367767355E-002
   2.0563656191E+001  -1.5247822382E-002
   2.0718270148E+001  -1.4049696794E-002
   2.0872884104E+001  -1.2883058322E-002
   2.1027498060E+001  -1.1804490663E-002
   2.1182112017E+001  -1.0835175406E-002
   2.1336725973E+001  -9.9792708213E-003
   2.1491339929E+001  -9.2349209700E-003
   2.1645953886E+001  -8.5989917897E-003
   2.1800567842E+001  -8.0685349021E-003
   2.1955181798E+001  -7.6410321670E-003
   2.2109795755E+001  -7.3143579481E-003
   2.2264409711E+001  -7.0867407742E-003
   2.2419023667E+001  -6.9567752438E-003
   2.2573637624E+001  -6.9234593594E-003
   2.2728251580E+001  -6.9862376763E-003
   2.2882865536E+001  -7.1450272748E-003
   2.3037479493E+001  -7.4002233570E-003
   2.3192093449E+001  -7.7526775282E-003
   2.3346707405E+001  -8.2036609823E-003
   2.3501321362E+001  -8.7548204149E-003
   2.3655935318E+001  -9.4081572240E-003
   2.3810549274E+001  -1.0166045979E-002
   2.3965163231E+001  -1.1031289774E-002
   2.4119777187E+001  -1.2007026996E-002
   2.4274391143E+001  -1.3095843017E-002
   2.4429005100E+001  -1.4296429039E-002
   2.4583619056E+001  -1.5594987338E-002
   2.4738233012E+001  -1.6949064575E-002
   2.4892846969E+001  -1.8267742401E-002
   2.5047460925E+001  -1.9407981009E-002
   2.5202074881E+001  -2.0223572512E-002
   2.5356688838E+001  -2.0670865338E-002
   2.5511302794E+001  -2.0847258304E-002
   2.5665916750E+001  -2.0831068526E-002
   2.5820530707E+001  -2.0543978317E-002
   2.5975144663E+001  -1.9888588273E-002
   2.6129758619E+001  -1.8908549353E-002
   2.6284372576E+001  -1.7750068788E-002
   2.6438986532E+001  -1.6556185679E-002
   2.6593600488E+001  -1.5417817606E-002
   2.6748214445E+001  -1.4377417064E-002
   2.6902828401E+001  -1.3448780853E-002
   2.7057442357E+001  -1.2633216751E-002
   2.7212056314E+001  -1.1928138265E-002
   2.7366670270E+001  -1.1330405772E-002
   2.7521284226E+001  -1.0837214821E-002
   2.7675898183E+001  -1.0446189353E-002
   2.7830512139E+001  -1.0155326344E-002
   2.7985126095E+001  -9.9629773257E-003
   2.8139740052E+001  -9.8678691792E-003
   2.8294354008E+001  -9.8691482175E-003
   2.8448967964E+001  -9.9664169955E-003
   2.8603581920E+001  -1.0159756025E-002
   2.8758195877E+001  -1.0449718176E-002
   2.8912809833E+001  -1.0837302703E-002
   2.9067423789E+001  -1.1323912093E-002
   2.9222037746E+001  -1.1911314730E-002
   2.9376651702E+001  -1.2601632987E-002
   2.9531265658E+001  -1.3397381561E-002
   2.9685879615E+001  -1.4301505197E-002
   2.9840493571E+001  -1.5317134120E-002
   2.9995107527E+001  -1.6446120211E-002
   3.0149721484E+001  -1.7684300885E-002
   3.0304335440E+001  -1.9010489945E-002
   3.0458949396E+001  -2.0368098739E-002
   3.0613563353E+001  -2.1647454172E-002
   3.0768177309E+001  -2.2695453347E-002
   3.0922791265E+001  -2.3387574487E-002
   3.1077405222E+001  -2.3732175371E-002
   3.1232019178E+001  -2.3845541095E-002
   3.1386633134E+001  -2.3756038544E-002
   3.1541247091E+001  -2.3353835635E-002
   3.1695861047E+001  -2.2580418770E-002
   3.1850475003E+001  -2.1525427730E-002
   3.2005088960E+001  -2.0343935265E-002
   3.2159702916E+001  -1.9163661394E-002
   3.2314316872E+001  -1.8057516943E-002
   3.2468930829E+001  -1.7056173272E-002
   3.2623544785E+001  -1.6167855056E-002
   3.2778158741E+001  -1.5391944382E-002
   3.2932772698E+001  -1.4725467078E-002
   3.3087386654E+001  -1.4165358728E-002
   3.3242000610E+001  -1.3708960671E-002
   3.3396614567E+001  -1.3354027238E-002
   3.3551228523E+001  -1.3098672462E-002
   3.3705842479E+001  -1.2941369361E-002
   3.3860456436E+001  -1.2880978862E-002
