  -3.4015070392E+001   2.3832529309E-002
  -3.3860456436E+001   2.3708656256E-002
  -3.3705842479E+001   2.3481218816E-002
  -3.3551228523E+001   2.3149869168E-002
  -3.3396614567E+001   2.2714047655E-002
  -3.3242000610E+001   2.2173007111E-002
  -3.3087386654E+001   2.1525811454E-002
  -3.2932772698E+001   2.0771297260E-002
  -3.2778158741E+001   1.9907977093E-002
  -3.2623544785E+001   1.8934000292E-002
  -3.2468930829E+001   1.7847602645E-002
  -3.2314316872E+001   1.6649329589E-002
  -3.2159702916E+001   1.5348486456E-002
  -3.2005088960E+001   1.3976716133E-002
  -3.1850475003E+001   1.2607776559E-002
  -3.1695861047E+001   1.1370100724E-002
  -3.1541247091E+001   1.0419307092E-002
  -3.1386633134E+001   9.8453152524E-003
  -3.1232019178E+001   9.5895477107E-003
  -3.1077405222E+001   9.5419820106E-003
  -3.0922791265E+001   9.7310355542E-003
  -3.0768177309E+001   1.0273188022E-002
  -3.0613563353E+001   1.1176751334E-002
  -3.0458949396E+001   1.2316821035E-002
  -3.0304335440E+001   1.3539685765E-002
  -3.0149721484E+001   1.4734913458E-002
  -2.9995107527E+001   1.5845026100E-002
  -2.9840493571E+001   1.6847827660E-002
  -2.9685879615E+001   1.7738044210E-002
  -2.9531265658E+001   1.8516344717E-002
  -2.9376651702E+001   1.9184643599E-002
  -2.9222037746E+001   1.9744681250E-002
  -2.9067423789E+001   2.0197826228E-002
  -2.8912809833E+001   2.0545158736E-002
  -2.8758195877E+001   2.0787550700E-002
  -2.8603581920E+001   2.0925689259E-002
  -2.8448967964E+001   2.0960067050E-002
  -2.8294354008E+001   2.0890958148E-002
  -2.8139740052E+001   2.0718402397E-002
  -2.7985126095E+001   2.0442201295E-002
  -2.7830512139E+001   2.0061932346E-002
  -2.7675898183E+001   1.9576969696E-002
  -2.7521284226E+001   1.8986503404E-002
  -2.7366670270E+001   1.8289527305E-002
  -2.7212056314E+001   1.7484780707E-002
  -2.7057442357E+001   1.6570648303E-002
  -2.6902828401E+001   1.5545206616E-002
  -2.6748214445E+001   1.4407066775E-002
  -2.6593600488E+001   1.3158674746E-002
  -2.6438986532E+001   1.1814872921E-002
  -2.6284372576E+001   1.0419044049E-002
  -2.6129758619E+001   9.0629085697E-003
  -2.5975144663E+001   7.8901683476E-003
  -2.5820530707E+001   7.0475013148E-003
  -2.5665916750E+001   6.5787228432E-003
  -2.5511302794E+001   6.3862840365E-003
  -2.5356688838E+001   6.3917288609E-003
  -2.5202074881E+001   6.6735125516E-003
  -2.5047460925E+001   7.3291831886E-003
  -2.4892846969E+001   8.3149245515E-003
  -2.4738233012E+001   9.4840578162E-003
  -2.4583619056E+001   1.0692880176E-002
  -2.4429005100E+001   1.1849670193E-002
  -2.4274391143E+001   1.2911044057E-002
  -2.4119777187E+001   1.3862158247E-002
  -2.3965163231E+001   1.4700565590E-002
  -2.3810549274E+001   1.5427653666E-002
  -2.3655935318E+001   1.6045344561E-002
  -2.3501321362E+001   1.6555252083E-002
  -2.3346707405E+001   1.6958635306E-002
  -2.3192093449E+001   1.7256498640E-002
  -2.3037479493E+001   1.7449650122E-002
  -2.2882865536E+001   1.7538713534E-002
  -2.2728251580E+001   1.7524109113E-002
  -2.2573637624E+001   1.7406032900E-002
  -2.2419023667E+001   1.7184442358E-002
  -2.2264409711E+001   1.6859060473E-002
  -2.2109795755E+001   1.6429391397E-002
  -2.1955181798E+001   1.5894744484E-002
  -2.1800567842E+001   1.5254243990E-002
  -2.1645953886E+001   1.4506805568E-002
  -2.1491339929E+001   1.3651056177E-002
  -2.1336725973E+001   1.2685250602E-002
  -2.1182112017E+001   1.1607469272E-002
  -2.1027498060E+001   1.0417037767E-002
  -2.0872884104E+001   9.1192243069E-003
  -2.0718270148E+001   7.7362190408E-003
  -2.0563656191E+001   6.3254940209E-003
  -2.0409042235E+001   4.9974754009E-003
  -2.0254428279E+001   3.9058687941E-003
  -2.0099814323E+001   3.1755731639E-003
  -1.9945200366E+001   2.7982712033E-003
  -1.9790586410E+001   2.6574772983E-003
  -1.9635972454E+001   2.7247665305E-003
  -1.9481358497E+001   3.1101515858E-003
  -1.9326744541E+001   3.8721981811E-003
  -1.9172130585E+001   4.9209737532E-003
  -1.9017516628E+001   6.1008463849E-003
  -1.8862902672E+001   7.2833696337E-003
  -1.8708288716E+001   8.3947725061E-003
  -1.8553674759E+001   9.4033998671E-003
  -1.8399060803E+001   1.0299935324E-002
  -1.8244446847E+001   1.1083823932E-002
  -1.8089832890E+001   1.1756822337E-002
  -1.7935218934E+001   1.2320775966E-002
  -1.7780604978E+001   1.2777169793E-002
  -1.7625991021E+001   1.3127168009E-002
  -1.7471377065E+001   1.3371711147E-002
  -1.7316763109E+001   1.3511554978E-002
  -1.7162149152E+001   1.3547272378E-002
  -1.7007535196E+001   1.3479229455E-002
  -1.6852921240E+001   1.3307568671E-002
  -1.6698307283E+001   1.3032198407E-002
  -1.6543693327E+001   1.2652804199E-002
  -1.6389079371E+001   1.2168866390E-002
  -1.6234465414E+001   1.1579684694E-002
  -1.6079851458E+001   1.0884376936E-002
  -1.5925237502E+001   1.0081840621E-002
  -1.5770623545E+001   9.1706561077E-003
  -1.5616009589E+001   8.1490470313E-003
  -1.5461395633E+001   7.0153293605E-003
  -1.5306781676E+001   5.7701336758E-003
  -1.5152167720E+001   4.4228541088E-003
  -1.4997553764E+001   3.0052243653E-003
  -1.4842939807E+001   1.5910934558E-003
  -1.4688325851E+001   3.0898413762E-004
  -1.4533711895E+001  -6.8539749009E-004
  -1.4379097938E+001  -1.3020451704E-003
  -1.4224483982E+001  -1.5994447030E-003
  -1.4069870026E+001  -1.6875093996E-003
  -1.3915256069E+001  -1.5376818930E-003
  -1.3760642113E+001  -1.0333075064E-003
  -1.3606028157E+001  -1.6587177993E-004
  -1.3451414200E+001   9.3993912453E-004
  -1.3296800244E+001   2.1306381611E-003
  -1.3142186288E+001   3.2960161976E-003
  -1.2987572331E+001   4.3788103818E-003
  -1.2832958375E+001   5.3570264766E-003
  -1.2678344419E+001   6.2255743226E-003
  -1.2523730462E+001   6.9852845965E-003
  -1.2369116506E+001   7.6382076288E-003
  -1.2214502550E+001   8.1861903672E-003
  -1.2059888594E+001   8.6306752794E-003
  -1.1905274637E+001   8.9727810067E-003
  -1.1750660681E+001   9.2133801979E-003
  -1.1596046725E+001   9.3531214087E-003
  -1.1441432768E+001   9.3924184410E-003
  -1.1286818812E+001   9.3314259960E-003
  -1.1132204856E+001   9.1700243946E-003
  -1.0977590899E+001   8.9078165665E-003
  -1.0822976943E+001   8.5441443588E-003
  -1.0668362987E+001   8.0781120876E-003
  -1.0513749030E+001   7.5086098150E-003
  -1.0359135074E+001   6.8343063886E-003
  -1.0204521118E+001   6.0535974145E-003
  -1.0049907161E+001   5.1645123312E-003
  -9.8952932049E+000   4.1647684899E-003
  -9.7406792486E+000   3.0526215202E-003
  -9.5860652923E+000   1.8301726605E-003
  -9.4314513359E+000   5.1193658513E-004
  -9.2768373796E+000  -8.5900950451E-004
  -9.1222234233E+000  -2.1912246814E-003
  -8.9676094670E+000  -3.3412571306E-003
  -8.8129955106E+000  -4.1626417031E-003
  -8.6583815543E+000  -4.6117210821E-003
  -8.5037675980E+000  -4.7861381578E-003
  -8.3491536417E+000  -4.7644118866E-003
  -8.1945396853E+000  -4.4681628946E-003
  -8.0399257290E+000  -3.7999278097E-003
  -7.8853117727E+000  -2.8035953000E-003
  -7.7306978164E+000  -1.6259033057E-003
  -7.5760838600E+000  -4.1060348904E-004
  -7.4214699037E+000   7.5054860792E-004
  -7.2668559474E+000   1.8141574419E-003
  -7.1122419910E+000   2.7653956646E-003
  -6.9576280347E+000   3.6018620610E-003
  -6.8030140784E+000   4.3250188245E-003
  -6.6484001221E+000   4.9368882810E-003
  -6.4937861657E+000   5.4392060328E-003
  -6.3391722094E+000   5.8333699000E-003
  -6.1845582531E+000   6.1205352469E-003
  -6.0299442968E+000   6.3016687040E-003
  -5.8753303404E+000   6.3775561603E-003
  -5.7207163841E+000   6.3487799896E-003
  -5.5661024278E+000   6.2156956413E-003
  -5.4114884714E+000   5.9784152538E-003
  -5.2568745151E+000   5.6368104581E-003
  -5.1022605588E+000   5.1905273434E-003
  -4.9476466025E+000   4.6390103511E-003
  -4.7930326461E+000   3.9815122696E-003
  -4.6384186898E+000   3.2170713569E-003
  -4.4838047335E+000   2.3444321260E-003
  -4.3291907772E+000   1.3619628579E-003
  -4.1745768208E+000   2.6785442477E-004
  -4.0199628645E+000  -9.3845926914E-004
  -3.8653489082E+000  -2.2516027423E-003
  -3.7107349518E+000  -3.6492778476E-003
  -3.5561209955E+000  -5.0739000613E-003
  -3.4015070392E+000  -6.4149188340E-003
  -3.2468930829E+000  -7.5184774482E-003
  -3.0922791265E+000  -8.2594729598E-003
  -2.9376651702E+000  -8.6459476014E-003
  -2.7830512139E+000  -8.7940966420E-003
  -2.6284372576E+000  -8.7321640655E-003
  -2.4738233012E+000  -8.3500847614E-003
  -2.3192093449E+000  -7.5892406873E-003
  -2.1645953886E+000  -6.5394207485E-003
  -2.0099814323E+000  -5.3560303289E-003
  -1.8553674759E+000  -4.1672432835E-003
  -1.7007535196E+000  -3.0465391959E-003
  -1.5461395633E+000  -2.0252807905E-003
  -1.3915256069E+000  -1.1125032054E-003
  -1.2369116506E+000  -3.0849968662E-004
  -1.0822976943E+000   3.8872218023E-004
  -9.2768373796E-001   9.8121213548E-004
  -7.7306978164E-001   1.4706228878E-003
  -6.1845582531E-001   1.8582451489E-003
  -4.6384186898E-001   2.1451008331E-003
  -3.0922791265E-001   2.3319788611E-003
  -1.5461395633E-001   2.4194348100E-003
   0.0000000000E+000   2.4077656915E-003
   1.5461395633E-001   2.2969925666E-003
   3.0922791265E-001   2.0868504708E-003
   4.6384186898E-001   1.7768009578E-003
   6.1845582531E-001   1.3660521039E-003
   7.7306978164E-001   8.5358661511E-004
   9.2768373796E-001   2.3816536493E-004
   1.0822976943E+000  -4.8170496262E-004
   1.2369116506E+000  -1.3078615068E-003
   1.3915256069E+000  -2.2425167697E-003
   1.5461395633E+000  -3.2878010934E-003
   1.7007535196E+000  -4.4435319278E-003
   1.8553674759E+000  -5.7007569417E-003
   2.0099814323E+000  -7.0281711875E-003
   2.1645953886E+000  -8.3523365242E-003
   2.3192093449E+000  -9.5451208035E-003
   2.4738233012E+000  -1.0451186913E-002
   2.6284372576E+000  -1.0980871788E-002
   2.7830512139E+000  -1.1192973792E-002
   2.9376651702E+000  -1.1197699172E-002
   3.0922791265E+000  -1.0966792617E-002
   3.2468930829E+000  -1.0383927046E-002
   3.4015070392E+000  -9.4409378045E-003
   3.5561209955E+000  -8.2628770163E-003
   3.7107349518E+000  -7.0036063729E-003
   3.8653489082E+000  -5.7737060374E-003
   4.0199628645E+000  -4.6307923588E-003
   4.1745768208E+000  -3.5971844751E-003
   4.3291907772E+000  -2.6782624623E-003
   4.4838047335E+000  -1.8734481215E-003
   4.6384186898E+000  -1.1809061319E-003
   4.7930326461E+000  -5.9896839541E-004
   4.9476466025E+000  -1.2633723371E-004
   5.1022605588E+000   2.3799266625E-004
   5.2568745151E+000   4.9480927551E-004
   5.4114884714E+000   6.4470242401E-004
   5.5661024278E+000   6.8805088895E-004
   5.7207163841E+000   6.2499652018E-004
   5.8753303404E+000   4.5542835899E-004
   6.0299442968E+000   1.7898005488E-004
   6.1845582531E+000  -2.0495234686E-004
   6.3391722094E+000  -6.9718441299E-004
   6.4937861657E+000  -1.2987168343E-003
   6.6484001221E+000  -2.0107387157E-003
   6.8030140784E+000  -2.8346758436E-003
   6.9576280347E+000  -3.7722801483E-003
   7.1122419910E+000  -4.8255727597E-003
   7.2668559474E+000  -5.9959917482E-003
   7.4214699037E+000  -7.2810847413E-003
   7.5760838600E+000  -8.6659450224E-003
   7.7306978164E+000  -1.0107073907E-002
   7.8853117727E+000  -1.1512602233E-002
   8.0399257290E+000  -1.2738679821E-002
   8.1945396853E+000  -1.3638526113E-002
   8.3491536417E+000  -1.4168303442E-002
   8.5037675980E+000  -1.4425570820E-002
   8.6583815543E+000  -1.4488660954E-002
   8.8129955106E+000  -1.4278749354E-002
   8.9676094670E+000  -1.3697773704E-002
   9.1222234233E+000  -1.2789051112E-002
   9.2768373796E+000  -1.1698824995E-002
   9.4314513359E+000  -1.0570396518E-002
   9.5860652923E+000  -9.4950805772E-003
   9.7406792486E+000  -8.5158235257E-003
   9.8952932049E+000  -7.6469884241E-003
   1.0049907161E+001  -6.8904985684E-003
   1.0204521118E+001  -6.2444065544E-003
   1.0359135074E+001  -5.7062062741E-003
   1.0513749030E+001  -5.2736893008E-003
   1.0668362987E+001  -4.9450054184E-003
   1.0822976943E+001  -4.7185761478E-003
   1.0977590899E+001  -4.5930488875E-003
   1.1132204856E+001  -4.5672955631E-003
   1.1286818812E+001  -4.6404407578E-003
   1.1441432768E+001  -4.8118892465E-003
   1.1596046725E+001  -5.0813454000E-003
   1.1750660681E+001  -5.4488124238E-003
   1.1905274637E+001  -5.9145785599E-003
   1.2059888594E+001  -6.4791935150E-003
   1.2214502550E+001  -7.1434579260E-003
   1.2369116506E+001  -7.9084447756E-003
   1.2523730462E+001  -8.7755762062E-003
   1.2678344419E+001  -9.7467027321E-003
   1.2832958375E+001  -1.0823900484E-002
   1.2987572331E+001  -1.2008046500E-002
   1.3142186288E+001  -1.3294115934E-002
   1.3296800244E+001  -1.4660196986E-002
   1.3451414200E+001  -1.6049123823E-002
   1.3606028157E+001  -1.7350795514E-002
   1.3760642113E+001  -1.8411840574E-002
   1.3915256069E+001  -1.9107690306E-002
   1.4069870026E+001  -1.9446966195E-002
   1.4224483982E+001  -1.9546398554E-002
   1.4379097938E+001  -1.9434573331E-002
   1.4533711895E+001  -1.9001566195E-002
   1.4688325851E+001  -1.8188866486E-002
   1.4842939807E+001  -1.7086463888E-002
   1.4997553764E+001  -1.5850064100E-002
   1.5152167720E+001  -1.4608204725E-002
   1.5306781676E+001  -1.3434761950E-002
   1.5461395633E+001  -1.2361506237E-002
   1.5616009589E+001  -1.1397875613E-002
   1.5770623545E+001  -1.0544549638E-002
   1.5925237502E+001  -9.7998968051E-003
   1.6079851458E+001  -9.1621957497E-003
   1.6234465414E+001  -8.6300835920E-003
   1.6389079371E+001  -8.2025158973E-003
   1.6543693327E+001  -7.8786695370E-003
   1.6698307283E+001  -7.6579040676E-003
   1.6852921240E+001  -7.5397603486E-003
   1.7007535196E+001  -7.5239850542E-003
   1.7162149152E+001  -7.6105482951E-003
   1.7316763109E+001  -7.7996548519E-003
   1.7471377065E+001  -8.0917337268E-003
   1.7625991021E+001  -8.4874212388E-003
   1.7780604978E+001  -8.9875370879E-003
   1.7935218934E+001  -9.5930861081E-003
   1.8089832890E+001  -1.0305296985E-002
   1.8244446847E+001  -1.1125719154E-002
   1.8399060803E+001  -1.2056262176E-002
   1.8553674759E+001  -1.3098746197E-002
   1.8708288716E+001  -1.4252678831E-002
   1.8862902672E+001  -1.5508804987E-002
   1.9017516628E+001  -1.6835529214E-002
   1.9172130585E+001  -1.8159138109E-002
   1.9326744541E+001  -1.9351240154E-002
   1.9481358497E+001  -2.0256255038E-002
   1.9635972454E+001  -2.0784297620E-002
   1.9790586410E+001  -2.0993975392E-002
   1.9945200366E+001  -2.0995335519E-002
   2.0099814323E+001  -2.0759979980E-002
   2.0254428279E+001  -2.0171444415E-002
   2.0409042235E+001  -1.9221429928E-002
   2.0563656191E+001  -1.8034852903E-002
   2.0718270148E+001  -1.6765435966E-002
   2.0872884104E+001  -1.5523621858E-002
   2.1027498060E+001  -1.4366898623E-002
   2.1182112017E+001  -1.3317471622E-002
   2.1336725973E+001  -1.2380623341E-002
   2.1491339929E+001  -1.1555692574E-002
   2.1645953886E+001  -1.0840771864E-002
   2.1800567842E+001  -1.0234127001E-002
   2.1955181798E+001  -9.7343948809E-003
   2.2109795755E+001  -9.3405000768E-003
   2.2264409711E+001  -9.0515748282E-003
   2.2419023667E+001  -8.8669356113E-003
   2.2573637624E+001  -8.7860929256E-003
   2.2728251580E+001  -8.8087754174E-003
   2.2882865536E+001  -8.9349456033E-003
   2.3037479493E+001  -9.1648040509E-003
   2.3192093449E+001  -9.4987750691E-003
   2.3346707405E+001  -9.9374861173E-003
   2.3501321362E+001  -1.0481748576E-002
   2.3655935318E+001  -1.1132569910E-002
   2.3810549274E+001  -1.1891212007E-002
   2.3965163231E+001  -1.2759291278E-002
   2.4119777187E+001  -1.3738732232E-002
   2.4274391143E+001  -1.4830924720E-002
   2.4429005100E+001  -1.6033423700E-002
   2.4583619056E+001  -1.7331387667E-002
   2.4738233012E+001  -1.8681434718E-002
   2.4892846969E+001  -1.9991845222E-002
   2.5047460925E+001  -2.1118918088E-002
   2.5202074881E+001  -2.1915976120E-002
   2.5356688838E+001  -2.2339204641E-002
   2.5511302794E+001  -2.2486153190E-002
   2.5665916750E+001  -2.2435278379E-002
   2.5820530707E+001  -2.2108125467E-002
   2.5975144663E+001  -2.1407146766E-002
   2.6129758619E+001  -2.0376158773E-002
   2.6284372576E+001  -1.9161840456E-002
   2.6438986532E+001  -1.7907894630E-002
   2.6593600488E+001  -1.6706042593E-002
   2.6748214445E+001  -1.5599667860E-002
   2.6902828401E+001  -1.4603613494E-002
   2.7057442357E+001  -1.3720326039E-002
   2.7212056314E+001  -1.2948417098E-002
   2.7366670270E+001  -1.2285963575E-002
   2.7521284226E+001  -1.1731350440E-002
   2.7675898183E+001  -1.1283317174E-002
   2.7830512139E+001  -1.0940857687E-002
   2.7985126095E+001  -1.0703162006E-002
   2.8139740052E+001  -1.0569604143E-002
   2.8294354008E+001  -1.0539761364E-002
   2.8448967964E+001  -1.0613434822E-002
   2.8603581920E+001  -1.0790663916E-002
   2.8758195877E+001  -1.1071722171E-002
   2.8912809833E+001  -1.1457101571E-002
   2.9067423789E+001  -1.1947488502E-002
   2.9222037746E+001  -1.2543754036E-002
   2.9376651702E+001  -1.3246977421E-002
   2.9531265658E+001  -1.4058526164E-002
   2.9685879615E+001  -1.4980139512E-002
   2.9840493571E+001  -1.6013730640E-002
   2.9995107527E+001  -1.7159967184E-002
   3.0149721484E+001  -1.8413573791E-002
   3.0304335440E+001  -1.9752352917E-002
   3.0458949396E+001  -2.1118824955E-002
   3.0613563353E+001  -2.2402556156E-002
   3.0768177309E+001  -2.3449833404E-002
   3.0922791265E+001  -2.4135750406E-002
   3.1077405222E+001  -2.4468617171E-002
   3.1232019178E+001  -2.4564911399E-002
   3.1386633134E+001  -2.4453048440E-002
   3.1541247091E+001  -2.4023003725E-002
   3.1695861047E+001  -2.3216197582E-002
   3.1850475003E+001  -2.2122547366E-002
   3.2005088960E+001  -2.0897669250E-002
   3.2159702916E+001  -1.9669993882E-002
   3.2314316872E+001  -1.8513276813E-002
   3.2468930829E+001  -1.7459158494E-002
   3.2623544785E+001  -1.6516941781E-002
   3.2778158741E+001  -1.5687169601E-002
   3.2932772698E+001  -1.4968075193E-002
   3.3087386654E+001  -1.4357805322E-002
   3.3242000610E+001  -1.3854869948E-002
   3.3396614567E+001  -1.3458103021E-002
   3.3551228523E+001  -1.3166565816E-002
   3.3705842479E+001  -1.2979508506E-002
   3.3860456436E+001  -1.2896368765E-002
