  -3.4015070392E+001   7.1842048497E-003
  -3.3860456436E+001   7.1451403375E-003
  -3.3705842479E+001   7.0024984730E-003
  -3.3551228523E+001   6.7559300956E-003
  -3.3396614567E+001   6.4048741969E-003
  -3.3242000610E+001   5.9485822476E-003
  -3.3087386654E+001   5.3861167934E-003
  -3.2932772698E+001   4.7163130289E-003
  -3.2778158741E+001   3.9376821316E-003
  -3.2623544785E+001   3.0483720577E-003
  -3.2468930829E+001   2.0466172172E-003
  -3.2314316872E+001   9.3296169513E-004
  -3.2159702916E+001  -2.8329049445E-004
  -3.2005088960E+001  -1.5704977303E-003
  -3.1850475003E+001  -2.8549032640E-003
  -3.1695861047E+001  -4.0080752092E-003
  -3.1541247091E+001  -4.8743960881E-003
  -3.1386633134E+001  -5.3639471275E-003
  -3.1232019178E+001  -5.5353064055E-003
  -3.1077405222E+001  -5.4984967533E-003
  -3.0922791265E+001  -5.2251010167E-003
  -3.0768177309E+001  -4.5986396156E-003
  -3.0613563353E+001  -3.6108005041E-003
  -3.0458949396E+001  -2.3864878048E-003
  -3.0304335440E+001  -1.0794124045E-003
  -3.0149721484E+001   1.9999419282E-004
  -2.9995107527E+001   1.3942546085E-003
  -2.9840493571E+001   2.4811734886E-003
  -2.9685879615E+001   3.4554776128E-003
  -2.9531265658E+001   4.3178366627E-003
  -2.9376651702E+001   5.0701657625E-003
  -2.9222037746E+001   5.7142059912E-003
  -2.9067423789E+001   6.2513265605E-003
  -2.8912809833E+001   6.6826082897E-003
  -2.8758195877E+001   7.0089236779E-003
  -2.8603581920E+001   7.2309603949E-003
  -2.8448967964E+001   7.3492115598E-003
  -2.8294354008E+001   7.3639516790E-003
  -2.8139740052E+001   7.2752209828E-003
  -2.7985126095E+001   7.0828212965E-003
  -2.7830512139E+001   6.7863303985E-003
  -2.7675898183E+001   6.3851226507E-003
  -2.7521284226E+001   5.8783882640E-003
  -2.7366670270E+001   5.2651211620E-003
  -2.7212056314E+001   4.5440606743E-003
  -2.7057442357E+001   3.7135914506E-003
  -2.6902828401E+001   2.7717899144E-003
  -2.6748214445E+001   1.7172670375E-003
  -2.6593600488E+001   5.5246859211E-004
  -2.6438986532E+001  -7.0776325342E-004
  -2.6284372576E+001  -2.0200459829E-003
  -2.6129758619E+001  -3.2926593814E-003
  -2.5975144663E+001  -4.3819017846E-003
  -2.5820530707E+001  -5.1410953988E-003
  -2.5665916750E+001  -5.5264248676E-003
  -2.5511302794E+001  -5.6354389348E-003
  -2.5356688838E+001  -5.5465933679E-003
  -2.5202074881E+001  -5.1814326150E-003
  -2.5047460925E+001  -4.4424081644E-003
  -2.4892846969E+001  -3.3733356352E-003
  -2.4738233012E+001  -2.1208931234E-003
  -2.4583619056E+001  -8.2878264275E-004
  -2.4429005100E+001   4.1127519202E-004
  -2.4274391143E+001   1.5558974090E-003
  -2.4119777187E+001   2.5902413233E-003
  -2.3965163231E+001   3.5118605776E-003
  -2.3810549274E+001   4.3221435386E-003
  -2.3655935318E+001   5.0230130354E-003
  -2.3501321362E+001   5.6160835748E-003
  -2.3346707405E+001   6.1026148767E-003
  -2.3192093449E+001   6.4836119470E-003
  -2.3037479493E+001   6.7598833710E-003
  -2.2882865536E+001   6.9320534334E-003
  -2.2728251580E+001   7.0005428361E-003
  -2.2573637624E+001   6.9655480482E-003
  -2.2419023667E+001   6.8270269284E-003
  -2.2264409711E+001   6.5847028322E-003
  -2.2109795755E+001   6.2380802550E-003
  -2.1955181798E+001   5.7864688721E-003
  -2.1800567842E+001   5.2289932432E-003
  -2.1645953886E+001   4.5645693053E-003
  -2.1491339929E+001   3.7918242917E-003
  -2.1336725973E+001   2.9090132546E-003
  -2.1182112017E+001   1.9142168976E-003
  -2.1027498060E+001   8.0676108870E-004
  -2.0872884104E+001  -4.0808563214E-004
  -2.0718270148E+001  -1.7081327459E-003
  -2.0563656191E+001  -3.0359077643E-003
  -2.0409042235E+001  -4.2809840126E-003
  -2.0254428279E+001  -5.2896552496E-003
  -2.0099814323E+001  -5.9370217354E-003
  -1.9945200366E+001  -6.2313997872E-003
  -1.9790586410E+001  -6.2892738019E-003
  -1.9635972454E+001  -6.1390673355E-003
  -1.9481358497E+001  -5.6707662221E-003
  -1.9326744541E+001  -4.8258030691E-003
  -1.9172130585E+001  -3.6941085549E-003
  -1.9017516628E+001  -2.4313125714E-003
  -1.8862902672E+001  -1.1658594565E-003
  -1.8708288716E+001   2.8481945452E-005
  -1.8553674759E+001   1.1200586657E-003
  -1.8399060803E+001   2.0995564678E-003
  -1.8244446847E+001   2.9664225299E-003
  -1.8089832890E+001   3.7224155579E-003
  -1.7935218934E+001   4.3693829592E-003
  -1.7780604978E+001   4.9088115917E-003
  -1.7625991021E+001   5.3418674113E-003
  -1.7471377065E+001   5.6694925929E-003
  -1.7316763109E+001   5.8924444115E-003
  -1.7162149152E+001   6.0112971001E-003
  -1.7007535196E+001   6.0264179693E-003
  -1.6852921240E+001   5.9379505220E-003
  -1.6698307283E+001   5.7458040070E-003
  -1.6543693327E+001   5.4496646525E-003
  -1.6389079371E+001   5.0490133040E-003
  -1.6234465414E+001   4.5431499893E-003
  -1.6079851458E+001   3.9311926457E-003
  -1.5925237502E+001   3.2120386919E-003
  -1.5770623545E+001   2.3842681966E-003
  -1.5616009589E+001   1.4461043097E-003
  -1.5461395633E+001   3.9586232547E-004
  -1.5306781676E+001  -7.6582802571E-004
  -1.5152167720E+001  -2.0295736196E-003
  -1.4997553764E+001  -3.3636418934E-003
  -1.4842939807E+001  -4.6941850908E-003
  -1.4688325851E+001  -5.8926817930E-003
  -1.4533711895E+001  -6.8034272859E-003
  -1.4379097938E+001  -7.3364166779E-003
  -1.4224483982E+001  -7.5501370325E-003
  -1.4069870026E+001  -7.5545028148E-003
  -1.3915256069E+001  -7.3209577514E-003
  -1.3760642113E+001  -6.7328481591E-003
  -1.3606028157E+001  -5.7816603896E-003
  -1.3451414200E+001  -4.5920812542E-003
  -1.3296800244E+001  -3.3175983524E-003
  -1.3142186288E+001  -2.0684213145E-003
  -1.2987572331E+001  -9.0181345484E-004
  -1.2832958375E+001   1.6023054694E-004
  -1.2678344419E+001   1.1126200920E-003
  -1.2523730462E+001   1.9561854051E-003
  -1.2369116506E+001   2.6929763398E-003
  -1.2214502550E+001   3.3248393304E-003
  -1.2059888594E+001   3.8532162876E-003
  -1.1905274637E+001   4.2792252468E-003
  -1.1750660681E+001   4.6037382002E-003
  -1.1596046725E+001   4.8274029959E-003
  -1.1441432768E+001   4.9506326784E-003
  -1.1286818812E+001   4.9735811440E-003
  -1.1132204856E+001   4.8961278649E-003
  -1.0977590899E+001   4.7178748809E-003
  -1.0822976943E+001   4.4381631120E-003
  -1.0668362987E+001   4.0560959125E-003
  -1.0513749030E+001   3.5705623517E-003
  -1.0359135074E+001   2.9802302552E-003
  -1.0204521118E+001   2.2834941810E-003
  -1.0049907161E+001   1.4783824936E-003
  -9.8952932049E+000   5.6261144558E-004
  -9.7406792486E+000  -4.6556445859E-004
  -9.5860652923E+000  -1.6040451351E-003
  -9.4314513359E+000  -2.8383170931E-003
  -9.2768373796E+000  -4.1253043335E-003
  -9.1222234233E+000  -5.3735671148E-003
  -8.9676094670E+000  -6.4396547113E-003
  -8.8129955106E+000  -7.1771028023E-003
  -8.6583815543E+000  -7.5422544203E-003
  -8.5037675980E+000  -7.6327523809E-003
  -8.3491536417E+000  -7.5271157722E-003
  -8.1945396853E+000  -7.1469660239E-003
  -8.0399257290E+000  -6.3948407713E-003
  -7.8853117727E+000  -5.3146292734E-003
  -7.7306978164E+000  -4.0530696011E-003
  -7.5760838600E+000  -2.7539133121E-003
  -7.4214699037E+000  -1.5089157711E-003
  -7.2668559474E+000  -3.6147234426E-004
  -7.1122419910E+000   6.7358977295E-004
  -6.9576280347E+000   1.5938694971E-003
  -6.8030140784E+000   2.4008291463E-003
  -6.6484001221E+000   3.0964911810E-003
  -6.4937861657E+000   3.6825913631E-003
  -6.3391722094E+000   4.1605277076E-003
  -6.1845582531E+000   4.5314558178E-003
  -6.0299442968E+000   4.7963426124E-003
  -5.8753303404E+000   4.9559743190E-003
  -5.7207163841E+000   5.0109337003E-003
  -5.5661024278E+000   4.9615766396E-003
  -5.4114884714E+000   4.8080157470E-003
  -5.2568745151E+000   4.5501231510E-003
  -5.1022605588E+000   4.1875454483E-003
  -4.9476466025E+000   3.7197275797E-003
  -4.7930326461E+000   3.1459228024E-003
  -4.6384186898E+000   2.4651697891E-003
  -4.4838047335E+000   1.6762133898E-003
  -4.3291907772E+000   7.7742212202E-004
  -4.1745768208E+000  -2.3301302397E-004
  -4.0199628645E+000  -1.3556581581E-003
  -3.8653489082E+000  -2.5851379471E-003
  -3.7107349518E+000  -3.8991545085E-003
  -3.5561209955E+000  -5.2401236494E-003
  -3.4015070392E+000  -6.4974951195E-003
  -3.2468930829E+000  -7.5174123123E-003
  -3.0922791265E+000  -8.1747719781E-003
  -2.9376651702E+000  -8.4776154696E-003
  -2.7830512139E+000  -8.5421369363E-003
  -2.6284372576E+000  -8.3965798127E-003
  -2.4738233012E+000  -7.9308792163E-003
  -2.3192093449E+000  -7.0864173914E-003
  -2.1645953886E+000  -5.9529830239E-003
  -2.0099814323E+000  -4.6859807932E-003
  -1.8553674759E+000  -3.4135835809E-003
  -1.7007535196E+000  -2.2092699026E-003
  -1.5461395633E+000  -1.1044014358E-003
  -1.3915256069E+000  -1.0801236665E-004
  -1.2369116506E+000   7.7960487221E-004
  -1.0822976943E+000   1.5604433472E-003
  -9.2768373796E-001   2.2365532784E-003
  -7.7306978164E-001   2.8095876791E-003
  -6.1845582531E-001   3.2808373922E-003
  -4.6384186898E-001   3.6513242973E-003
  -3.0922791265E-001   3.9218371223E-003
  -1.5461395633E-001   4.0929311054E-003
   0.0000000000E+000   4.1649027839E-003
   1.5461395633E-001   4.1377726224E-003
   3.0922791265E-001   4.0112749496E-003
   4.6384186898E-001   3.7848705154E-003
   6.1845582531E-001   3.4577665079E-003
   7.7306978164E-001   3.0289446730E-003
   9.2768373796E-001   2.4971648635E-003
   1.0822976943E+000   1.8609326918E-003
   1.2369116506E+000   1.1184099039E-003
   1.3915256069E+000   2.6738284398E-004
   1.5461395633E+000  -6.9428002161E-004
   1.7007535196E+000  -1.7663973755E-003
   1.8553674759E+000  -2.9400181627E-003
   2.0099814323E+000  -4.1838387483E-003
   2.1645953886E+000  -5.4244223061E-003
   2.3192093449E+000  -6.5336379183E-003
   2.4738233012E+000  -7.3561494336E-003
   2.6284372576E+000  -7.8022941885E-003
   2.7830512139E+000  -7.9308703053E-003
   2.9376651702E+000  -7.8520838612E-003
   3.0922791265E+000  -7.5376803939E-003
   3.2468930829E+000  -6.8713343872E-003
   3.4015070392E+000  -5.8448823907E-003
   3.5561209955E+000  -4.5833769827E-003
   3.7107349518E+000  -3.2406798338E-003
   3.8653489082E+000  -1.9273709130E-003
   4.0199628645E+000  -7.0106636880E-004
   4.1745768208E+000   4.1591479644E-004
   4.3291907772E+000   1.4181925632E-003
   4.4838047335E+000   2.3063451254E-003
   4.6384186898E+000   3.0822077665E-003
   4.7930326461E+000   3.7474485439E-003
   4.9476466025E+000   4.3033651164E-003
   5.1022605588E+000   4.7509628190E-003
   5.2568745151E+000   5.0910297020E-003
   5.4114884714E+000   5.3241557433E-003
   5.5661024278E+000   5.4507199434E-003
   5.7207163841E+000   5.4708644522E-003
   5.8753303404E+000   5.3844786831E-003
   6.0299442968E+000   5.1911967197E-003
   6.1845582531E+000   4.8904150859E-003
   6.3391722094E+000   4.4813187158E-003
   6.4937861657E+000   3.9629074126E-003
   6.6484001221E+000   3.3339925255E-003
   6.8030140784E+000   2.5931486464E-003
   6.9576280347E+000   1.7386241112E-003
   7.1122419910E+000   7.6839790941E-004
   7.2668559474E+000  -3.1896808776E-004
   7.4214699037E+000  -1.5210217648E-003
   7.5760838600E+000  -2.8228568590E-003
   7.7306978164E+000  -4.1809752907E-003
   7.8853117727E+000  -5.5035085399E-003
   8.0399257290E+000  -6.6466068983E-003
   8.1945396853E+000  -7.4634897922E-003
   8.3491536417E+000  -7.9103187059E-003
   8.5037675980E+000  -8.0846511635E-003
   8.6583815543E+000  -8.0648188676E-003
   8.8129955106E+000  -7.7719976598E-003
   8.9676094670E+000  -7.1081261660E-003
   9.1222234233E+000  -6.1165219287E-003
   9.2768373796E+000  -4.9434280401E-003
   9.4314513359E+000  -3.7321448384E-003
   9.5860652923E+000  -2.5739861638E-003
   9.7406792486E+000  -1.5118972565E-003
   9.8952932049E+000  -5.6024010992E-004
   1.0049907161E+001   2.7906294722E-004
   1.0204521118E+001   1.0079601631E-003
   1.0359135074E+001   1.6289583608E-003
   1.0513749030E+001   2.1442665550E-003
   1.0668362987E+001   2.5557354294E-003
   1.0822976943E+001   2.8649438189E-003
   1.0977590899E+001   3.0732445782E-003
   1.1132204856E+001   3.1817659400E-003
   1.1286818812E+001   3.1913833910E-003
   1.1441432768E+001   3.1026921434E-003
   1.1596046725E+001   2.9159877339E-003
   1.1750660681E+001   2.6312667891E-003
   1.1905274637E+001   2.2482408277E-003
   1.2059888594E+001   1.7663598376E-003
   1.2214502550E+001   1.1848228188E-003
   1.2369116506E+001   5.0255637613E-004
   1.2523730462E+001  -2.8186207985E-004
   1.2678344419E+001  -1.1702835288E-003
   1.2832958375E+001  -2.1647845616E-003
   1.2987572331E+001  -3.2662426445E-003
   1.3142186288E+001  -4.4696332871E-003
   1.3296800244E+001  -5.7530449361E-003
   1.3451414200E+001  -7.0593118581E-003
   1.3606028157E+001  -8.2783330339E-003
   1.3760642113E+001  -9.2567366713E-003
   1.3915256069E+001  -9.8699535042E-003
   1.4069870026E+001  -1.0126604152E-002
   1.4224483982E+001  -1.0143417829E-002
   1.4379097938E+001  -9.9489793065E-003
   1.4533711895E+001  -9.4333630038E-003
   1.4688325851E+001  -8.5380567980E-003
   1.4842939807E+001  -7.3530486234E-003
   1.4997553764E+001  -6.0340422277E-003
   1.5152167720E+001  -4.7095731630E-003
   1.5306781676E+001  -3.4535155460E-003
   1.5461395633E+001  -2.2976378178E-003
   1.5616009589E+001  -1.2513760849E-003
   1.5770623545E+001  -3.1540813768E-004
   1.5925237502E+001   5.1189911925E-004
   1.6079851458E+001   1.2322684328E-003
   1.6234465414E+001   1.8470638430E-003
   1.6389079371E+001   2.3573307168E-003
   1.6543693327E+001   2.7638928856E-003
   1.6698307283E+001   3.0673912700E-003
   1.6852921240E+001   3.2682852690E-003
   1.7007535196E+001   3.3668282569E-003
   1.7162149152E+001   3.3630499722E-003
   1.7316763109E+001   3.2567452957E-003
   1.7471377065E+001   3.0474847093E-003
   1.7625991021E+001   2.7346312134E-003
   1.7780604978E+001   2.3173642741E-003
   1.7935218934E+001   1.7946780836E-003
   1.8089832890E+001   1.1653428563E-003
   1.8244446847E+001   4.2780794871E-004
   1.8399060803E+001  -4.1983750024E-004
   1.8553674759E+001  -1.3794150045E-003
   1.8708288716E+001  -2.4504335908E-003
   1.8862902672E+001  -3.6236395941E-003
   1.9017516628E+001  -4.8674389738E-003
   1.9172130585E+001  -6.1081196956E-003
   1.9326744541E+001  -7.2172915298E-003
   1.9481358497E+001  -8.0393753432E-003
   1.9635972454E+001  -8.4844869906E-003
   1.9790586410E+001  -8.6112347133E-003
   1.9945200366E+001  -8.5296661879E-003
   2.0099814323E+001  -8.2113837448E-003
   2.0254428279E+001  -7.5399231848E-003
   2.0409042235E+001  -6.5069854973E-003
   2.0563656191E+001  -5.2374866841E-003
   2.0718270148E+001  -3.8851487920E-003
   2.0872884104E+001  -2.5604138229E-003
   2.1027498060E+001  -1.3207689454E-003
   2.1182112017E+001  -1.8841852703E-004
   2.1336725973E+001   8.3135603541E-004
   2.1491339929E+001   1.7392171180E-003
   2.1645953886E+001   2.5370734115E-003
   2.1800567842E+001   3.2266604083E-003
   2.1955181798E+001   3.8093425331E-003
   2.2109795755E+001   4.2861965601E-003
   2.2264409711E+001   4.6580916194E-003
   2.2419023667E+001   4.9257126184E-003
   2.2573637624E+001   5.0895504498E-003
   2.2728251580E+001   5.1498778611E-003
   2.2882865536E+001   5.1067337249E-003
   2.3037479493E+001   4.9599188496E-003
   2.3192093449E+001   4.7090102807E-003
   2.3346707405E+001   4.3533818826E-003
   2.3501321362E+001   3.8922235585E-003
   2.3655935318E+001   3.3245290763E-003
   2.3810549274E+001   2.6490377287E-003
   2.3965163231E+001   1.8641342188E-003
   2.4119777187E+001   9.6789508986E-004
   2.4274391143E+001  -4.1068519056E-005
   2.4429005100E+001  -1.1603106370E-003
   2.4583619056E+001  -2.3749888783E-003
   2.4738233012E+001  -3.6417205001E-003
   2.4892846969E+001  -4.8687850613E-003
   2.5047460925E+001  -5.9124806774E-003
   2.5202074881E+001  -6.6261293463E-003
   2.5356688838E+001  -6.9659155157E-003
   2.5511302794E+001  -7.0293877417E-003
   2.5665916750E+001  -6.8950016045E-003
   2.5820530707E+001  -6.4843013516E-003
   2.5975144663E+001  -5.6997382454E-003
   2.6129758619E+001  -4.5851276415E-003
   2.6284372576E+001  -3.2871473276E-003
   2.6438986532E+001  -1.9494989592E-003
   2.6593600488E+001  -6.6390273972E-004
   2.6748214445E+001   5.2625882775E-004
   2.6902828401E+001   1.6061435892E-003
   2.7057442357E+001   2.5733057874E-003
   2.7212056314E+001   3.4291344661E-003
   2.7366670270E+001   4.1755532179E-003
   2.7521284226E+001   4.8141774091E-003
   2.7675898183E+001   5.3462677267E-003
   2.7830512139E+001   5.7728302633E-003
   2.7985126095E+001   6.0946748251E-003
   2.8139740052E+001   6.3124270665E-003
   2.8294354008E+001   6.4265092266E-003
   2.8448967964E+001   6.4371194971E-003
   2.8603581920E+001   6.3442176654E-003
   2.8758195877E+001   6.1475292431E-003
   2.8912809833E+001   5.8465611296E-003
   2.9067423789E+001   5.4406256738E-003
   2.9222037746E+001   4.9288503959E-003
   2.9376651702E+001   4.3101544968E-003
   2.9531265658E+001   3.5831687853E-003
   2.9685879615E+001   2.7461522034E-003
   2.9840493571E+001   1.7971896492E-003
   2.9995107527E+001   7.3561146356E-004
   3.0149721484E+001  -4.3330910986E-004
   3.0304335440E+001  -1.6873766928E-003
   3.0458949396E+001  -2.9691138818E-003
   3.0613563353E+001  -4.1680891470E-003
   3.0768177309E+001  -5.1305915750E-003
   3.0922791265E+001  -5.7317170159E-003
   3.1077405222E+001  -5.9797774872E-003
   3.1232019178E+001  -5.9912525404E-003
   3.1386633134E+001  -5.7945592995E-003
   3.1541247091E+001  -5.2796749031E-003
   3.1695861047E+001  -4.3880212416E-003
   3.1850475003E+001  -3.2095170561E-003
   3.2005088960E+001  -1.8997797919E-003
   3.2159702916E+001  -5.8724130173E-004
   3.2314316872E+001   6.5434169994E-004
   3.2468930829E+001   1.7933276266E-003
   3.2623544785E+001   2.8204124992E-003
   3.2778158741E+001   3.7350522686E-003
   3.2932772698E+001   4.5390125609E-003
   3.3087386654E+001   5.2341454566E-003
   3.3242000610E+001   5.8219398151E-003
   3.3396614567E+001   6.3035604791E-003
   3.3551228523E+001   6.6799449405E-003
   3.3705842479E+001   6.9518417665E-003
   3.3860456436E+001   7.1198120033E-003
