  -3.4015070392E+001   2.3832529309E-002
  -3.3860456436E+001   2.3709977691E-002
  -3.3705842479E+001   2.3483848672E-002
  -3.3551228523E+001   2.3153793075E-002
  -3.3396614567E+001   2.2719249879E-002
  -3.3242000610E+001   2.2179470542E-002
  -3.3087386654E+001   2.1533517602E-002
  -3.2932772698E+001   2.0780226244E-002
  -3.2778158741E+001   1.9918107640E-002
  -3.2623544785E+001   1.8945309742E-002
  -3.2468930829E+001   1.7860066958E-002
  -3.2314316872E+001   1.6662923369E-002
  -3.2159702916E+001   1.5363182989E-002
  -3.2005088960E+001   1.3992487439E-002
  -3.1850475003E+001   1.2624593468E-002
  -3.1695861047E+001   1.1387932963E-002
  -3.1541247091E+001   1.0438123404E-002
  -3.1386633134E+001   9.8650835664E-003
  -3.1232019178E+001   9.6102353748E-003
  -3.1077405222E+001   9.5635560030E-003
  -3.0922791265E+001   9.7534626086E-003
  -3.0768177309E+001   1.0296434774E-002
  -3.0613563353E+001   1.1200784549E-002
  -3.0458949396E+001   1.2341607816E-002
  -3.0304335440E+001   1.3565193689E-002
  -3.0149721484E+001   1.4761110670E-002
  -2.9995107527E+001   1.5871881379E-002
  -2.9840493571E+001   1.6875310465E-002
  -2.9685879615E+001   1.7766124705E-002
  -2.9531265658E+001   1.8544993781E-002
  -2.9376651702E+001   1.9213832811E-002
  -2.9222037746E+001   1.9774382873E-002
  -2.9067423789E+001   2.0228013170E-002
  -2.8912809833E+001   2.0575804517E-002
  -2.8758195877E+001   2.0818629404E-002
  -2.8603581920E+001   2.0957175491E-002
  -2.8448967964E+001   2.0991935888E-002
  -2.8294354008E+001   2.0923185088E-002
  -2.8139740052E+001   2.0750963310E-002
  -2.7985126095E+001   2.0475072364E-002
  -2.7830512139E+001   2.0095090014E-002
  -2.7675898183E+001   1.9610390605E-002
  -2.7521284226E+001   1.9020164329E-002
  -2.7366670270E+001   1.8323405092E-002
  -2.7212056314E+001   1.7518852202E-002
  -2.7057442357E+001   1.6604890287E-002
  -2.6902828401E+001   1.5579595747E-002
  -2.6748214445E+001   1.4441579528E-002
  -2.6593600488E+001   1.3193287378E-002
  -2.6438986532E+001   1.1849561435E-002
  -2.6284372576E+001   1.0453784189E-002
  -2.6129758619E+001   9.0976758222E-003
  -2.5975144663E+001   7.9249379688E-003
  -2.5820530707E+001   7.0822483897E-003
  -2.5665916750E+001   6.6134224088E-003
  -2.5511302794E+001   6.4209112510E-003
  -2.5356688838E+001   6.4262591167E-003
  -2.5202074881E+001   6.7079215248E-003
  -2.5047460925E+001   7.3634469532E-003
  -2.4892846969E+001   8.3490197513E-003
  -2.4738233012E+001   9.5179617923E-003
  -2.4583619056E+001   1.0726571032E-002
  -2.4429005100E+001   1.1883126826E-002
  -2.4274391143E+001   1.2944246172E-002
  -2.4119777187E+001   1.3895086358E-002
  -2.3965163231E+001   1.4733200998E-002
  -2.3810549274E+001   1.5459978433E-002
  -2.3655935318E+001   1.6077341467E-002
  -2.3501321362E+001   1.6586904583E-002
  -2.3346707405E+001   1.6989927481E-002
  -2.3192093449E+001   1.7287415146E-002
  -2.3037479493E+001   1.7480176147E-002
  -2.2882865536E+001   1.7568834753E-002
  -2.2728251580E+001   1.7553811653E-002
  -2.2573637624E+001   1.7435303304E-002
  -2.2419023667E+001   1.7213267558E-002
  -2.2264409711E+001   1.6887427763E-002
  -2.2109795755E+001   1.6457288412E-002
  -2.1955181798E+001   1.5922159176E-002
  -2.1800567842E+001   1.5281164615E-002
  -2.1645953886E+001   1.4533220669E-002
  -2.1491339929E+001   1.3676954572E-002
  -2.1336725973E+001   1.2710621382E-002
  -2.1182112017E+001   1.1632301807E-002
  -2.1027498060E+001   1.0441321721E-002
  -2.0872884104E+001   9.1429496705E-003
  -2.0718270148E+001   7.7593761816E-003
  -2.0563656191E+001   6.3480737495E-003
  -2.0409042235E+001   5.0194690559E-003
  -2.0254428279E+001   3.9272683487E-003
  -2.0099814323E+001   3.1963713742E-003
  -1.9945200366E+001   2.8184618227E-003
  -1.9790586410E+001   2.6770553053E-003
  -1.9635972454E+001   2.7437282730E-003
  -1.9481358497E+001   3.1284948970E-003
  -1.9326744541E+001   3.8899225751E-003
  -1.9172130585E+001   4.9380806348E-003
  -1.9017516628E+001   6.1173391899E-003
  -1.8862902672E+001   7.2992539073E-003
  -1.8708288716E+001   8.4100559462E-003
  -1.8553674759E+001   9.4180923410E-003
  -1.8399060803E+001   1.0314048858E-002
  -1.8244446847E+001   1.1097372676E-002
  -1.8089832890E+001   1.1769822505E-002
  -1.7935218934E+001   1.2333245751E-002
  -1.7780604978E+001   1.2789129276E-002
  -1.7625991021E+001   1.3138639038E-002
  -1.7471377065E+001   1.3382717213E-002
  -1.7316763109E+001   1.3522121082E-002
  -1.7162149152E+001   1.3557424882E-002
  -1.7007535196E+001   1.3488995930E-002
  -1.6852921240E+001   1.3316977737E-002
  -1.6698307283E+001   1.3041279563E-002
  -1.6543693327E+001   1.2661587646E-002
  -1.6389079371E+001   1.2177382848E-002
  -1.6234465414E+001   1.1587965211E-002
  -1.6079851458E+001   1.0892452692E-002
  -1.5925237502E+001   1.0089742730E-002
  -1.5770623545E+001   9.1784154165E-003
  -1.5616009589E+001   8.1566939264E-003
  -1.5461395633E+001   7.0228935807E-003
  -1.5306781676E+001   5.7776441386E-003
  -1.5152167720E+001   4.4303387546E-003
  -1.4997553764E+001   3.0127100231E-003
  -1.4842939807E+001   1.5986057334E-003
  -1.4688325851E+001   3.1654733774E-004
  -1.4533711895E+001  -6.7776041540E-004
  -1.4379097938E+001  -1.2943125986E-003
  -1.4224483982E+001  -1.5915962370E-003
  -1.4069870026E+001  -1.6795257542E-003
  -1.3915256069E+001  -1.5295448334E-003
  -1.3760642113E+001  -1.0249997449E-003
  -1.3606028157E+001  -1.5737678984E-004
  -1.3451414200E+001   9.4863727403E-004
  -1.3296800244E+001   2.1395549023E-003
  -1.3142186288E+001   3.3051665201E-003
  -1.2987572331E+001   4.3882088688E-003
  -1.2832958375E+001   5.3666873239E-003
  -1.2678344419E+001   6.2355113417E-003
  -1.2523730462E+001   6.9955112012E-003
  -1.2369116506E+001   7.6487368095E-003
  -1.2214502550E+001   8.1970346535E-003
  -1.2059888594E+001   8.6418466953E-003
  -1.1905274637E+001   8.9842910203E-003
  -1.1750660681E+001   9.2252396696E-003
  -1.1596046725E+001   9.3653405383E-003
  -1.1441432768E+001   9.4050067162E-003
  -1.1286818812E+001   9.3443921435E-003
  -1.1132204856E+001   9.1833763340E-003
  -1.0977590899E+001   8.9215613671E-003
  -1.0822976943E+001   8.5582882002E-003
  -1.0668362987E+001   8.0926602232E-003
  -1.0513749030E+001   7.5235665384E-003
  -1.0359135074E+001   6.8496750023E-003
  -1.0204521118E+001   6.0693802017E-003
  -1.0049907161E+001   5.1807105280E-003
  -9.8952932049E+000   4.1813822586E-003
  -9.7406792486E+000   3.0696499211E-003
  -9.5860652923E+000   1.8476136206E-003
  -9.4314513359E+000   5.2978686757E-004
  -9.2768373796E+000  -8.4075432129E-004
  -9.1222234233E+000  -2.1725701893E-003
  -8.9676094670E+000  -3.3222099978E-003
  -8.8129955106E+000  -4.1432094151E-003
  -8.6583815543E+000  -4.5919114634E-003
  -8.5037675980E+000  -4.7659589466E-003
  -8.3491536417E+000  -4.7438709411E-003
  -8.1945396853E+000  -4.4472688679E-003
  -8.0399257290E+000  -3.7786903561E-003
  -7.8853117727E+000  -2.7820246609E-003
  -7.7306978164E+000  -1.6040098535E-003
  -7.5760838600E+000  -3.8839749674E-004
  -7.4214699037E+000   7.7305703470E-004
  -7.2668559474E+000   1.8369583611E-003
  -7.1122419910E+000   2.7884792710E-003
  -6.9576280347E+000   3.6252186631E-003
  -6.8030140784E+000   4.3486388371E-003
  -6.6484001221E+000   4.9607622342E-003
  -6.4937861657E+000   5.4633245972E-003
  -6.3391722094E+000   5.8577239225E-003
  -6.1845582531E+000   6.1451157950E-003
  -6.0299442968E+000   6.3264671158E-003
  -5.8753303404E+000   6.4025640959E-003
  -5.7207163841E+000   6.3739894822E-003
  -5.5661024278E+000   6.2410991436E-003
  -5.4114884714E+000   6.0040056771E-003
  -5.2568745151E+000   5.6625811991E-003
  -5.1022605588E+000   5.2164722958E-003
  -4.9476466025E+000   4.6651238986E-003
  -4.7930326461E+000   4.0077892562E-003
  -4.6384186898E+000   3.2435070334E-003
  -4.4838047335E+000   2.3710220726E-003
  -4.3291907772E+000   1.3887028832E-003
  -4.1745768208E+000   2.9474044617E-004
  -4.0199628645E+000  -9.1143135904E-004
  -3.8653489082E+000  -2.2244372118E-003
  -3.7107349518E+000  -3.6219792444E-003
  -3.5561209955E+000  -5.0464732800E-003
  -3.4015070392E+000  -6.3873690837E-003
  -3.2468930829E+000  -7.4908100604E-003
  -3.0922791265E+000  -8.2316929628E-003
  -2.9376651702E+000  -8.6180591340E-003
  -2.7830512139E+000  -8.7661027125E-003
  -2.6284372576E+000  -8.7040671437E-003
  -2.4738233012E+000  -8.3218875815E-003
  -2.3192093449E+000  -7.5609463089E-003
  -2.1645953886E+000  -6.5110320349E-003
  -2.0099814323E+000  -5.3275494458E-003
  -1.8553674759E+000  -4.1386714200E-003
  -1.7007535196E+000  -3.0178764650E-003
  -1.5461395633E+000  -1.9965262481E-003
  -1.3915256069E+000  -1.0836549459E-003
  -1.2369116506E+000  -2.7955498268E-004
  -1.0822976943E+000   4.1776671411E-004
  -9.2768373796E-001   1.0103603688E-003
  -7.7306978164E-001   1.4998789963E-003
  -6.1845582531E-001   1.8876134394E-003
  -4.6384186898E-001   2.1745855748E-003
  -3.0922791265E-001   2.3615841256E-003
  -1.5461395633E-001   2.4491643230E-003
   0.0000000000E+000   2.4376226955E-003
   1.5461395633E-001   2.3269796966E-003
   3.0922791265E-001   2.1169696419E-003
   4.6384186898E-001   1.8070532664E-003
   6.1845582531E-001   1.3964377416E-003
   7.7306978164E-001   8.8410479580E-004
   9.2768373796E-001   2.6881426307E-004
   1.0822976943E+000  -4.5092826263E-004
   1.2369116506E+000  -1.2769610532E-003
   1.3915256069E+000  -2.2114977808E-003
   1.5461395633E+000  -3.2566699929E-003
   1.7007535196E+000  -4.4122963837E-003
   1.8553674759E+000  -5.6694259066E-003
   2.0099814323E+000  -6.9967549334E-003
   2.1645953886E+000  -8.3208466445E-003
   2.3192093449E+000  -9.5135701321E-003
   2.4738233012E+000  -1.0419589262E-002
   2.6284372576E+000  -1.0949241400E-002
   2.7830512139E+000  -1.1161324703E-002
   2.9376651702E+000  -1.1166045276E-002
   3.0922791265E+000  -1.0935148661E-002
   3.2468930829E+000  -1.0352309327E-002
   3.4015070392E+000  -9.4093638161E-003
   3.5561209955E+000  -8.2313647134E-003
   3.7107349518E+000  -6.9721737140E-003
   3.8653489082E+000  -5.7423708224E-003
   4.0199628645E+000  -4.5995722286E-003
   4.1745768208E+000  -3.5660969783E-003
   4.3291907772E+000  -2.6473251327E-003
   4.4838047335E+000  -1.8426785368E-003
   4.6384186898E+000  -1.1503219419E-003
   4.7930326461E+000  -5.6858732162E-004
   4.9476466025E+000  -9.6177043987E-005
   5.1022605588E+000   2.6791420281E-004
   5.2568745151E+000   5.2447444905E-004
   5.4114884714E+000   6.7409365531E-004
   5.5661024278E+000   7.1715080704E-004
   5.7207163841E+000   6.5378804079E-004
   5.8753303404E+000   4.8389475838E-004
   6.0299442968E+000   2.0710503286E-004
   6.1845582531E+000  -1.7718462083E-004
   6.3391722094E+000  -6.6978927667E-004
   6.4937861657E+000  -1.2717091384E-003
   6.6484001221E+000  -1.9841328626E-003
   6.8030140784E+000  -2.8084858621E-003
   6.9576280347E+000  -3.7465198050E-003
   7.1122419910E+000  -4.8002557052E-003
   7.2668559474E+000  -5.9711316939E-003
   7.4214699037E+000  -7.2566956583E-003
   7.5760838600E+000  -8.6420413382E-003
   7.7306978164E+000  -1.0083670657E-002
   7.8853117727E+000  -1.1489715101E-002
   8.0399257290E+000  -1.2716324971E-002
   8.1945396853E+000  -1.3616719709E-002
   8.3491536417E+000  -1.4147060826E-002
   8.5037675980E+000  -1.4404905876E-002
   8.6583815543E+000  -1.4468586592E-002
   8.8129955106E+000  -1.4259278837E-002
   8.9676094670E+000  -1.3678921249E-002
   9.1222234233E+000  -1.2770831382E-002
   9.2768373796E+000  -1.1681252343E-002
   9.4314513359E+000  -1.0553484480E-002
   9.5860652923E+000  -9.4788416434E-003
   9.7406792486E+000  -8.5002690791E-003
   9.8952932049E+000  -7.6321287840E-003
   1.0049907161E+001  -6.8763430886E-003
   1.0204521118E+001  -6.2309637450E-003
   1.0359135074E+001  -5.6934839301E-003
   1.0513749030E+001  -5.2616946288E-003
   1.0668362987E+001  -4.9337451577E-003
   1.0822976943E+001  -4.7080566821E-003
   1.0977590899E+001  -4.5832763485E-003
   1.1132204856E+001  -4.5582759253E-003
   1.1286818812E+001  -4.6321799273E-003
   1.1441432768E+001  -4.8043931440E-003
   1.1596046725E+001  -5.0746200402E-003
   1.1750660681E+001  -5.4428639909E-003
   1.1905274637E+001  -5.9094134790E-003
   1.2059888594E+001  -6.4748185178E-003
   1.2214502550E+001  -7.1398801094E-003
   1.2369116506E+001  -7.9056716509E-003
   1.2523730462E+001  -8.7736157345E-003
   1.2678344419E+001  -9.7455633434E-003
   1.2832958375E+001  -1.0823591073E-002
   1.2987572331E+001  -1.2008576394E-002
   1.3142186288E+001  -1.3295494824E-002
   1.3296800244E+001  -1.4662434816E-002
   1.3451414200E+001  -1.6052230643E-002
   1.3606028157E+001  -1.7354781295E-002
   1.3760642113E+001  -1.8416714985E-002
   1.3915256069E+001  -1.9113462451E-002
   1.4069870026E+001  -1.9453644311E-002
   1.4224483982E+001  -1.9553989774E-002
   1.4379097938E+001  -1.9443083597E-002
   1.4533711895E+001  -1.9011000187E-002
   1.4688325851E+001  -1.8199227401E-002
   1.4842939807E+001  -1.7097753155E-002
   1.4997553764E+001  -1.5862281175E-002
   1.5152167720E+001  -1.4621346997E-002
   1.5306781676E+001  -1.3448824720E-002
   1.5461395633E+001  -1.2376482770E-002
   1.5616009589E+001  -1.1413757241E-002
   1.5770623545E+001  -1.0561325911E-002
   1.5925237502E+001  -9.8175556695E-003
   1.6079851458E+001  -9.1807237574E-003
   1.6234465414E+001  -8.6494661193E-003
   1.6389079371E+001  -8.2227373717E-003
   1.6543693327E+001  -7.8997136646E-003
   1.6698307283E+001  -7.6797540560E-003
   1.6852921240E+001  -7.5623991236E-003
   1.7007535196E+001  -7.5473954667E-003
   1.7162149152E+001  -7.6347133179E-003
   1.7316763109E+001  -7.8245577653E-003
   1.7471377065E+001  -8.1173582937E-003
   1.7625991021E+001  -8.5137518672E-003
   1.7780604978E+001  -9.0145589828E-003
   1.7935218934E+001  -9.6207854104E-003
   1.8089832890E+001  -1.0333660897E-002
   1.8244446847E+001  -1.1154736046E-002
   1.8399060803E+001  -1.2085921681E-002
   1.8553674759E+001  -1.3129039276E-002
   1.8708288716E+001  -1.4283597822E-002
   1.8862902672E+001  -1.5540343616E-002
   1.9017516628E+001  -1.6867682584E-002
   1.9172130585E+001  -1.8191902658E-002
   1.9326744541E+001  -1.9384613580E-002
   1.9481358497E+001  -2.0290236187E-002
   1.9635972454E+001  -2.0818886310E-002
   1.9790586410E+001  -2.1029172164E-002
   1.9945200366E+001  -2.1031141404E-002
   2.0099814323E+001  -2.0796396339E-002
   2.0254428279E+001  -2.0208472756E-002
   2.0409042235E+001  -1.9259071629E-002
   2.0563656191E+001  -1.8073108947E-002
   2.0718270148E+001  -1.6804306744E-002
   2.0872884104E+001  -1.5563107015E-002
   2.1027498060E+001  -1.4406996921E-002
   2.1182112017E+001  -1.3358180825E-002
   2.1336725973E+001  -1.2421940122E-002
   2.1491339929E+001  -1.1597612435E-002
   2.1645953886E+001  -1.0883289072E-002
   2.1800567842E+001  -1.0277234542E-002
   2.1955181798E+001  -9.7780844220E-003
   2.2109795755E+001  -9.3847619390E-003
   2.2264409711E+001  -9.0963979647E-003
   2.2419023667E+001  -8.9123075928E-003
   2.2573637624E+001  -8.8319999316E-003
   2.2728251580E+001  -8.8552022333E-003
   2.2882865536E+001  -8.9818756243E-003
   2.3037479493E+001  -9.2122192940E-003
   2.3192093449E+001  -9.5466561931E-003
   2.3346707405E+001  -9.9858124525E-003
   2.3501321362E+001  -1.0530498163E-002
   2.3655935318E+001  -1.1181719548E-002
   2.3810549274E+001  -1.1940737307E-002
   2.3965163231E+001  -1.2809166727E-002
   2.4119777187E+001  -1.3788931251E-002
   2.4274391143E+001  -1.4881419730E-002
   2.4429005100E+001  -1.6084186177E-002
   2.4583619056E+001  -1.7382388193E-002
   2.4738233012E+001  -1.8732643020E-002
   2.4892846969E+001  -2.0043230201E-002
   2.5047460925E+001  -2.1170447835E-002
   2.5202074881E+001  -2.1967617904E-002
   2.5356688838E+001  -2.2390924837E-002
   2.5511302794E+001  -2.2537917171E-002
   2.5665916750E+001  -2.2487050468E-002
   2.5820530707E+001  -2.2159868955E-002
   2.5975144663E+001  -2.1458823879E-002
   2.6129758619E+001  -2.0427730574E-002
   2.6284372576E+001  -1.9213266812E-002
   2.6438986532E+001  -1.7959134227E-002
   2.6593600488E+001  -1.6757053008E-002
   2.6748214445E+001  -1.5650405640E-002
   2.6902828401E+001  -1.4654034264E-002
   2.7057442357E+001  -1.3770384624E-002
   2.7212056314E+001  -1.2998067664E-002
   2.7366670270E+001  -1.2335159781E-002
   2.7521284226E+001  -1.1780045600E-002
   2.7675898183E+001  -1.1331464428E-002
   2.7830512139E+001  -1.0988410167E-002
   2.7985126095E+001  -1.0750073006E-002
   2.8139740052E+001  -1.0615827289E-002
   2.8294354008E+001  -1.0585250776E-002
   2.8448967964E+001  -1.0658145277E-002
   2.8603581920E+001  -1.0834551008E-002
   2.8758195877E+001  -1.1114742460E-002
   2.8912809833E+001  -1.1499212742E-002
   2.9067423789E+001  -1.1988649512E-002
   2.9222037746E+001  -1.2583925260E-002
   2.9376651702E+001  -1.3286120798E-002
   2.9531265658E+001  -1.4096605329E-002
   2.9685879615E+001  -1.5017119929E-002
   2.9840493571E+001  -1.6049579716E-002
   2.9995107527E+001  -1.7194654370E-002
   3.0149721484E+001  -1.8447070668E-002
   3.0304335440E+001  -1.9784633257E-002
   3.0458949396E+001  -2.1149864758E-002
   3.0613563353E+001  -2.2432333670E-002
   3.0768177309E+001  -2.3478329108E-002
   3.0922791265E+001  -2.4162946953E-002
   3.1077405222E+001  -2.4494499253E-002
   3.1232019178E+001  -2.4589465591E-002
   3.1386633134E+001  -2.4476263123E-002
   3.1541247091E+001  -2.4044869022E-002
   3.1695861047E+001  -2.3236705213E-002
   3.1850475003E+001  -2.2141690470E-002
   3.2005088960E+001  -2.0915442272E-002
   3.2159702916E+001  -1.9686392505E-002
   3.2314316872E+001  -1.8528297917E-002
   3.2468930829E+001  -1.7472800129E-002
   3.2623544785E+001  -1.6529203153E-002
   3.2778158741E+001  -1.5698051072E-002
   3.2932772698E+001  -1.4977578290E-002
   3.3087386654E+001  -1.4365932760E-002
   3.3242000610E+001  -1.3861625652E-002
   3.3396614567E+001  -1.3463492153E-002
   3.3551228523E+001  -1.3170594796E-002
   3.3705842479E+001  -1.2982185042E-002
   3.3860456436E+001  -1.2897701867E-002
