  -3.4015070392E+001   7.1778757932E-003
  -3.3860456436E+001   7.1370564774E-003
  -3.3705842479E+001   6.9926921647E-003
  -3.3551228523E+001   6.7444352192E-003
  -3.3396614567E+001   6.3917261819E-003
  -3.3242000610E+001   5.9338180934E-003
  -3.3087386654E+001   5.3697750867E-003
  -3.2932772698E+001   4.6984339567E-003
  -3.2778158741E+001   3.9183074888E-003
  -3.2623544785E+001   3.0275452484E-003
  -3.2468930829E+001   2.0243832441E-003
  -3.2314316872E+001   9.0936713267E-004
  -3.2159702916E+001  -3.0819755080E-004
  -3.2005088960E+001  -1.5966677465E-003
  -3.1850475003E+001  -2.8822853887E-003
  -3.1695861047E+001  -4.0366174353E-003
  -3.1541247091E+001  -4.9040454263E-003
  -3.1386633134E+001  -5.3946497305E-003
  -3.1232019178E+001  -5.5670076592E-003
  -3.1077405222E+001  -5.5311415910E-003
  -3.0922791265E+001  -5.2586345755E-003
  -3.0768177309E+001  -4.6330078007E-003
  -3.0613563353E+001  -3.6459501868E-003
  -3.0458949396E+001  -2.4223668965E-003
  -3.0304335440E+001  -1.1159699900E-003
  -3.0149721484E+001   1.6280769880E-004
  -2.9995107527E+001   1.3564873349E-003
  -2.9840493571E+001   2.4428720263E-003
  -2.9685879615E+001   3.4166869742E-003
  -2.9531265658E+001   4.2786002735E-003
  -2.9376651702E+001   5.0305254781E-003
  -2.9222037746E+001   5.6742021322E-003
  -2.9067423789E+001   6.2109979602E-003
  -2.8912809833E+001   6.6419923517E-003
  -2.8758195877E+001   6.9680564412E-003
  -2.8603581920E+001   7.1898766065E-003
  -2.8448967964E+001   7.3079447530E-003
  -2.8294354008E+001   7.3225342585E-003
  -2.8139740052E+001   7.2336843144E-003
  -2.7985126095E+001   7.0411958014E-003
  -2.7830512139E+001   6.7446456494E-003
  -2.7675898183E+001   6.3434074707E-003
  -2.7521284226E+001   5.8366708256E-003
  -2.7366670270E+001   5.2234290872E-003
  -2.7212056314E+001   4.5024211341E-003
  -2.7057442357E+001   3.6720312632E-003
  -2.6902828401E+001   2.7303356382E-003
  -2.6748214445E+001   1.6759450550E-003
  -2.6593600488E+001   5.1130517747E-004
  -2.6438986532E+001  -7.4874189029E-004
  -2.6284372576E+001  -2.0608136844E-003
  -2.6129758619E+001  -3.3331900695E-003
  -2.5975144663E+001  -4.4221695206E-003
  -2.5820530707E+001  -5.1810744376E-003
  -2.5665916750E+001  -5.5660896459E-003
  -2.5511302794E+001  -5.6747640873E-003
  -2.5356688838E+001  -5.5855540595E-003
  -2.5202074881E+001  -5.2200051167E-003
  -2.5047460925E+001  -4.4805701835E-003
  -2.4892846969E+001  -3.4110663256E-003
  -2.4738233012E+001  -2.1581730673E-003
  -2.4583619056E+001  -8.6559389412E-004
  -2.4429005100E+001   3.7494905881E-004
  -2.4274391143E+001   1.5200712867E-003
  -2.4119777187E+001   2.5549285997E-003
  -2.3965163231E+001   3.4770731974E-003
  -2.3810549274E+001   4.2878920909E-003
  -2.3655935318E+001   4.9893068582E-003
  -2.3501321362E+001   5.5829308705E-003
  -2.3346707405E+001   6.0700228329E-003
  -2.3192093449E+001   6.4515868601E-003
  -2.3037479493E+001   6.7284307706E-003
  -2.2882865536E+001   6.9011782054E-003
  -2.2728251580E+001   6.9702493463E-003
  -2.2573637624E+001   6.9358402626E-003
  -2.2419023667E+001   6.7979085311E-003
  -2.2264409711E+001   6.5561773383E-003
  -2.2109795755E+001   6.2101511171E-003
  -2.1955181798E+001   5.7591395806E-003
  -2.1800567842E+001   5.2022674179E-003
  -2.1645953886E+001   4.5384507795E-003
  -2.1491339929E+001   3.7663171864E-003
  -2.1336725973E+001   2.8841220421E-003
  -2.1182112017E+001   1.8899464506E-003
  -2.1027498060E+001   7.8311670930E-004
  -2.0872884104E+001  -4.3109820888E-004
  -2.0718270148E+001  -1.7305073831E-003
  -2.0563656191E+001  -3.0576379955E-003
  -2.0409042235E+001  -4.3020631606E-003
  -2.0254428279E+001  -5.3100765753E-003
  -2.0099814323E+001  -5.9567785633E-003
  -1.9945200366E+001  -6.2504855724E-003
  -1.9790586410E+001  -6.3076823187E-003
  -1.9635972454E+001  -6.1567932315E-003
  -1.9481358497E+001  -5.6878056619E-003
  -1.9326744541E+001  -4.8421540341E-003
  -1.9172130585E+001  -3.7097709176E-003
  -1.9017516628E+001  -2.4462881993E-003
  -1.8862902672E+001  -1.1801523629E-003
  -1.8708288716E+001   1.4865468324E-005
  -1.8553674759E+001   1.1071099580E-003
  -1.8399060803E+001   2.0872644580E-003
  -1.8244446847E+001   2.9547737287E-003
  -1.8089832890E+001   3.7113940827E-003
  -1.7935218934E+001   4.3589705827E-003
  -1.7780604978E+001   4.8989878092E-003
  -1.7625991021E+001   5.3326095243E-003
  -1.7471377065E+001   5.6607758053E-003
  -1.7316763109E+001   5.8842419403E-003
  -1.7162149152E+001   6.0035802981E-003
  -1.7007535196E+001   6.0191564615E-003
  -1.6852921240E+001   5.9311123542E-003
  -1.6698307283E+001   5.7393558062E-003
  -1.6543693327E+001   5.4435717973E-003
  -1.6389079371E+001   5.0432401046E-003
  -1.6234465414E+001   4.5376598756E-003
  -1.6079851458E+001   3.9259483633E-003
  -1.5925237502E+001   3.2070025046E-003
  -1.5770623545E+001   2.3794020942E-003
  -1.5616009589E+001   1.4413702182E-003
  -1.5461395633E+001   3.9122231466E-004
  -1.5306781676E+001  -7.7041154342E-004
  -1.5152167720E+001  -2.0341377072E-003
  -1.4997553764E+001  -3.3682229336E-003
  -1.4842939807E+001  -4.6988186643E-003
  -1.4688325851E+001  -5.8974025955E-003
  -1.4533711895E+001  -6.8082690583E-003
  -1.4379097938E+001  -7.3414120927E-003
  -1.4224483982E+001  -7.5553175650E-003
  -1.4069870026E+001  -7.5598988710E-003
  -1.3915256069E+001  -7.3265991751E-003
  -1.3760642113E+001  -6.7387646669E-003
  -1.3606028157E+001  -5.7878816359E-003
  -1.3451414200E+001  -4.5986367630E-003
  -1.3296800244E+001  -3.3245175037E-003
  -1.3142186288E+001  -2.0757333572E-003
  -1.2987572331E+001  -9.0954749485E-004
  -1.2832958375E+001   1.5204559797E-004
  -1.2678344419E+001   1.1039556002E-003
  -1.2523730462E+001   1.9470131220E-003
  -1.2369116506E+001   2.6832685250E-003
  -1.2214502550E+001   3.3145688841E-003
  -1.2059888594E+001   3.8423568871E-003
  -1.1905274637E+001   4.2677514838E-003
  -1.1750660681E+001   4.5916257177E-003
  -1.1596046725E+001   4.8146286228E-003
  -1.1441432768E+001   4.9371745628E-003
  -1.1286818812E+001   4.9594188832E-003
  -1.1132204856E+001   4.8812426323E-003
  -1.0977590899E+001   4.7022495484E-003
  -1.0822976943E+001   4.4217823657E-003
  -1.0668362987E+001   4.0389463628E-003
  -1.0513749030E+001   3.5526326336E-003
  -1.0359135074E+001   2.9615111214E-003
  -1.0204521118E+001   2.2639785849E-003
  -1.0049907161E+001   1.4580656629E-003
  -9.8952932049E+000   5.4149094340E-004
  -9.7406792486E+000  -4.8748868609E-004
  -9.5860652923E+000  -1.6267707291E-003
  -9.4314513359E+000  -2.8618392768E-003
  -9.2768373796E+000  -4.1496159413E-003
  -9.1222234233E+000  -5.3986586717E-003
  -8.9676094670E+000  -6.4655145739E-003
  -8.8129955106E+000  -7.2037173563E-003
  -8.6583815543E+000  -7.5696082964E-003
  -8.5037675980E+000  -7.6608286768E-003
  -8.3491536417E+000  -7.5558963392E-003
  -8.1945396853E+000  -7.1764317971E-003
  -8.0399257290E+000  -6.4249720062E-003
  -7.8853117727E+000  -5.3454056965E-003
  -7.7306978164E+000  -4.0844705654E-003
  -7.5760838600E+000  -2.7859179554E-003
  -7.4214699037E+000  -1.5415031445E-003
  -7.2668559474E+000  -3.9462150694E-004
  -7.1122419910E+000   6.3989968227E-004
  -6.9576280347E+000   1.5596591980E-003
  -6.8030140784E+000   2.3661191573E-003
  -6.6484001221E+000   3.0613017579E-003
  -6.4937861657E+000   3.6469424348E-003
  -6.3391722094E+000   4.1244388091E-003
  -6.1845582531E+000   4.4949460213E-003
  -6.0299442968E+000   4.7594304598E-003
  -5.8753303404E+000   4.9186777588E-003
  -5.7207163841E+000   4.9732700314E-003
  -5.5661024278E+000   4.9235624645E-003
  -5.4114884714E+000   4.7696669377E-003
  -5.2568745151E+000   4.5114548291E-003
  -5.1022605588E+000   4.1485719831E-003
  -4.9476466025E+000   3.6804626077E-003
  -4.7930326461E+000   3.1063792718E-003
  -4.6384186898E+000   2.4253600333E-003
  -4.4838047335E+000   1.6361492315E-003
  -4.3291907772E+000   7.3711500751E-004
  -4.1745768208E+000  -2.7355186392E-004
  -4.0199628645E+000  -1.3964175296E-003
  -3.8653489082E+000  -2.6261065124E-003
  -3.7107349518E+000  -3.9403206307E-003
  -3.5561209955E+000  -5.2814753069E-003
  -3.4015070392E+000  -6.5390199465E-003
  -3.2468930829E+000  -7.5590978184E-003
  -3.0922791265E+000  -8.2166059591E-003
  -2.9376651702E+000  -8.5195864566E-003
  -2.7830512139E+000  -8.5842342848E-003
  -2.6284372576E+000  -8.4387931984E-003
  -2.4738233012E+000  -7.9731980357E-003
  -2.3192093449E+000  -7.1288307383E-003
  -2.1645953886E+000  -5.9954801872E-003
  -2.0099814323E+000  -4.7285518268E-003
  -1.8553674759E+000  -3.4562196922E-003
  -1.7007535196E+000  -2.2519636258E-003
  -1.5461395633E+000  -1.1471466309E-003
  -1.3915256069E+000  -1.5080410189E-004
  -1.2369116506E+000   7.3677050674E-004
  -1.0822976943E+000   1.5175694588E-003
  -9.2768373796E-001   2.1936424049E-003
  -7.7306978164E-001   2.7666420226E-003
  -6.1845582531E-001   3.2378590466E-003
  -4.6384186898E-001   3.6083154642E-003
  -3.0922791265E-001   3.8788003145E-003
  -1.5461395633E-001   4.0498693360E-003
   0.0000000000E+000   4.1218197429E-003
   1.5461395633E-001   4.0946728396E-003
   3.0922791265E-001   3.9681639449E-003
   4.6384186898E-001   3.7417549335E-003
   6.1845582531E-001   3.4146542379E-003
   7.7306978164E-001   2.9858449487E-003
   9.2768373796E-001   2.4540883435E-003
   1.0822976943E+000   1.8178915177E-003
   1.2369116506E+000   1.0754177349E-003
   1.3915256069E+000   2.2445486638E-004
   1.5461395633E+000  -7.3712711006E-004
   1.7007535196E+000  -1.8091454073E-003
   1.8553674759E+000  -2.9826475667E-003
   2.0099814323E+000  -4.2263286370E-003
   2.1645953886E+000  -5.4667505779E-003
   2.3192093449E+000  -6.5757813648E-003
   2.4738233012E+000  -7.3980838239E-003
   2.6284372576E+000  -7.8439942932E-003
   2.7830512139E+000  -7.9723099290E-003
   2.9376651702E+000  -7.8932361819E-003
   3.0922791265E+000  -7.5785186860E-003
   3.2468930829E+000  -6.9118325879E-003
   3.4015070392E+000  -5.8850151631E-003
   3.5561209955E+000  -4.6231195547E-003
   3.7107349518E+000  -3.2800078720E-003
   3.8653489082E+000  -1.9662604603E-003
   4.0199628645E+000  -7.3949381564E-004
   4.1745768208E+000   3.7797272148E-004
   4.3291907772E+000   1.3807587897E-003
   4.4838047335E+000   2.2694422297E-003
   4.6384186898E+000   3.0458579563E-003
   4.7930326461E+000   3.7116736414E-003
   4.9476466025E+000   4.2681865411E-003
   5.1022605588E+000   4.7164015728E-003
   5.2568745151E+000   5.0571063580E-003
   5.4114884714E+000   5.2908904403E-003
   5.5661024278E+000   5.4181323876E-003
   5.7207163841E+000   5.4389739263E-003
   5.8753303404E+000   5.3533040642E-003
   6.0299442968E+000   5.1607565050E-003
   6.1845582531E+000   4.8607274294E-003
   6.3391722094E+000   4.4524014765E-003
   6.4937861657E+000   3.9347782185E-003
   6.6484001221E+000   3.3066688576E-003
   6.8030140784E+000   2.5666479453E-003
   6.9576280347E+000   1.7129639085E-003
   7.1122419910E+000   7.4359598331E-004
   7.2668559474E+000  -3.4289353712E-004
   7.4214699037E+000  -1.5440519306E-003
   7.5760838600E+000  -2.8449721541E-003
   7.7306978164E+000  -4.2021552212E-003
   7.8853117727E+000  -5.5237316805E-003
   8.0399257290E+000  -6.6658510275E-003
   8.1945396853E+000  -7.4817322262E-003
   8.3491536417E+000  -7.9275367626E-003
   8.5037675980E+000  -8.1008224490E-003
   8.6583815543E+000  -8.0799210339E-003
   8.8129955106E+000  -7.7860078604E-003
   8.9676094670E+000  -7.1210209010E-003
   9.1222234233E+000  -6.1282774855E-003
   9.2768373796E+000  -4.9540211493E-003
   9.4314513359E+000  -3.7415532145E-003
   9.5860652923E+000  -2.5821888432E-003
   9.7406792486E+000  -1.5188747602E-003
   9.8952932049E+000  -5.6597448170E-004
   1.0049907161E+001   2.7458817496E-004
   1.0204521118E+001   1.0047600418E-003
   1.0359135074E+001   1.6270466138E-003
   1.0513749030E+001   2.1436556701E-003
   1.0668362987E+001   2.5564367481E-003
   1.0822976943E+001   2.8669676204E-003
   1.0977590899E+001   3.0766001544E-003
   1.1132204856E+001   3.1864616654E-003
   1.1286818812E+001   3.1974267866E-003
   1.1441432768E+001   3.1100899381E-003
   1.1596046725E+001   2.9247459252E-003
   1.1750660681E+001   2.6413907039E-003
   1.1905274637E+001   2.2597351846E-003
   1.2059888594E+001   1.7792288110E-003
   1.2214502550E+001   1.1990701053E-003
   1.2369116506E+001   5.1818526331E-004
   1.2523730462E+001  -2.6484864424E-004
   1.2678344419E+001  -1.1518828688E-003
   1.2832958375E+001  -2.1449942112E-003
   1.2987572331E+001  -3.2450602982E-003
   1.3142186288E+001  -4.4470567711E-003
   1.3296800244E+001  -5.7290722102E-003
   1.3451414200E+001  -7.0339410608E-003
   1.3606028157E+001  -8.2515625764E-003
   1.3760642113E+001  -9.2285653707E-003
   1.3915256069E+001  -9.8403807031E-003
   1.4069870026E+001  -1.0095629795E-002
   1.4224483982E+001  -1.0111042682E-002
   1.4379097938E+001  -9.9152055361E-003
   1.4533711895E+001  -9.3981948183E-003
   1.4688325851E+001  -8.5015006701E-003
   1.4842939807E+001  -7.3151132224E-003
   1.4997553764E+001  -5.9947383347E-003
   1.5152167720E+001  -4.6689136024E-003
   1.5306781676E+001  -3.4115150852E-003
   1.5461395633E+001  -2.2543130159E-003
   1.5616009589E+001  -1.2067451000E-003
   1.5770623545E+001  -2.6949050503E-004
   1.5925237502E+001   5.5908272602E-004
   1.6079851458E+001   1.2806964467E-003
   1.6234465414E+001   1.8967140473E-003
   1.6389079371E+001   2.4081804817E-003
   1.6543693327E+001   2.8159193940E-003
   1.6698307283E+001   3.1205717312E-003
   1.6852921240E+001   3.3225971184E-003
   1.7007535196E+001   3.4222493417E-003
   1.7162149152E+001   3.4195587225E-003
   1.7316763109E+001   3.3143208785E-003
   1.7471377065E+001   3.1061071664E-003
   1.7625991021E+001   2.7942815813E-003
   1.7780604978E+001   2.3780246853E-003
   1.7935218934E+001   1.8563318507E-003
   1.8089832890E+001   1.2279745374E-003
   1.8244446847E+001   4.9140339500E-004
   1.8399060803E+001  -3.5529111667E-004
   1.8553674759E+001  -1.3139291859E-003
   1.8708288716E+001  -2.3840185367E-003
   1.8862902672E+001  -3.5563042579E-003
   1.9017516628E+001  -4.7991911612E-003
   1.9172130585E+001  -6.0389662092E-003
   1.9326744541E+001  -7.1472383617E-003
   1.9481358497E+001  -7.9684278862E-003
   1.9635972454E+001  -8.4126502051E-003
   1.9790586410E+001  -8.5385132650E-003
   1.9945200366E+001  -8.4560648122E-003
   2.0099814323E+001  -8.1369079547E-003
   2.0254428279E+001  -7.4645798879E-003
   2.0409042235E+001  -6.4307832455E-003
   2.0563656191E+001  -5.1604357995E-003
   2.0718270148E+001  -3.8072615486E-003
   2.0872884104E+001  -2.4817046500E-003
   2.1027498060E+001  -1.2412545963E-003
   2.1182112017E+001  -1.0811819982E-004
   2.1336725973E+001   9.1242062304E-004
   2.1491339929E+001   1.8210216916E-003
   2.1645953886E+001   2.6195911336E-003
   2.1800567842E+001   3.3098618954E-003
   2.1955181798E+001   3.8931958931E-003
   2.2109795755E+001   4.3706674455E-003
   2.2264409711E+001   4.7431432947E-003
   2.2419023667E+001   5.0113060423E-003
   2.2573637624E+001   5.1756443702E-003
   2.2728251580E+001   5.2364289234E-003
   2.2882865536E+001   5.1936965926E-003
   2.3037479493E+001   5.0472463353E-003
   2.3192093449E+001   4.7966534869E-003
   2.3346707405E+001   4.4412903501E-003
   2.3501321362E+001   3.9803454223E-003
   2.3655935318E+001   3.4128112282E-003
   2.3810549274E+001   2.7374259839E-003
   2.3965163231E+001   1.9525734876E-003
   2.4119777187E+001   1.0563295480E-003
   2.4274391143E+001   4.7304735550E-005
   2.4429005100E+001  -1.0720553940E-003
   2.4583619056E+001  -2.2869087365E-003
   2.4738233012E+001  -3.5538727268E-003
   2.4892846969E+001  -4.7812270327E-003
   2.5047460925E+001  -5.8252698420E-003
   2.5202074881E+001  -6.5393231794E-003
   2.5356688838E+001  -6.8795714071E-003
   2.5511302794E+001  -6.9435629104E-003
   2.5665916750E+001  -6.8097533280E-003
   2.5820530707E+001  -6.3996874398E-003
   2.5975144663E+001  -5.6158172670E-003
   2.6129758619E+001  -4.5019588324E-003
   2.6284372576E+001  -3.2047904701E-003
   2.6438986532E+001  -1.8680143241E-003
   2.6593600488E+001  -5.8335103377E-004
   2.6748214445E+001   6.0581654843E-004
   2.6902828401E+001   1.6846460458E-003
   2.7057442357E+001   2.6506916375E-003
   2.7212056314E+001   3.5053424870E-003
   2.7366670270E+001   4.2505225055E-003
   2.7521284226E+001   4.8878475863E-003
   2.7675898183E+001   5.4185791560E-003
   2.7830512139E+001   5.8437242603E-003
   2.7985126095E+001   6.1640938712E-003
   2.8139740052E+001   6.3803150203E-003
   2.8294354008E+001   6.4928115321E-003
   2.8448967964E+001   6.5017833895E-003
   2.8603581920E+001   6.4071923717E-003
   2.8758195877E+001   6.2087661772E-003
   2.8912809833E+001   5.9060140802E-003
   2.9067423789E+001   5.4982509839E-003
   2.9222037746E+001   4.9846071337E-003
   2.9376651702E+001   4.3640046165E-003
   2.9531265658E+001   3.6350772786E-003
   2.9685879615E+001   2.7960872381E-003
   2.9840493571E+001   1.8451226919E-003
   2.9995107527E+001   7.8151738216E-004
   3.0149721484E+001  -3.8945197199E-004
   3.0304335440E+001  -1.6455864781E-003
   3.0458949396E+001  -2.9294052234E-003
   3.0613563353E+001  -4.1304732216E-003
   3.0768177309E+001  -5.0950761893E-003
   3.0922791265E+001  -5.6983066718E-003
   3.1077405222E+001  -5.9484733922E-003
   3.1232019178E+001  -5.9620527437E-003
   3.1386633134E+001  -5.7674591988E-003
   3.1541247091E+001  -5.2546678455E-003
   3.1695861047E+001  -4.3650987865E-003
   3.1850475003E+001  -3.1886690173E-003
   3.2005088960E+001  -1.8809943160E-003
   3.2159702916E+001  -5.7050499977E-004
   3.2314316872E+001   6.6904363075E-004
   3.2468930829E+001   1.8060113178E-003
   3.2623544785E+001   2.8310953619E-003
   3.2778158741E+001   3.7437529728E-003
   3.2932772698E+001   4.5457510359E-003
   3.3087386654E+001   5.2389429044E-003
   3.3242000610E+001   5.8248187327E-003
   3.3396614567E+001   6.3045446840E-003
   3.3551228523E+001   6.6790595989E-003
   3.3705842479E+001   6.9491134223E-003
   3.3860456436E+001   7.1152686082E-003
