  -3.4015070392E+001   6.6496092541E-003
  -3.3860456436E+001   6.6008559353E-003
  -3.3705842479E+001   6.4488677742E-003
  -3.3551228523E+001   6.1932923085E-003
  -3.3396614567E+001   5.8335632868E-003
  -3.3242000610E+001   5.3689250539E-003
  -3.3087386654E+001   4.7984312008E-003
  -3.2932772698E+001   4.1209061787E-003
  -3.2778158741E+001   3.3348486666E-003
  -3.2623544785E+001   2.4383924278E-003
  -3.2468930829E+001   1.4297561176E-003
  -3.2314316872E+001   3.0946676761E-004
  -3.2159702916E+001  -9.1318951652E-004
  -3.2005088960E+001  -2.2065892010E-003
  -3.1850475003E+001  -3.4969928827E-003
  -3.1695861047E+001  -4.6559843398E-003
  -3.1541247091E+001  -5.5279601678E-003
  -3.1386633134E+001  -6.0230167392E-003
  -3.1232019178E+001  -6.1997506332E-003
  -3.1077405222E+001  -6.1681987832E-003
  -3.0922791265E+001  -5.8999408492E-003
  -3.0768177309E+001  -5.2784801715E-003
  -3.0613563353E+001  -4.2954872464E-003
  -3.0458949396E+001  -3.0758519636E-003
  -3.0304335440E+001  -1.7732708766E-003
  -3.0149721484E+001  -4.9815931458E-004
  -2.9995107527E+001   6.9202291830E-004
  -2.9840493571E+001   1.7750984467E-003
  -2.9685879615E+001   2.7458115874E-003
  -2.9531265658E+001   3.6048485227E-003
  -2.9376651702E+001   4.3541394615E-003
  -2.9222037746E+001   4.9954389377E-003
  -2.9067423789E+001   5.5301278836E-003
  -2.8912809833E+001   5.9592970568E-003
  -2.8758195877E+001   6.2838270777E-003
  -2.8603581920E+001   6.5044118743E-003
  -2.8448967964E+001   6.6215489023E-003
  -2.8294354008E+001   6.6355150251E-003
  -2.8139740052E+001   6.5463508105E-003
  -2.7985126095E+001   6.3538563941E-003
  -2.7830512139E+001   6.0576058618E-003
  -2.7675898183E+001   5.6569679295E-003
  -2.7521284226E+001   5.1511252635E-003
  -2.7366670270E+001   4.5390623897E-003
  -2.7212056314E+001   3.8195074191E-003
  -2.7057442357E+001   2.9908319964E-003
  -2.6902828401E+001   2.0510978271E-003
  -2.6748214445E+001   9.9889961897E-004
  -2.6593600488E+001  -1.6333435373E-004
  -2.6438986532E+001  -1.4207801428E-003
  -2.6284372576E+001  -2.7300734184E-003
  -2.6129758619E+001  -3.9995111453E-003
  -2.5975144663E+001  -5.0854070674E-003
  -2.5820530707E+001  -5.8410978675E-003
  -2.5665916750E+001  -6.2227850594E-003
  -2.5511302794E+001  -6.3280365961E-003
  -2.5356688838E+001  -6.2353183298E-003
  -2.5202074881E+001  -5.8661663713E-003
  -2.5047460925E+001  -5.1230147620E-003
  -2.4892846969E+001  -4.0496640426E-003
  -2.4738233012E+001  -2.7927796700E-003
  -2.4583619056E+001  -1.4960501458E-003
  -2.4429005100E+001  -2.5118087687E-004
  -2.4274391143E+001   8.9846128999E-004
  -2.4119777187E+001   1.9380497225E-003
  -2.3965163231E+001   2.8651532720E-003
  -2.3810549274E+001   3.6811741423E-003
  -2.3655935318E+001   4.3880472982E-003
  -2.3501321362E+001   4.9873974976E-003
  -2.3346707405E+001   5.4804927352E-003
  -2.3192093449E+001   5.8683442631E-003
  -2.3037479493E+001   6.1517648334E-003
  -2.2882865536E+001   6.3313807531E-003
  -2.2728251580E+001   6.4076125273E-003
  -2.2573637624E+001   6.3806541399E-003
  -2.2419023667E+001   6.2504586297E-003
  -2.2264409711E+001   6.0167421844E-003
  -2.2109795755E+001   5.6789998011E-003
  -2.1955181798E+001   5.2365293619E-003
  -2.1800567842E+001   4.6884413732E-003
  -2.1645953886E+001   4.0336354819E-003
  -2.1491339929E+001   3.2707204052E-003
  -2.1336725973E+001   2.3979304774E-003
  -2.1182112017E+001   1.4133235632E-003
  -2.1027498060E+001   3.1620076177E-004
  -2.0872884104E+001  -8.8819572863E-004
  -2.0718270148E+001  -2.1777027304E-003
  -2.0563656191E+001  -3.4948752705E-003
  -2.0409042235E+001  -4.7293133873E-003
  -2.0254428279E+001  -5.7273363279E-003
  -2.0099814323E+001  -6.3640703767E-003
  -1.9945200366E+001  -6.6478617653E-003
  -1.9790586410E+001  -6.6952251378E-003
  -1.9635972454E+001  -6.5346011739E-003
  -1.9481358497E+001  -6.0559763576E-003
  -1.9326744541E+001  -5.2007803712E-003
  -1.9172130585E+001  -4.0589451335E-003
  -1.9017516628E+001  -2.7861036449E-003
  -1.8862902672E+001  -1.5107025494E-003
  -1.8708288716E+001  -3.0651209553E-004
  -1.8553674759E+001   7.9481331932E-004
  -1.8399060803E+001   1.7839571011E-003
  -1.8244446847E+001   2.6603624861E-003
  -1.8089832890E+001   3.4257822377E-003
  -1.7935218934E+001   4.0820555917E-003
  -1.7780604978E+001   4.6306589147E-003
  -1.7625991021E+001   5.0727453435E-003
  -1.7471377065E+001   5.4092419303E-003
  -1.7316763109E+001   5.6408885538E-003
  -1.7162149152E+001   5.7682398007E-003
  -1.7007535196E+001   5.7916411141E-003
  -1.6852921240E+001   5.7112119602E-003
  -1.6698307283E+001   5.5268354704E-003
  -1.6543693327E+001   5.2381698091E-003
  -1.6389079371E+001   4.8446659807E-003
  -1.6234465414E+001   4.3455925857E-003
  -1.6079851458E+001   3.7400347400E-003
  -1.5925237502E+001   3.0268558312E-003
  -1.5770623545E+001   2.2046008684E-003
  -1.5616009589E+001   1.2714571250E-003
  -1.5461395633E+001   2.2570348474E-004
  -1.5306781676E+001  -9.3206685540E-004
  -1.5152167720E+001  -2.1924968405E-003
  -1.4997553764E+001  -3.5238886957E-003
  -1.4842939807E+001  -4.8524270980E-003
  -1.4688325851E+001  -6.0496195823E-003
  -1.4533711895E+001  -6.9597867421E-003
  -1.4379097938E+001  -7.4929476314E-003
  -1.4224483982E+001  -7.7076135972E-003
  -1.4069870026E+001  -7.7137151702E-003
  -1.3915256069E+001  -7.4826902208E-003
  -1.3760642113E+001  -6.8978602077E-003
  -1.3606028157E+001  -5.9506811207E-003
  -1.3451414200E+001  -4.7658077465E-003
  -1.3296800244E+001  -3.4966909469E-003
  -1.3142186288E+001  -2.2534974178E-003
  -1.2987572331E+001  -1.0934420228E-003
  -1.2832958375E+001  -3.8466689271E-005
  -1.2678344419E+001   9.0639398816E-004
  -1.2523730462E+001   1.7420286817E-003
  -1.2369116506E+001   2.4705475105E-003
  -1.2214502550E+001   3.0938584895E-003
  -1.2059888594E+001   3.6134659903E-003
  -1.1905274637E+001   4.0305509749E-003
  -1.1750660681E+001   4.3460483936E-003
  -1.1596046725E+001   4.5606686094E-003
  -1.1441432768E+001   4.6748862232E-003
  -1.1286818812E+001   4.6889151917E-003
  -1.1132204856E+001   4.6026930195E-003
  -1.0977590899E+001   4.4158772547E-003
  -1.0822976943E+001   4.1278613640E-003
  -1.0668362987E+001   3.7377979271E-003
  -1.0513749030E+001   3.2446216413E-003
  -1.0359135074E+001   2.6470421763E-003
  -1.0204521118E+001   1.9434920580E-003
  -1.0049907161E+001   1.1320337573E-003
  -9.8952932049E+000   2.1041391497E-004
  -9.7406792486E+000  -8.2308600257E-004
  -9.5860652923E+000  -1.9663419635E-003
  -9.4314513359E+000  -3.2048191477E-003
  -9.2768373796E+000  -4.4954227569E-003
  -9.1222234233E+000  -5.7466974523E-003
  -8.9676094670E+000  -6.8151824210E-003
  -8.8129955106E+000  -7.5544144379E-003
  -8.6583815543E+000  -7.9207565172E-003
  -8.5037675980E+000  -8.0118849784E-003
  -8.3491536417E+000  -7.9063343431E-003
  -8.1945396853E+000  -7.5257016489E-003
  -8.0399257290E+000  -6.7724852054E-003
  -7.8853117727E+000  -5.6905528083E-003
  -7.7306978164E+000  -4.4266438579E-003
  -7.5760838600E+000  -3.1245254405E-003
  -7.4214699037E+000  -1.8759760989E-003
  -7.2668559474E+000  -7.2441888042E-004
  -7.1122419910E+000   3.1528822174E-004
  -6.9576280347E+000   1.2407106551E-003
  -6.8030140784E+000   2.0532745853E-003
  -6.6484001221E+000   2.7549635202E-003
  -6.4937861657E+000   3.3474714195E-003
  -6.3391722094E+000   3.8321516913E-003
  -6.1845582531E+000   4.2101126370E-003
  -6.0299442968E+000   4.4822713268E-003
  -5.8753303404E+000   4.6493617792E-003
  -5.7207163841E+000   4.7119124207E-003
  -5.5661024278E+000   4.6702229730E-003
  -5.4114884714E+000   4.5243484395E-003
  -5.2568745151E+000   4.2741023539E-003
  -5.1022605588E+000   3.9190722469E-003
  -4.9476466025E+000   3.4586440708E-003
  -4.7930326461E+000   2.8920127141E-003
  -4.6384186898E+000   2.2181596079E-003
  -4.4838047335E+000   1.4357739435E-003
  -4.3291907772E+000   5.4317057927E-004
  -4.1745768208E+000  -4.6151073703E-004
  -4.0199628645E+000  -1.5788844774E-003
  -3.8653489082E+000  -2.8036202565E-003
  -3.7107349518E+000  -4.1134611499E-003
  -3.5561209955E+000  -5.4508593945E-003
  -3.4015070392E+000  -6.7052963049E-003
  -3.2468930829E+000  -7.7229424615E-003
  -3.0922791265E+000  -8.3787201831E-003
  -2.9376651702E+000  -8.6806989082E-003
  -2.7830512139E+000  -8.7450996720E-003
  -2.6284372576E+000  -8.6001763575E-003
  -2.4738233012E+000  -8.1358520783E-003
  -2.3192093449E+000  -7.2934857402E-003
  -2.1645953886E+000  -6.1628387730E-003
  -2.0099814323E+000  -4.8992826898E-003
  -1.8553674759E+000  -3.6309489336E-003
  -1.7007535196E+000  -2.4312665612E-003
  -1.5461395633E+000  -1.3315412104E-003
  -1.3915256069E+000  -3.4074600188E-004
  -1.2369116506E+000   5.4089134846E-004
  -1.0822976943E+000   1.3154311021E-003
  -9.2768373796E-001   1.9849921477E-003
  -7.7306978164E-001   2.5512967694E-003
  -6.1845582531E-001   3.0157049135E-003
  -4.6384186898E-001   3.3793066991E-003
  -3.0922791265E-001   3.6429575862E-003
  -1.5461395633E-001   3.8072774356E-003
   0.0000000000E+000   3.8726247372E-003
   1.5461395633E-001   3.8390787284E-003
   3.0922791265E-001   3.7064288831E-003
   4.6384186898E-001   3.4741870964E-003
   6.1845582531E-001   3.1416074141E-003
   7.7306978164E-001   2.7077139590E-003
   9.2768373796E-001   2.1713043887E-003
   1.0822976943E+000   1.5309175712E-003
   1.2369116506E+000   7.8474411136E-004
   1.3915256069E+000  -6.9404876679E-005
   1.5461395633E+000  -1.0336397616E-003
   1.7007535196E+000  -2.1077610042E-003
   1.8553674759E+000  -3.2828015059E-003
   2.0099814323E+000  -4.5274430884E-003
   2.1645953886E+000  -5.7682356535E-003
   2.3192093449E+000  -6.8770372205E-003
   2.4738233012E+000  -7.6985065996E-003
   2.6284372576E+000  -8.1429897368E-003
   2.7830512139E+000  -8.2693083478E-003
   2.9376651702E+000  -8.1876822829E-003
   3.0922791265E+000  -7.8698292558E-003
   3.2468930829E+000  -7.1993675890E-003
   3.4015070392E+000  -6.1680898039E-003
   3.5561209955E+000  -4.9010316540E-003
   3.7107349518E+000  -3.5520573270E-003
   3.8653489082E+000  -2.2317595237E-003
   4.0199628645E+000  -9.9777221934E-004
   4.1745768208E+000   1.2756541017E-004
   4.3291907772E+000   1.1388522956E-003
   4.4838047335E+000   2.0366454434E-003
   4.6384186898E+000   2.8227592622E-003
   4.7930326461E+000   3.4988416635E-003
   4.9476466025E+000   4.0661713248E-003
   5.1022605588E+000   4.5257361760E-003
   5.2568745151E+000   4.8783087727E-003
   5.4114884714E+000   5.1244657509E-003
   5.5661024278E+000   5.2645750873E-003
   5.7207163841E+000   5.2987703449E-003
   5.8753303404E+000   5.2269348901E-003
   6.0299442968E+000   5.0486993943E-003
   6.1845582531E+000   4.7634596825E-003
   6.3391722094E+000   4.3704027309E-003
   6.4937861657E+000   3.8685330585E-003
   6.6484001221E+000   3.2566691944E-003
   6.8030140784E+000   2.5333949985E-003
   6.9576280347E+000   1.6969696289E-003
   7.1122419910E+000   7.4538381531E-004
   7.2668559474E+000  -3.2278856797E-004
   7.4214699037E+000  -1.5050837336E-003
   7.5760838600E+000  -2.7865845550E-003
   7.7306978164E+000  -4.1237832196E-003
   7.8853117727E+000  -5.4248027236E-003
   8.0399257290E+000  -6.5457861415E-003
   8.1945396853E+000  -7.3399477796E-003
   8.3491536417E+000  -7.7634492853E-003
   8.5037675980E+000  -7.9138569541E-003
   8.6583815543E+000  -7.8695162854E-003
   8.8129955106E+000  -7.5516134931E-003
   8.9676094670E+000  -6.8620901719E-003
   9.1222234233E+000  -5.8442582049E-003
   9.2768373796E+000  -4.6443449858E-003
   9.4314513359E+000  -3.4056260806E-003
   9.5860652923E+000  -2.2193850948E-003
   9.7406792486E+000  -1.1285359504E-003
   9.8952932049E+000  -1.4741203524E-004
   1.0049907161E+001   7.2208739604E-004
   1.0204521118E+001   1.4819261323E-003
   1.0359135074E+001   2.1346175447E-003
   1.0513749030E+001   2.6823671233E-003
   1.0668362987E+001   3.1270111887E-003
   1.0822976943E+001   3.4701029026E-003
   1.0977590899E+001   3.7129579256E-003
   1.1132204856E+001   3.8566557858E-003
   1.1286818812E+001   3.9020119400E-003
   1.1441432768E+001   3.8495505644E-003
   1.1596046725E+001   3.6994855789E-003
   1.1750660681E+001   3.4517219225E-003
   1.1905274637E+001   3.1058699394E-003
   1.2059888594E+001   2.6612696151E-003
   1.2214502550E+001   2.1170018596E-003
   1.2369116506E+001   1.4718679459E-003
   1.2523730462E+001   7.2431368022E-004
   1.2678344419E+001  -1.2764868673E-004
   1.2832958375E+001  -1.0862364468E-003
   1.2987572331E+001  -2.1524703558E-003
   1.3142186288E+001  -3.3214703225E-003
   1.3296800244E+001  -4.5714685303E-003
   1.3451414200E+001  -5.8454399944E-003
   1.3606028157E+001  -7.0334185379E-003
   1.3760642113E+001  -7.9821586019E-003
   1.3915256069E+001  -8.5672073945E-003
   1.4069870026E+001  -8.7972906644E-003
   1.4224483982E+001  -8.7892206692E-003
   1.4379097938E+001  -8.5716248615E-003
   1.4533711895E+001  -8.0345798829E-003
   1.4688325851E+001  -7.1195578756E-003
   1.4842939807E+001  -5.9165294593E-003
   1.4997553764E+001  -4.5811810929E-003
   1.5152167720E+001  -3.2420290565E-003
   1.5306781676E+001  -1.9729257184E-003
   1.5461395633E+001  -8.0561558836E-004
   1.5616009589E+001   2.5049110994E-004
   1.5770623545E+001   1.1947443386E-003
   1.5925237502E+001   2.0288067806E-003
   1.6079851458E+001   2.7544325587E-003
   1.6234465414E+001   3.3730188057E-003
   1.6389079371E+001   3.8856455880E-003
   1.6543693327E+001   4.2931728773E-003
   1.6698307283E+001   4.5962789434E-003
   1.6852921240E+001   4.7954614500E-003
   1.7007535196E+001   4.8910126218E-003
   1.7162149152E+001   4.8830012944E-003
   1.7316763109E+001   4.7712613712E-003
   1.7471377065E+001   4.5554019953E-003
   1.7625991021E+001   4.2348242146E-003
   1.7780604978E+001   3.8087447012E-003
   1.7935218934E+001   3.2761937965E-003
   1.8089832890E+001   2.6359765962E-003
   1.8244446847E+001   1.8865758749E-003
   1.8399060803E+001   1.0261125762E-003
   1.8553674759E+001   5.2795320709E-005
   1.8708288716E+001  -1.0328563626E-003
   1.8862902672E+001  -2.2215615414E-003
   1.9017516628E+001  -3.4816996539E-003
   1.9172130585E+001  -4.7395320816E-003
   1.9326744541E+001  -5.8666411017E-003
   1.9481358497E+001  -6.7074193424E-003
   1.9635972454E+001  -7.1719563875E-003
   1.9790586410E+001  -7.3188384644E-003
   1.9945200366E+001  -7.2580877209E-003
   2.0099814323E+001  -6.9612645802E-003
   2.0254428279E+001  -6.3118500634E-003
   2.0409042235E+001  -5.3014911617E-003
   2.0563656191E+001  -4.0550543521E-003
   2.0718270148E+001  -2.7262133295E-003
   2.0872884104E+001  -1.4253611718E-003
   2.1027498060E+001  -2.0993597601E-004
   2.1182112017E+001   8.9790613245E-004
   2.1336725973E+001   1.8929303474E-003
   2.1491339929E+001   2.7758434131E-003
   2.1645953886E+001   3.5485958117E-003
   2.1800567842E+001   4.2129620612E-003
   2.1955181798E+001   4.7703427687E-003
   2.2109795755E+001   5.2218480270E-003
   2.2264409711E+001   5.5683774142E-003
   2.2419023667E+001   5.8106433989E-003
   2.2573637624E+001   5.9491615199E-003
   2.2728251580E+001   5.9842262287E-003
   2.2882865536E+001   5.9158951519E-003
   2.3037479493E+001   5.7439849262E-003
   2.3192093449E+001   5.4680855577E-003
   2.3346707405E+001   5.0875810849E-003
   2.3501321362E+001   4.6016688880E-003
   2.3655935318E+001   4.0093475936E-003
   2.3810549274E+001   3.3093588001E-003
   2.3965163231E+001   2.5000870308E-003
   2.4119777187E+001   1.5796062720E-003
   2.4274391143E+001   5.4652292619E-004
   2.4429005100E+001  -5.9672360525E-004
   2.4583619056E+001  -1.8352987958E-003
   2.4738233012E+001  -3.1258282640E-003
   2.4892846969E+001  -4.3765994270E-003
   2.5047460925E+001  -5.4439169609E-003
   2.5202074881E+001  -6.1811089351E-003
   2.5356688838E+001  -6.5443686751E-003
   2.5511302794E+001  -6.6312563377E-003
   2.5665916750E+001  -6.5202303318E-003
   2.5820530707E+001  -6.1328196365E-003
   2.5975144663E+001  -5.3714514304E-003
   2.6129758619E+001  -4.2799196209E-003
   2.6284372576E+001  -3.0048832249E-003
   2.6438986532E+001  -1.6900244649E-003
   2.6593600488E+001  -4.2704259892E-004
   2.6748214445E+001   7.4070157547E-004
   2.6902828401E+001   1.7983874079E-003
   2.7057442357E+001   2.7435896977E-003
   2.7212056314E+001   3.5777165972E-003
   2.7366670270E+001   4.3027090565E-003
   2.7521284226E+001   4.9201978923E-003
   2.7675898183E+001   5.4314572696E-003
   2.7830512139E+001   5.8375047617E-003
   2.7985126095E+001   6.1391596342E-003
   2.8139740052E+001   6.3370549425E-003
   2.8294354008E+001   6.4316182209E-003
   2.8448967964E+001   6.4230508091E-003
   2.8603581920E+001   6.3113134779E-003
   2.8758195877E+001   6.0961305721E-003
   2.8912809833E+001   5.7770057210E-003
   2.9067423789E+001   5.3532459643E-003
   2.9222037746E+001   4.8239715385E-003
   2.9376651702E+001   4.1880924375E-003
   2.9531265658E+001   3.4442283812E-003
   2.9685879615E+001   2.5906253935E-003
   2.9840493571E+001   1.6253537343E-003
   2.9995107527E+001   5.4772760609E-004
   3.0149721484E+001  -6.3699700281E-004
   3.0304335440E+001  -1.9066424868E-003
   3.0458949396E+001  -3.2037488822E-003
   3.0613563353E+001  -4.4179007668E-003
   3.0768177309E+001  -5.3954015565E-003
   3.0922791265E+001  -6.0113613899E-003
   3.1077405222E+001  -6.2741098540E-003
   3.1232019178E+001  -6.3001437436E-003
   3.1386633134E+001  -6.1178835820E-003
   3.1541247091E+001  -5.6172926637E-003
   3.1695861047E+001  -4.7397746797E-003
   3.1850475003E+001  -3.5752335664E-003
   3.2005088960E+001  -2.2792730730E-003
   3.2159702916E+001  -9.8030979923E-004
   3.2314316872E+001   2.4791644332E-004
   3.2468930829E+001   1.3737816849E-003
   3.2623544785E+001   2.3879993586E-003
   3.2778158741E+001   3.2900419490E-003
   3.2932772698E+001   4.0816902965E-003
   3.3087386654E+001   4.7648101159E-003
   3.3242000610E+001   5.3409021907E-003
   3.3396614567E+001   5.8111415191E-003
   3.3551228523E+001   6.1764739483E-003
   3.3705842479E+001   6.4376545631E-003
   3.3860456436E+001   6.5952490381E-003
