  -3.4015070392E+001   6.3491772132E-003
  -3.3860456436E+001   6.2993973574E-003
  -3.3705842479E+001   6.1496791707E-003
  -3.3551228523E+001   5.8995057555E-003
  -3.3396614567E+001   5.5480433634E-003
  -3.3242000610E+001   5.0941758755E-003
  -3.3087386654E+001   4.5365173513E-003
  -3.2932772698E+001   3.8733908868E-003
  -3.2778158741E+001   3.1027517935E-003
  -3.2623544785E+001   2.2221696678E-003
  -3.2468930829E+001   1.2292994208E-003
  -3.2314316872E+001   1.2412447923E-004
  -3.2159702916E+001  -1.0845756883E-003
  -3.2005088960E+001  -2.3656345621E-003
  -3.1850475003E+001  -3.6457123064E-003
  -3.1695861047E+001  -4.7967295123E-003
  -3.1541247091E+001  -5.6633420536E-003
  -3.1386633134E+001  -6.1557863839E-003
  -3.1232019178E+001  -6.3326474797E-003
  -3.1077405222E+001  -6.3038895153E-003
  -3.0922791265E+001  -6.0411111389E-003
  -3.0768177309E+001  -5.4278861358E-003
  -3.0613563353E+001  -4.4558468193E-003
  -3.0458949396E+001  -3.2496960607E-003
  -3.0304335440E+001  -1.9628410370E-003
  -3.0149721484E+001  -7.0533742100E-004
  -2.9995107527E+001   4.6577544687E-004
  -2.9840493571E+001   1.5287960114E-003
  -2.9685879615E+001   2.4789903449E-003
  -2.9531265658E+001   3.3175981529E-003
  -2.9376651702E+001   4.0471169958E-003
  -2.9222037746E+001   4.6698622065E-003
  -2.9067423789E+001   5.1877475792E-003
  -2.8912809833E+001   5.6023479052E-003
  -2.8758195877E+001   5.9149599432E-003
  -2.8603581920E+001   6.1266096680E-003
  -2.8448967964E+001   6.2380298235E-003
  -2.8294354008E+001   6.2496270278E-003
  -2.8139740052E+001   6.1614613218E-003
  -2.7985126095E+001   5.9732413563E-003
  -2.7830512139E+001   5.6843421687E-003
  -2.7675898183E+001   5.2938333111E-003
  -2.7521284226E+001   4.8005095669E-003
  -2.7366670270E+001   4.2028939440E-003
  -2.7212056314E+001   3.4991976076E-003
  -2.7057442357E+001   2.6872402559E-003
  -2.6902828401E+001   1.7645180304E-003
  -2.6748214445E+001   7.2906734484E-004
  -2.6593600488E+001  -4.1721564216E-004
  -2.6438986532E+001  -1.6599973512E-003
  -2.6284372576E+001  -2.9563510118E-003
  -2.6129758619E+001  -4.2149519194E-003
  -2.5975144663E+001  -5.2924264471E-003
  -2.5820530707E+001  -6.0423356844E-003
  -2.5665916750E+001  -6.4209693487E-003
  -2.5511302794E+001  -6.5258442349E-003
  -2.5356688838E+001  -6.4353710514E-003
  -2.5202074881E+001  -6.0711371873E-003
  -2.5047460925E+001  -5.3356239632E-003
  -2.4892846969E+001  -4.2725398121E-003
  -2.4738233012E+001  -3.0283218433E-003
  -2.4583619056E+001  -1.7463419416E-003
  -2.4429005100E+001  -5.1792313885E-004
  -2.4274391143E+001   6.1400938711E-004
  -2.4119777187E+001   1.6351235580E-003
  -2.3965163231E+001   2.5435246114E-003
  -2.3810549274E+001   3.3411774094E-003
  -2.3655935318E+001   4.0305869504E-003
  -2.3501321362E+001   4.6139345219E-003
  -2.3346707405E+001   5.0930097706E-003
  -2.3192093449E+001   5.4692903054E-003
  -2.3037479493E+001   5.7439817414E-003
  -2.2882865536E+001   5.9180146796E-003
  -2.2728251580E+001   5.9920139623E-003
  -2.2573637624E+001   5.9662705131E-003
  -2.2419023667E+001   5.8407235268E-003
  -2.2264409711E+001   5.6149652451E-003
  -2.2109795755E+001   5.2882613704E-003
  -2.1955181798E+001   4.8595839214E-003
  -2.1800567842E+001   4.3276336394E-003
  -2.1645953886E+001   3.6908327016E-003
  -2.1491339929E+001   2.9472637135E-003
  -2.1336725973E+001   2.0946071408E-003
  -2.1182112017E+001   1.1303605952E-003
  -2.1027498060E+001   5.3278902791E-005
  -2.0872884104E+001  -1.1319101160E-003
  -2.0718270148E+001  -2.4035116293E-003
  -2.0563656191E+001  -3.7044935962E-003
  -2.0409042235E+001  -4.9248081674E-003
  -2.0254428279E+001  -5.9110564596E-003
  -2.0099814323E+001  -6.5385443497E-003
  -1.9945200366E+001  -6.8156489078E-003
  -1.9790586410E+001  -6.8588069670E-003
  -1.9635972454E+001  -6.6964326533E-003
  -1.9481358497E+001  -6.2185773515E-003
  -1.9326744541E+001  -5.3666743048E-003
  -1.9172130585E+001  -4.2305073603E-003
  -1.9017516628E+001  -2.9654425214E-003
  -1.8862902672E+001  -1.6995823470E-003
  -1.8708288716E+001  -5.0629085656E-004
  -1.8553674759E+001   5.8324044790E-004
  -1.8399060803E+001   1.5602065380E-003
  -1.8244446847E+001   2.4245980565E-003
  -1.8089832890E+001   3.1787340085E-003
  -1.7935218934E+001   3.8250188011E-003
  -1.7780604978E+001   4.3654714844E-003
  -1.7625991021E+001   4.8017439752E-003
  -1.7471377065E+001   5.1351981864E-003
  -1.7316763109E+001   5.3669274876E-003
  -1.7162149152E+001   5.4977444830E-003
  -1.7007535196E+001   5.5281468624E-003
  -1.6852921240E+001   5.4582942692E-003
  -1.6698307283E+001   5.2879957189E-003
  -1.6543693327E+001   5.0167228196E-003
  -1.6389079371E+001   4.6436335148E-003
  -1.6234465414E+001   4.1676067854E-003
  -1.6079851458E+001   3.5872553405E-003
  -1.5925237502E+001   2.9009045139E-003
  -1.5770623545E+001   2.1065153523E-003
  -1.5616009589E+001   1.2016664243E-003
  -1.5461395633E+001   1.8402437009E-004
  -1.5306781676E+001  -9.4641367339E-004
  -1.5152167720E+001  -2.1808536832E-003
  -1.4997553764E+001  -3.4881152138E-003
  -1.4842939807E+001  -4.7948467510E-003
  -1.4688325851E+001  -5.9729609054E-003
  -1.4533711895E+001  -6.8671101087E-003
  -1.4379097938E+001  -7.3875306807E-003
  -1.4224483982E+001  -7.5928038644E-003
  -1.4069870026E+001  -7.5928715723E-003
  -1.3915256069E+001  -7.3592751619E-003
  -1.3760642113E+001  -6.7754903527E-003
  -1.3606028157E+001  -5.8330185808E-003
  -1.3451414200E+001  -4.6564113233E-003
  -1.3296800244E+001  -3.3989127093E-003
  -1.3142186288E+001  -2.1704092538E-003
  -1.2987572331E+001  -1.0277693544E-003
  -1.2832958375E+001   7.4746547601E-006
  -1.2678344419E+001   9.3075378861E-004
  -1.2523730462E+001   1.7434665141E-003
  -1.2369116506E+001   2.4482612999E-003
  -1.2214502550E+001   3.0475949031E-003
  -1.2059888594E+001   3.5435115128E-003
  -1.1905274637E+001   3.9377039406E-003
  -1.1750660681E+001   4.2315735137E-003
  -1.1596046725E+001   4.4262364890E-003
  -1.1441432768E+001   4.5225009190E-003
  -1.1286818812E+001   4.5208330846E-003
  -1.1132204856E+001   4.4213362542E-003
  -1.0977590899E+001   4.2237448637E-003
  -1.0822976943E+001   3.9274410056E-003
  -1.0668362987E+001   3.5314810064E-003
  -1.0513749030E+001   3.0346244150E-003
  -1.0359135074E+001   2.4353352667E-003
  -1.0204521118E+001   1.7317404818E-003
  -1.0049907161E+001   9.2154908890E-004
  -9.8952932049E+000   2.1194567078E-006
  -9.7406792486E+000  -1.0286769229E-003
  -9.5860652923E+000  -2.1691347173E-003
  -9.4314513359E+000  -3.4051326027E-003
  -9.2768373796E+000  -4.6939663804E-003
  -9.1222234233E+000  -5.9445226166E-003
  -8.9676094670E+000  -7.0135914943E-003
  -8.8129955106E+000  -7.7547941054E-003
  -8.6583815543E+000  -8.1243177289E-003
  -8.5037675980E+000  -8.2194598761E-003
  -8.3491536417E+000  -8.1185283591E-003
  -8.1945396853E+000  -7.7432990121E-003
  -8.0399257290E+000  -6.9965907993E-003
  -7.8853117727E+000  -5.9223760435E-003
  -7.7306978164E+000  -4.6672284764E-003
  -7.5760838600E+000  -3.3745763521E-003
  -7.4214699037E+000  -2.1357648721E-003
  -7.2668559474E+000  -9.9373394866E-004
  -7.1122419910E+000   3.7163460920E-005
  -6.9576280347E+000   9.5500053303E-004
  -6.8030140784E+000   1.7616989008E-003
  -6.6484001221E+000   2.4597115379E-003
  -6.4937861657E+000   3.0511621061E-003
  -6.3391722094E+000   3.5377804069E-003
  -6.1845582531E+000   3.9209852689E-003
  -6.0299442968E+000   4.2019276020E-003
  -5.8753303404E+000   4.3814899491E-003
  -5.7207163841E+000   4.4602577668E-003
  -5.5661024278E+000   4.4384926809E-003
  -5.4114884714E+000   4.3161154685E-003
  -5.2568745151E+000   4.0927110109E-003
  -5.1022605588E+000   3.7675482948E-003
  -4.9476466025E+000   3.3396122948E-003
  -4.7930326461E+000   2.8076249014E-003
  -4.6384186898E+000   2.1700357270E-003
  -4.4838047335E+000   1.4249588766E-003
  -4.3291907772E+000   5.7010796359E-004
  -4.1745768208E+000  -3.9698707102E-004
  -4.0199628645E+000  -1.4775421468E-003
  -3.8653489082E+000  -2.6668045957E-003
  -3.7107349518E+000  -3.9430579820E-003
  -3.5561209955E+000  -5.2492457379E-003
  -3.4015070392E+000  -6.4752784254E-003
  -3.2468930829E+000  -7.4676720091E-003
  -3.0922791265E+000  -8.1015619462E-003
  -2.9376651702E+000  -8.3850454585E-003
  -2.7830512139E+000  -8.4342600407E-003
  -2.6284372576E+000  -8.2774914419E-003
  -2.4738233012E+000  -7.8048673059E-003
  -2.3192093449E+000  -6.9579141702E-003
  -2.1645953886E+000  -5.8263839011E-003
  -2.0099814323E+000  -4.5654886261E-003
  -1.8553674759E+000  -3.3031058042E-003
  -1.7007535196E+000  -2.1123426916E-003
  -1.5461395633E+000  -1.0241274140E-003
  -1.3915256069E+000  -4.7009850383E-005
  -1.2369116506E+000   8.1923993553E-004
  -1.0822976943E+000   1.5771608937E-003
  -9.2768373796E-001   2.2293563895E-003
  -7.7306978164E-001   2.7780225629E-003
  -6.1845582531E-001   3.2249661390E-003
  -4.6384186898E-001   3.5716815324E-003
  -3.0922791265E-001   3.8193725755E-003
  -1.5461395633E-001   3.9689406718E-003
   0.0000000000E+000   4.0209509497E-003
   1.5461395633E-001   3.9756091961E-003
   3.0922791265E-001   3.8327490267E-003
   4.6384186898E-001   3.5918445200E-003
   6.1845582531E-001   3.2520330993E-003
   7.7306978164E-001   2.8121492186E-003
   9.2768373796E-001   2.2707360808E-003
   1.0822976943E+000   1.6260238169E-003
   1.2369116506E+000   8.7585232455E-004
   1.3915256069E+000   1.7653427974E-005
   1.5461395633E+000  -9.5107749416E-004
   1.7007535196E+000  -2.0305369340E-003
   1.8553674759E+000  -3.2121425493E-003
   2.0099814323E+000  -4.4649350326E-003
   2.1645953886E+000  -5.7157779617E-003
   2.3192093449E+000  -6.8367682562E-003
   2.4738233012E+000  -7.6726746172E-003
   2.6284372576E+000  -8.1337363752E-003
   2.7830512139E+000  -8.2784278756E-003
   2.9376651702E+000  -8.2166185646E-003
   3.0922791265E+000  -7.9200013485E-003
   3.2468930829E+000  -7.2724078625E-003
   3.4015070392E+000  -6.2657227909E-003
   3.5561209955E+000  -5.0248146144E-003
   3.7107349518E+000  -3.7031900695E-003
   3.8653489082E+000  -2.4109751808E-003
   4.0199628645E+000  -1.2052738793E-003
   4.1745768208E+000  -1.0785908757E-004
   4.3291907772E+000   8.7645148837E-004
   4.4838047335E+000   1.7488000022E-003
   4.6384186898E+000   2.5115734637E-003
   4.7930326461E+000   3.1669652412E-003
   4.9476466025E+000   3.7167575487E-003
   5.1022605588E+000   4.1623857815E-003
   5.2568745151E+000   4.5050012067E-003
   5.4114884714E+000   4.7454798214E-003
   5.5661024278E+000   4.8844014269E-003
   5.7207163841E+000   4.9220182508E-003
   5.8753303404E+000   4.8582361408E-003
   6.0299442968E+000   4.6926116870E-003
   6.1845582531E+000   4.4243723808E-003
   6.3391722094E+000   4.0524476910E-003
   6.4937861657E+000   3.5755033324E-003
   6.6484001221E+000   2.9919483507E-003
   6.8030140784E+000   2.2998995050E-003
   6.9576280347E+000   1.4971061727E-003
   7.1122419910E+000   5.8102253303E-004
   7.2668559474E+000  -4.5032498670E-004
   7.4214699037E+000  -1.5950159038E-003
   7.5760838600E+000  -2.8386580909E-003
   7.7306978164E+000  -4.1382362492E-003
   7.8853117727E+000  -5.4023171642E-003
   8.0399257290E+000  -6.4874145138E-003
   8.1945396853E+000  -7.2469913364E-003
   8.3491536417E+000  -7.6372662198E-003
   8.5037675980E+000  -7.7556959092E-003
   8.6583815543E+000  -7.6805902047E-003
   8.8129955106E+000  -7.3333551056E-003
   8.9676094670E+000  -6.6162295911E-003
   9.1222234233E+000  -5.5726617611E-003
   9.2768373796E+000  -4.3488282679E-003
   9.4314513359E+000  -3.0878355110E-003
   9.5860652923E+000  -1.8807265114E-003
   9.7406792486E+000  -7.7012590108E-004
   9.8952932049E+000   2.2995630496E-004
   1.0049907161E+001   1.1179654883E-003
   1.0204521118E+001   1.8962182915E-003
   1.0359135074E+001   2.5675750523E-003
   1.0513749030E+001   3.1345672521E-003
   1.0668362987E+001   3.5993209618E-003
   1.0822976943E+001   3.9636284315E-003
   1.0977590899E+001   4.2289811197E-003
   1.1132204856E+001   4.3965608762E-003
   1.1286818812E+001   4.4672046724E-003
   1.1441432768E+001   4.4413731231E-003
   1.1596046725E+001   4.3191304302E-003
   1.1750660681E+001   4.1001478484E-003
   1.1905274637E+001   3.7837236203E-003
   1.2059888594E+001   3.3688161487E-003
   1.2214502550E+001   2.8540675309E-003
   1.2369116506E+001   2.2377982536E-003
   1.2523730462E+001   1.5179490189E-003
   1.2678344419E+001   6.9202174198E-004
   1.2832958375E+001  -2.4269715167E-004
   1.2987572331E+001  -1.2876925475E-003
   1.3142186288E+001  -2.4385007909E-003
   1.3296800244E+001  -3.6737112170E-003
   1.3451414200E+001  -4.9365901957E-003
   1.3606028157E+001  -6.1173949656E-003
   1.3760642113E+001  -7.0630295305E-003
   1.3915256069E+001  -7.6490887908E-003
   1.4069870026E+001  -7.8842037276E-003
   1.4224483982E+001  -7.8849974826E-003
   1.4379097938E+001  -7.6799796828E-003
   1.4533711895E+001  -7.1592185781E-003
   1.4688325851E+001  -6.2641262207E-003
   1.4842939807E+001  -5.0844634954E-003
   1.4997553764E+001  -3.7755868633E-003
   1.5152167720E+001  -2.4656038202E-003
   1.5306781676E+001  -1.2278946574E-003
   1.5461395633E+001  -9.3674704830E-005
   1.5616009589E+001   9.2822337440E-004
   1.5770623545E+001   1.8377620234E-003
   1.5925237502E+001   2.6372338695E-003
   1.6079851458E+001   3.3290202776E-003
   1.6234465414E+001   3.9151214059E-003
   1.6389079371E+001   4.3971747409E-003
   1.6543693327E+001   4.7765321743E-003
   1.6698307283E+001   5.0542811425E-003
   1.6852921240E+001   5.2312318741E-003
   1.7007535196E+001   5.3078825612E-003
   1.7162149152E+001   5.2843954432E-003
   1.7316763109E+001   5.1605833894E-003
   1.7471377065E+001   4.9359222812E-003
   1.7625991021E+001   4.6095739590E-003
   1.7780604978E+001   4.1804202157E-003
   1.7935218934E+001   3.6470749102E-003
   1.8089832890E+001   3.0078624516E-003
   1.8244446847E+001   2.2607406732E-003
   1.8399060803E+001   1.4032826583E-003
   1.8553674759E+001   4.3314757731E-004
   1.8708288716E+001  -6.4967626416E-004
   1.8862902672E+001  -1.8364040162E-003
   1.9017516628E+001  -3.0958633327E-003
   1.9172130585E+001  -4.3547080783E-003
   1.9326744541E+001  -5.4848519565E-003
   1.9481358497E+001  -6.3309431901E-003
   1.9635972454E+001  -6.8032095047E-003
   1.9790586410E+001  -6.9602254596E-003
   1.9945200366E+001  -6.9119423990E-003
   2.0099814323E+001  -6.6299436490E-003
   2.0254428279E+001  -5.9977861532E-003
   2.0409042235E+001  -5.0070852348E-003
   2.0563656191E+001  -3.7825275256E-003
   2.0718270148E+001  -2.4775049936E-003
   2.0872884104E+001  -1.2020591063E-003
   2.1027498060E+001  -1.3215896710E-005
   2.1182112017E+001   1.0673356103E-003
   2.1336725973E+001   2.0348733525E-003
   2.1491339929E+001   2.8906483250E-003
   2.1645953886E+001   3.6371688640E-003
   2.1800567842E+001   4.2767606020E-003
   2.1955181798E+001   4.8113471790E-003
   2.2109795755E+001   5.2425127873E-003
   2.2264409711E+001   5.5715631458E-003
   2.2419023667E+001   5.7995327466E-003
   2.2573637624E+001   5.9271624048E-003
   2.2728251580E+001   5.9548663594E-003
   2.2882865536E+001   5.8827118181E-003
   2.3037479493E+001   5.7104141436E-003
   2.3192093449E+001   5.4373546309E-003
   2.3346707405E+001   5.0626086387E-003
   2.3501321362E+001   4.5849763119E-003
   2.3655935318E+001   4.0029855848E-003
   2.3810549274E+001   3.3148521234E-003
   2.3965163231E+001   2.5183997152E-003
   2.4119777187E+001   1.6111281936E-003
   2.4274391143E+001   5.9107728378E-004
   2.4429005100E+001  -5.3985390717E-004
   2.4583619056E+001  -1.7673291960E-003
   2.4738233012E+001  -3.0484195340E-003
   2.4892846969E+001  -4.2917982453E-003
   2.5047460925E+001  -5.3540900204E-003
   2.5202074881E+001  -6.0888545359E-003
   2.5356688838E+001  -6.4523803454E-003
   2.5511302794E+001  -6.5421833062E-003
   2.5665916750E+001  -6.4366733889E-003
   2.5820530707E+001  -6.0574374166E-003
   2.5975144663E+001  -5.3069562881E-003
   2.6129758619E+001  -4.2289381326E-003
   2.6284372576E+001  -2.9698198511E-003
   2.6438986532E+001  -1.6729731961E-003
   2.6593600488E+001  -4.2972112471E-004
   2.6748214445E+001   7.1701122146E-004
   2.6902828401E+001   1.7528917806E-003
   2.7057442357E+001   2.6760258076E-003
   2.7212056314E+001   3.4883782047E-003
   2.7366670270E+001   4.1924540559E-003
   2.7521284226E+001   4.7904348034E-003
   2.7675898183E+001   5.2841103428E-003
   2.7830512139E+001   5.6749586533E-003
   2.7985126095E+001   5.9641858694E-003
   2.8139740052E+001   6.1527232927E-003
   2.8294354008E+001   6.2411966792E-003
   2.8448967964E+001   6.2298981155E-003
   2.8603581920E+001   6.1187682461E-003
   2.8758195877E+001   5.9074010895E-003
   2.8912809833E+001   5.5950644930E-003
   2.9067423789E+001   5.1807330312E-003
   2.9222037746E+001   4.6631104547E-003
   2.9376651702E+001   4.0406224458E-003
   2.9531265658E+001   3.3113556490E-003
   2.9685879615E+001   2.4729951391E-003
   2.9840493571E+001   1.5230437333E-003
   2.9995107527E+001   4.6026207669E-004
   3.0149721484E+001  -7.1061557832E-004
   3.0304335440E+001  -1.9678873752E-003
   3.0458949396E+001  -3.2545136944E-003
   3.0613563353E+001  -4.4604386043E-003
   3.0768177309E+001  -5.4322546881E-003
   3.0922791265E+001  -6.0452588521E-003
   3.1077405222E+001  -6.3078185769E-003
   3.1232019178E+001  -6.3363598864E-003
   3.1386633134E+001  -6.1592839549E-003
   3.1541247091E+001  -5.6666264440E-003
   3.1695861047E+001  -4.7998022243E-003
   3.1850475003E+001  -3.6485747005E-003
   3.2005088960E+001  -2.3682878667E-003
   3.2159702916E+001  -1.0870210088E-003
   3.2314316872E+001   1.2188615201E-004
   3.2468930829E+001   1.2272672035E-003
   3.2623544785E+001   2.2203427778E-003
   3.2778158741E+001   3.1011295427E-003
   3.2932772698E+001   3.8719726766E-003
   3.3087386654E+001   4.5353026678E-003
   3.3242000610E+001   5.0931642855E-003
   3.3396614567E+001   5.5472345112E-003
   3.3551228523E+001   5.8988993595E-003
   3.3705842479E+001   6.1492750220E-003
   3.3860456436E+001   6.2991953176E-003
