  -3.4015070392E+001   2.3832529309E-002
  -3.3860456436E+001   2.3703541874E-002
  -3.3705842479E+001   2.3471175328E-002
  -3.3551228523E+001   2.3135080919E-002
  -3.3396614567E+001   2.2694698189E-002
  -3.3242000610E+001   2.2149279320E-002
  -3.3087386654E+001   2.1497887754E-002
  -3.2932772698E+001   2.0739359804E-002
  -3.2778158741E+001   1.9872208032E-002
  -3.2623544785E+001   1.8894582076E-002
  -3.2468930829E+001   1.7804718349E-002
  -3.2314316872E+001   1.6603163239E-002
  -3.2159702916E+001   1.5299223299E-002
  -3.2005088960E+001   1.3924542797E-002
  -3.1850475003E+001   1.2552881051E-002
  -3.1695861047E+001   1.1312672229E-002
  -3.1541247091E+001   1.0359535836E-002
  -3.1386633134E+001   9.7833930057E-003
  -3.1232019178E+001   9.5256688383E-003
  -3.1077405222E+001   9.4763426889E-003
  -3.0922791265E+001   9.6638299525E-003
  -3.0768177309E+001   1.0204605280E-002
  -3.0613563353E+001   1.1106975723E-002
  -3.0458949396E+001   1.2246032961E-002
  -3.0304335440E+001   1.3468061980E-002
  -3.0149721484E+001   1.4662626827E-002
  -2.9995107527E+001   1.5772245444E-002
  -2.9840493571E+001   1.6774717777E-002
  -2.9685879615E+001   1.7664766057E-002
  -2.9531265658E+001   1.8443055670E-002
  -2.9376651702E+001   1.9111497746E-002
  -2.9222037746E+001   1.9671829673E-002
  -2.9067423789E+001   2.0125417251E-002
  -2.8912809833E+001   2.0473338121E-002
  -2.8758195877E+001   2.0716461802E-002
  -2.8603581920E+001   2.0855473143E-002
  -2.8448967964E+001   2.0890862584E-002
  -2.8294354008E+001   2.0822902074E-002
  -2.8139740052E+001   2.0651629405E-002
  -2.7985126095E+001   2.0376844076E-002
  -2.7830512139E+001   1.9998121656E-002
  -2.7675898183E+001   1.9514834417E-002
  -2.7521284226E+001   1.8926170616E-002
  -2.7366670270E+001   1.8231122385E-002
  -2.7212056314E+001   1.7428427457E-002
  -2.7057442357E+001   1.6516469117E-002
  -2.6902828401E+001   1.5493322686E-002
  -2.6748214445E+001   1.4357598298E-002
  -2.6593600488E+001   1.3111741118E-002
  -2.6438986532E+001   1.1770592848E-002
  -2.6284372576E+001   1.0377535531E-002
  -2.6129758619E+001   9.0242886879E-003
  -2.5975144663E+001   7.8545529062E-003
  -2.5820530707E+001   7.0150047027E-003
  -2.5665916750E+001   6.5494586926E-003
  -2.5511302794E+001   6.3603658670E-003
  -2.5356688838E+001   6.3692680200E-003
  -2.5202074881E+001   6.6546139623E-003
  -2.5047460925E+001   7.3139432892E-003
  -2.4892846969E+001   8.3034319380E-003
  -2.4738233012E+001   9.4763938981E-003
  -2.4583619056E+001   1.0689119036E-002
  -2.4429005100E+001   1.1849878224E-002
  -2.4274391143E+001   1.2915279750E-002
  -2.4119777187E+001   1.3870472166E-002
  -2.3965163231E+001   1.4713000486E-002
  -2.3810549274E+001   1.5444244669E-002
  -2.3655935318E+001   1.6066119386E-002
  -2.3501321362E+001   1.6580231243E-002
  -2.3346707405E+001   1.6987832281E-002
  -2.3192093449E+001   1.7289920018E-002
  -2.3037479493E+001   1.7487295710E-002
  -2.2882865536E+001   1.7580576450E-002
  -2.2728251580E+001   1.7570175875E-002
  -2.2573637624E+001   1.7456283516E-002
  -2.2419023667E+001   1.7238850422E-002
  -2.2264409711E+001   1.6917593285E-002
  -2.2109795755E+001   1.6492010089E-002
  -2.1955181798E+001   1.5961404181E-002
  -2.1800567842E+001   1.5324894005E-002
  -2.1645953886E+001   1.4581389642E-002
  -2.1491339929E+001   1.3729512779E-002
  -2.1336725973E+001   1.2767513287E-002
  -2.1182112017E+001   1.1693467097E-002
  -2.1027498060E+001   1.0506695720E-002
  -2.0872884104E+001   9.2124637293E-003
  -2.0718270148E+001   7.8329579774E-003
  -2.0563656191E+001   6.4256474365E-003
  -2.0409042235E+001   5.1009552235E-003
  -2.0254428279E+001   4.0125839086E-003
  -2.0099814323E+001   3.2854298608E-003
  -1.9945200366E+001   2.9111744433E-003
  -1.9790586410E+001   2.7733311521E-003
  -1.9635972454E+001   2.8434714595E-003
  -1.9481358497E+001   3.2316009468E-003
  -1.9326744541E+001   3.9962777868E-003
  -1.9172130585E+001   5.0475632774E-003
  -1.9017516628E+001   6.2298202399E-003
  -1.8862902672E+001   7.4145972174E-003
  -1.8708288716E+001   8.5281184126E-003
  -1.8553674759E+001   9.5387242955E-003
  -1.8399060803E+001   1.0437094672E-002
  -1.8244446847E+001   1.1222671516E-002
  -1.8089832890E+001   1.1897209167E-002
  -1.7935218934E+001   1.2462551537E-002
  -1.7780604978E+001   1.2920182864E-002
  -1.7625991021E+001   1.3271267331E-002
  -1.7471377065E+001   1.3516746161E-002
  -1.7316763109E+001   1.3657376472E-002
  -1.7162149152E+001   1.3693733110E-002
  -1.7007535196E+001   1.3626184760E-002
  -1.6852921240E+001   1.3454877050E-002
  -1.6698307283E+001   1.3179722094E-002
  -1.6543693327E+001   1.2800409722E-002
  -1.6389079371E+001   1.2316425105E-002
  -1.6234465414E+001   1.1727073322E-002
  -1.6079851458E+001   1.1031478088E-002
  -1.5925237502E+001   1.0228543336E-002
  -1.5770623545E+001   9.3168563948E-003
  -1.5616009589E+001   8.2946484297E-003
  -1.5461395633E+001   7.1602434832E-003
  -1.5306781676E+001   5.9142807151E-003
  -1.5152167720E+001   4.5661632558E-003
  -1.4997553764E+001   3.1476340842E-003
  -1.4842939807E+001   1.7325515485E-003
  -1.4688325851E+001   4.4944758268E-004
  -1.4533711895E+001  -5.4596269838E-004
  -1.4379097938E+001  -1.1636636073E-003
  -1.4224483982E+001  -1.4621306585E-003
  -1.4069870026E+001  -1.5512679928E-003
  -1.3915256069E+001  -1.4025133668E-003
  -1.3760642113E+001  -8.9921081117E-004
  -1.3606028157E+001  -3.2844987304E-005
  -1.3451414200E+001   1.0718992800E-003
  -1.3296800244E+001   2.2615359723E-003
  -1.3142186288E+001   3.4258562615E-003
  -1.2987572331E+001   4.5075969663E-003
  -1.2832958375E+001   5.4847630986E-003
  -1.2678344419E+001   6.3522634951E-003
  -1.2523730462E+001   7.1109276828E-003
  -1.2369116506E+001   7.7628047562E-003
  -1.2214502550E+001   8.3097403648E-003
  -1.2059888594E+001   8.7531756210E-003
  -1.1905274637E+001   9.0942277520E-003
  -1.1750660681E+001   9.3337679370E-003
  -1.1596046725E+001   9.4724432201E-003
  -1.1441432768E+001   9.5106658751E-003
  -1.1286818812E+001   9.4485890914E-003
  -1.1132204856E+001   9.2860917293E-003
  -1.0977590899E+001   9.0227753389E-003
  -1.0822976943E+001   8.6579804897E-003
  -1.0668362987E+001   8.1908103311E-003
  -1.0513749030E+001   7.6201538671E-003
  -1.0359135074E+001   6.9446789836E-003
  -1.0204521118E+001   6.1627804014E-003
  -1.0049907161E+001   5.2724867208E-003
  -9.8952932049E+000   4.2715144628E-003
  -9.7406792486E+000   3.1581183807E-003
  -9.5860652923E+000   1.9343987287E-003
  -9.4314513359E+000   6.1486904793E-004
  -9.2768373796E+000  -7.5739470763E-004
  -9.1222234233E+000  -2.0909527750E-003
  -8.9676094670E+000  -3.2423538976E-003
  -8.8129955106E+000  -4.0651316904E-003
  -8.6583815543E+000  -4.5156242034E-003
  -8.5037675980E+000  -4.6914673498E-003
  -8.3491536417E+000  -4.6711772346E-003
  -8.1945396853E+000  -4.3763802902E-003
  -8.0399257290E+000  -3.7096225980E-003
  -7.8853117727E+000  -2.7147992741E-003
  -7.7306978164E+000  -1.5386507100E-003
  -7.5760838600E+000  -3.2492875258E-004
  -7.4214699037E+000   8.3461182607E-004
  -7.2668559474E+000   1.8965765701E-003
  -7.1122419910E+000   2.8461392413E-003
  -6.9576280347E+000   3.6808996518E-003
  -6.8030140784E+000   4.4023209339E-003
  -6.6484001221E+000   5.0124262912E-003
  -6.4937861657E+000   5.5129521730E-003
  -6.3391722094E+000   5.9052972403E-003
  -6.1845582531E+000   6.1906177189E-003
  -6.0299442968E+000   6.3698811542E-003
  -5.8753303404E+000   6.4438744413E-003
  -5.7207163841E+000   6.4131810932E-003
  -5.5661024278E+000   6.2781578733E-003
  -5.4114884714E+000   6.0389184513E-003
  -5.2568745151E+000   5.6953362493E-003
  -5.1022605588E+000   5.2470594569E-003
  -4.9476466025E+000   4.6935349889E-003
  -4.7930326461E+000   4.0340185614E-003
  -4.6384186898E+000   3.2675519159E-003
  -4.4838047335E+000   2.3928837234E-003
  -4.3291907772E+000   1.4083872160E-003
  -4.1745768208E+000   3.1225911447E-004
  -4.0199628645E+000  -8.9605987130E-004
  -3.8653489082E+000  -2.2111865113E-003
  -3.7107349518E+000  -3.6108141024E-003
  -3.5561209955E+000  -5.0373490656E-003
  -3.4015070392E+000  -6.3802317995E-003
  -3.2468930829E+000  -7.4855971141E-003
  -3.0922791265E+000  -8.2283344169E-003
  -2.9376651702E+000  -8.6164785950E-003
  -2.7830512139E+000  -8.7662171602E-003
  -2.6284372576E+000  -8.7057861205E-003
  -2.4738233012E+000  -8.3251125411E-003
  -2.3192093449E+000  -7.5655707489E-003
  -2.1645953886E+000  -6.5169428538E-003
  -2.0099814323E+000  -5.3346289804E-003
  -1.8553674759E+000  -4.1467991633E-003
  -1.7007535196E+000  -3.0269299774E-003
  -1.5461395633E+000  -2.0063812936E-003
  -1.3915256069E+000  -1.0941850864E-003
  -1.2369116506E+000  -2.9063087116E-004
  -1.0822976943E+000   4.0627816738E-004
  -9.2768373796E-001   9.9859684880E-004
  -7.7306978164E-001   1.4879835885E-003
  -6.1845582531E-001   1.8757353482E-003
  -4.6384186898E-001   2.1628807385E-003
  -3.0922791265E-001   2.3502157235E-003
  -1.5461395633E-001   2.4383031814E-003
   0.0000000000E+000   2.4274476005E-003
   1.5461395633E-001   2.3176776158E-003
   3.0922791265E-001   2.1087358515E-003
   4.6384186898E-001   1.8000913684E-003
   6.1845582531E-001   1.3909595513E-003
   7.7306978164E-001   8.8033007396E-004
   9.2768373796E-001   2.6697026837E-004
   1.0822976943E+000  -4.5060742262E-004
   1.2369116506E+000  -1.2742352871E-003
   1.3915256069E+000  -2.2061221038E-003
   1.5461395633E+000  -3.2483958450E-003
   1.7007535196E+000  -4.4008731563E-003
   1.8553674759E+000  -5.6546026035E-003
   2.0099814323E+000  -6.9782817742E-003
   2.1645953886E+000  -8.2984762598E-003
   2.3192093449E+000  -9.4870578055E-003
   2.4738233012E+000  -1.0388691345E-002
   2.6284372576E+000  -1.0913711081E-002
   2.7830512139E+000  -1.1120907591E-002
   2.9376651702E+000  -1.1120482958E-002
   3.0922791265E+000  -1.0884192493E-002
   3.2468930829E+000  -1.0295731191E-002
   3.4015070392E+000  -9.3469550937E-003
   3.5561209955E+000  -8.1629301214E-003
   3.7107349518E+000  -6.8975268066E-003
   3.8653489082E+000  -5.6613320106E-003
   4.0199628645E+000  -4.5119683250E-003
   4.1745768208E+000  -3.4717615226E-003
   4.3291907772E+000  -2.5460990145E-003
   4.4838047335E+000  -1.7344106014E-003
   4.6384186898E+000  -1.0348694251E-003
   4.7930326461E+000  -4.4581605881E-004
   4.9476466025E+000   3.4038557919E-005
   5.1022605588E+000   4.0569142734E-004
   5.2568745151E+000   6.6992275735E-004
   5.4114884714E+000   8.2731537974E-004
   5.5661024278E+000   8.7824202109E-004
   5.7207163841E+000   8.2283956563E-004
   5.8753303404E+000   6.6099325901E-004
   6.0299442968E+000   3.9233415519E-004
   6.1845582531E+000   1.6256880811E-005
   6.3391722094E+000  -4.6805444271E-004
   6.4937861657E+000  -1.0615998197E-003
   6.6484001221E+000  -1.7655668055E-003
   6.8030140784E+000  -2.5813789258E-003
   6.9576280347E+000  -3.5107852993E-003
   7.1122419910E+000  -4.5558038608E-003
   7.2668559474E+000  -5.7178692733E-003
   7.4214699037E+000  -6.9945257039E-003
   7.5760838600E+000  -8.3708630148E-003
   7.7306978164E+000  -9.8033790643E-003
   7.8853117727E+000  -1.1200200826E-002
   8.0399257290E+000  -1.2417472984E-002
   8.1945396853E+000  -1.3308406860E-002
   8.3491536417E+000  -1.3829151543E-002
   8.5037675980E+000  -1.4077249188E-002
   8.6583815543E+000  -1.4131020731E-002
   8.8129955106E+000  -1.3911641430E-002
   8.9676094670E+000  -1.3321054360E-002
   9.1222234233E+000  -1.2402579269E-002
   9.2768373796E+000  -1.1302458046E-002
   9.4314513359E+000  -1.0163988330E-002
   9.5860652923E+000  -9.0784812339E-003
   9.7406792486E+000  -8.0888799707E-003
   9.8952932049E+000  -7.2095455175E-003
   1.0049907161E+001  -6.4424002840E-003
   1.0204521118E+001  -5.7854971639E-003
   1.0359135074E+001  -5.2363314596E-003
   1.0513749030E+001  -4.7926971853E-003
   1.0668362987E+001  -4.4527475185E-003
   1.0822976943E+001  -4.2149082538E-003
   1.0977590899E+001  -4.0778318772E-003
   1.1132204856E+001  -4.0403961568E-003
   1.1286818812E+001  -4.1017322278E-003
   1.1441432768E+001  -4.2612520950E-003
   1.1596046725E+001  -4.5186680212E-003
   1.1750660681E+001  -4.8739917624E-003
   1.1905274637E+001  -5.3275207714E-003
   1.2059888594E+001  -5.8798146275E-003
   1.2214502550E+001  -6.5316844939E-003
   1.2369116506E+001  -7.2842145131E-003
   1.2523730462E+001  -8.1388385859E-003
   1.2678344419E+001  -9.0974195428E-003
   1.2832958375E+001  -1.0162046349E-002
   1.2987572331E+001  -1.1333609377E-002
   1.3142186288E+001  -1.2607097619E-002
   1.3296800244E+001  -1.3960613680E-002
   1.3451414200E+001  -1.5337006816E-002
   1.3606028157E+001  -1.6626192015E-002
   1.3760642113E+001  -1.7674814581E-002
   1.3915256069E+001  -1.8358323003E-002
   1.4069870026E+001  -1.8685355514E-002
   1.4224483982E+001  -1.8772659556E-002
   1.4379097938E+001  -1.8648841701E-002
   1.4533711895E+001  -1.8204002402E-002
   1.4688325851E+001  -1.7379656743E-002
   1.4842939807E+001  -1.6265819103E-002
   1.4997553764E+001  -1.5018219245E-002
   1.5152167720E+001  -1.3765418745E-002
   1.5306781676E+001  -1.2581317634E-002
   1.5461395633E+001  -1.1497709829E-002
   1.5616009589E+001  -1.0524056181E-002
   1.5770623545E+001  -9.6610582628E-003
   1.5925237502E+001  -8.9071056513E-003
   1.6079851458E+001  -8.2604970657E-003
   1.6234465414E+001  -7.7198886753E-003
   1.6389079371E+001  -7.2842540400E-003
   1.6543693327E+001  -6.9527869588E-003
   1.6698307283E+001  -6.7248628328E-003
   1.6852921240E+001  -6.6000372598E-003
   1.7007535196E+001  -6.5780705177E-003
   1.7162149152E+001  -6.6589451534E-003
   1.7316763109E+001  -6.8428771858E-003
   1.7471377065E+001  -7.1303056278E-003
   1.7625991021E+001  -7.5218755520E-003
   1.7780604978E+001  -8.0184141244E-003
   1.7935218934E+001  -8.6209323203E-003
   1.8089832890E+001  -9.3306635994E-003
   1.8244446847E+001  -1.0149160756E-002
   1.8399060803E+001  -1.1078335262E-002
   1.8553674759E+001  -1.2120007698E-002
   1.8708288716E+001  -1.3273684665E-002
   1.8862902672E+001  -1.4530108666E-002
   1.9017516628E+001  -1.5857680583E-002
   1.9172130585E+001  -1.7182682284E-002
   1.9326744541E+001  -1.8376716660E-002
   1.9481358497E+001  -1.9284196934E-002
   1.9635972454E+001  -1.9815229998E-002
   1.9790586410E+001  -2.0028413375E-002
   1.9945200366E+001  -2.0033784123E-002
   2.0099814323E+001  -1.9802937050E-002
   2.0254428279E+001  -1.9219402800E-002
   2.0409042235E+001  -1.8274876508E-002
   2.0563656191E+001  -1.7094266809E-002
   2.0718270148E+001  -1.5831287637E-002
   2.0872884104E+001  -1.4596372580E-002
   2.1027498060E+001  -1.3447000038E-002
   2.1182112017E+001  -1.2405365099E-002
   2.1336725973E+001  -1.1476739236E-002
   2.1491339929E+001  -1.0660449446E-002
   2.1645953886E+001  -9.9545757058E-003
   2.1800567842E+001  -9.3573705226E-003
   2.1955181798E+001  -8.8674568669E-003
   2.2109795755E+001  -8.4837448352E-003
   2.2264409711E+001  -8.2053517210E-003
   2.2419023667E+001  -8.0315786616E-003
   2.2573637624E+001  -7.9619204866E-003
   2.2728251580E+001  -7.9960898937E-003
   2.2882865536E+001  -8.1340332154E-003
   2.3037479493E+001  -8.3759346396E-003
   2.3192093449E+001  -8.7222019338E-003
   2.3346707405E+001  -9.1734458821E-003
   2.3501321362E+001  -9.7304610728E-003
   2.3655935318E+001  -1.0394238069E-002
   2.3810549274E+001  -1.1166021732E-002
   2.3965163231E+001  -1.2047411322E-002
   2.4119777187E+001  -1.3040314050E-002
   2.4274391143E+001  -1.4146102337E-002
   2.4429005100E+001  -1.5362313627E-002
   2.4583619056E+001  -1.6674088904E-002
   2.4738233012E+001  -1.8038028909E-002
   2.4892846969E+001  -1.9362397023E-002
   2.5047460925E+001  -2.0503475696E-002
   2.5202074881E+001  -2.1314571590E-002
   2.5356688838E+001  -2.1751853425E-002
   2.5511302794E+001  -2.1912853698E-002
   2.5665916750E+001  -2.1876014255E-002
   2.5820530707E+001  -2.1562870068E-002
   2.5975144663E+001  -2.0875865458E-002
   2.6129758619E+001  -1.9858808528E-002
   2.6284372576E+001  -1.8658369447E-002
   2.6438986532E+001  -1.7418242623E-002
   2.6593600488E+001  -1.6230141574E-002
   2.6748214445E+001  -1.5137442512E-002
   2.6902828401E+001  -1.4154981488E-002
   2.7057442357E+001  -1.3285198195E-002
   2.7212056314E+001  -1.2526697477E-002
   2.7366670270E+001  -1.1877549543E-002
   2.7521284226E+001  -1.1336132749E-002
   2.7675898183E+001  -1.0901180080E-002
   2.7830512139E+001  -1.0571679097E-002
   2.7985126095E+001  -1.0346813663E-002
   2.8139740052E+001  -1.0225951836E-002
   2.8294354008E+001  -1.0208665140E-002
   2.8448967964E+001  -1.0294749207E-002
   2.8603581920E+001  -1.0484238124E-002
   2.8758195877E+001  -1.0777400307E-002
   2.8912809833E+001  -1.1174722822E-002
   2.9067423789E+001  -1.1676887306E-002
   2.9222037746E+001  -1.2284760222E-002
   2.9376651702E+001  -1.2999416307E-002
   2.9531265658E+001  -1.3822218605E-002
   2.9685879615E+001  -1.4754901894E-002
   2.9840493571E+001  -1.5799374834E-002
   2.9995107527E+001  -1.6956300478E-002
   3.0149721484E+001  -1.8220398855E-002
   3.0304335440E+001  -1.9569467839E-002
   3.0458949396E+001  -2.0946023419E-002
   3.0613563353E+001  -2.2239627810E-002
   3.0768177309E+001  -2.3296564279E-002
   3.0922791265E+001  -2.3991922899E-002
   3.1077405222E+001  -2.4334009214E-002
   3.1232019178E+001  -2.4439296471E-002
   3.1386633134E+001  -2.4336198753E-002
   3.1541247091E+001  -2.3914694195E-002
   3.1695861047E+001  -2.3116206760E-002
   3.1850475003E+001  -2.2030656528E-002
   3.2005088960E+001  -2.0813662020E-002
   3.2159702916E+001  -1.9593656496E-002
   3.2314316872E+001  -1.8444398425E-002
   3.2468930829E+001  -1.7397531292E-002
   3.2623544785E+001  -1.6462360919E-002
   3.2778158741E+001  -1.5639433013E-002
   3.2932772698E+001  -1.4926983350E-002
   3.3087386654E+001  -1.4323160976E-002
   3.3242000610E+001  -1.3826477889E-002
   3.3396614567E+001  -1.3435769875E-002
   3.3551228523E+001  -1.3150099870E-002
   3.3705842479E+001  -1.2968719570E-002
   3.3860456436E+001  -1.2891068049E-002
