  -3.4015070392E+001   7.1488803972E-003
  -3.3860456436E+001   7.1071508247E-003
  -3.3705842479E+001   6.9619200093E-003
  -3.3551228523E+001   6.7128403980E-003
  -3.3396614567E+001   6.3593525889E-003
  -3.3242000610E+001   5.9007096463E-003
  -3.3087386654E+001   5.3359756863E-003
  -3.2932772698E+001   4.6639874407E-003
  -3.2778158741E+001   3.8832575833E-003
  -3.2623544785E+001   2.9919355192E-003
  -3.2468930829E+001   1.9882570506E-003
  -3.2314316872E+001   8.7276758243E-004
  -3.2159702916E+001  -3.4522764893E-004
  -3.2005088960E+001  -1.6340859398E-003
  -3.1850475003E+001  -2.9200496587E-003
  -3.1695861047E+001  -4.0746862957E-003
  -3.1541247091E+001  -4.9423779671E-003
  -3.1386633134E+001  -5.4332054200E-003
  -3.1232019178E+001  -5.6057459074E-003
  -3.1077405222E+001  -5.5700217720E-003
  -3.0922791265E+001  -5.2976169027E-003
  -3.0768177309E+001  -4.6720539741E-003
  -3.0613563353E+001  -3.6850231584E-003
  -3.0458949396E+001  -2.4614304697E-003
  -3.0304335440E+001  -1.1549887205E-003
  -3.0149721484E+001   1.2386842905E-004
  -2.9995107527E+001   1.3176612294E-003
  -2.9840493571E+001   2.4041918108E-003
  -2.9685879615E+001   3.3781843518E-003
  -2.9531265658E+001   4.2403058881E-003
  -2.9376651702E+001   4.9924688801E-003
  -2.9222037746E+001   5.6364117430E-003
  -2.9067423789E+001   6.1735010377E-003
  -2.8912809833E+001   6.6048149573E-003
  -2.8758195877E+001   6.9312234125E-003
  -2.8603581920E+001   7.1534115383E-003
  -2.8448967964E+001   7.2718699880E-003
  -2.8294354008E+001   7.2868708867E-003
  -2.8139740052E+001   7.1984521791E-003
  -2.7985126095E+001   7.0064135069E-003
  -2.7830512139E+001   6.7103305667E-003
  -2.7675898183E+001   6.3095757384E-003
  -2.7521284226E+001   5.8033373432E-003
  -2.7366670270E+001   5.1906075033E-003
  -2.7212056314E+001   4.4701238305E-003
  -2.7057442357E+001   3.6402693390E-003
  -2.6902828401E+001   2.6991188965E-003
  -2.6748214445E+001   1.6452819936E-003
  -2.6593600488E+001   4.8120298206E-004
  -2.6438986532E+001  -7.7827735539E-004
  -2.6284372576E+001  -2.0897778962E-003
  -2.6129758619E+001  -3.3615798873E-003
  -2.5975144663E+001  -4.4499832327E-003
  -2.5820530707E+001  -5.2083116967E-003
  -2.5665916750E+001  -5.5927511071E-003
  -2.5511302794E+001  -5.7008509624E-003
  -2.5356688838E+001  -5.6110683945E-003
  -2.5202074881E+001  -5.2449506857E-003
  -2.5047460925E+001  -4.5049527568E-003
  -2.4892846969E+001  -3.4348932089E-003
  -2.4738233012E+001  -2.1814527142E-003
  -2.4583619056E+001  -8.8833580958E-004
  -2.4429005100E+001   3.5273431286E-004
  -2.4274391143E+001   1.4983720985E-003
  -2.4119777187E+001   2.5337323434E-003
  -2.3965163231E+001   3.4563662875E-003
  -2.3810549274E+001   4.2676600456E-003
  -2.3655935318E+001   4.9695343673E-003
  -2.3501321362E+001   5.5636018657E-003
  -2.3346707405E+001   6.0511205623E-003
  -2.3192093449E+001   6.4330939678E-003
  -2.3037479493E+001   6.7103293854E-003
  -2.2882865536E+001   6.8834500413E-003
  -2.2728251580E+001   6.9528758123E-003
  -2.2573637624E+001   6.9188025836E-003
  -2.2419023667E+001   6.7811878726E-003
  -2.2264409711E+001   6.5397549328E-003
  -2.2109795755E+001   6.1940083856E-003
  -2.1955181798E+001   5.7432582470E-003
  -2.1800567842E+001   5.1866296141E-003
  -2.1645953886E+001   4.5230391422E-003
  -2.1491339929E+001   3.7511149478E-003
  -2.1336725973E+001   2.8691131163E-003
  -2.1182112017E+001   1.8751155178E-003
  -2.1027498060E+001   7.6844929700E-004
  -2.0872884104E+001  -4.4561565123E-004
  -2.0718270148E+001  -1.7448874226E-003
  -2.0563656191E+001  -3.0718921794E-003
  -2.0409042235E+001  -4.3162020113E-003
  -2.0254428279E+001  -5.3241095802E-003
  -2.0099814323E+001  -5.9707139997E-003
  -1.9945200366E+001  -6.2643300395E-003
  -1.9790586410E+001  -6.3214404449E-003
  -1.9635972454E+001  -6.1704682705E-003
  -1.9481358497E+001  -5.7014003260E-003
  -1.9326744541E+001  -4.8556704865E-003
  -1.9172130585E+001  -3.7232103189E-003
  -1.9017516628E+001  -2.4596505062E-003
  -1.8862902672E+001  -1.1934363806E-003
  -1.8708288716E+001   1.6619663702E-006
  -1.8553674759E+001   1.0939901193E-003
  -1.8399060803E+001   2.0742322489E-003
  -1.8244446847E+001   2.9418338311E-003
  -1.8089832890E+001   3.6985517819E-003
  -1.7935218934E+001   4.3462316442E-003
  -1.7780604978E+001   4.8863583436E-003
  -1.7625991021E+001   5.3200958434E-003
  -1.7471377065E+001   5.6483842735E-003
  -1.7316763109E+001   5.8719788247E-003
  -1.7162149152E+001   5.9914516219E-003
  -1.7007535196E+001   6.0071678607E-003
  -1.6852921240E+001   5.9192689380E-003
  -1.6698307283E+001   5.7276620177E-003
  -1.6543693327E+001   5.4320312740E-003
  -1.6389079371E+001   5.0318555350E-003
  -1.6234465414E+001   4.5264328524E-003
  -1.6079851458E+001   3.9148792359E-003
  -1.5925237502E+001   3.1960902342E-003
  -1.5770623545E+001   2.3686441171E-003
  -1.5616009589E+001   1.4307623237E-003
  -1.5461395633E+001   3.8075853978E-004
  -1.5306781676E+001  -7.8073899791E-004
  -1.5152167720E+001  -2.0443385424E-003
  -1.4997553764E+001  -3.3783088033E-003
  -1.4842939807E+001  -4.7088032216E-003
  -1.4688325851E+001  -5.9073015307E-003
  -1.4533711895E+001  -6.8181000571E-003
  -1.4379097938E+001  -7.3511945269E-003
  -1.4224483982E+001  -7.5650719260E-003
  -1.4069870026E+001  -7.5696466470E-003
  -1.3915256069E+001  -7.3363635699E-003
  -1.3760642113E+001  -6.7485710765E-003
  -1.3606028157E+001  -5.7977572260E-003
  -1.3451414200E+001  -4.6086098613E-003
  -1.3296800244E+001  -3.3346172791E-003
  -1.3142186288E+001  -2.0859896623E-003
  -1.2987572331E+001  -9.1999071868E-004
  -1.2832958375E+001   1.4138470022E-004
  -1.2678344419E+001   1.0930460902E-003
  -1.2523730462E+001   1.9358240596E-003
  -1.2369116506E+001   2.6717691402E-003
  -1.2214502550E+001   3.3027287355E-003
  -1.2059888594E+001   3.8301460069E-003
  -1.1905274637E+001   4.2551405118E-003
  -1.1750660681E+001   4.5785860275E-003
  -1.1596046725E+001   4.8011324448E-003
  -1.1441432768E+001   4.9231951075E-003
  -1.1286818812E+001   4.9449304666E-003
  -1.1132204856E+001   4.8662208028E-003
  -1.0977590899E+001   4.6866712145E-003
  -1.0822976943E+001   4.4056259222E-003
  -1.0668362987E+001   4.0221918108E-003
  -1.0513749030E+001   3.5352616944E-003
  -1.0359135074E+001   2.9435073391E-003
  -1.0204521118E+001   2.2453274160E-003
  -1.0049907161E+001   1.4387545481E-003
  -9.8952932049E+000   5.2150935441E-004
  -9.7406792486E+000  -5.0814923464E-004
  -9.5860652923E+000  -1.6481167144E-003
  -9.4314513359E+000  -2.8838752531E-003
  -9.2768373796E+000  -4.1723446637E-003
  -9.1222234233E+000  -5.4220812148E-003
  -8.9676094670E+000  -6.4896303320E-003
  -8.8129955106E+000  -7.2285236623E-003
  -8.6583815543E+000  -7.5950994306E-003
  -8.5037675980E+000  -7.6869950543E-003
  -8.3491536417E+000  -7.5827256842E-003
  -8.1945396853E+000  -7.2039117789E-003
  -8.0399257290E+000  -6.4530913147E-003
  -7.8853117727E+000  -5.3741531247E-003
  -7.7306978164E+000  -4.1138339728E-003
  -7.5760838600E+000  -2.8158839064E-003
  -7.4214699037E+000  -1.5720569789E-003
  -7.2668559474E+000  -4.2574756473E-004
  -7.1122419910E+000   6.0821780408E-004
  -6.9576280347E+000   1.5274384155E-003
  -6.8030140784E+000   2.3333767164E-003
  -6.6484001221E+000   3.0280550971E-003
  -6.4937861657E+000   3.6132090843E-003
  -6.3391722094E+000   4.0902363163E-003
  -6.1845582531E+000   4.4602918964E-003
  -6.0299442968E+000   4.7243421370E-003
  -5.8753303404E+000   4.8831725713E-003
  -5.7207163841E+000   4.9373651964E-003
  -5.5661024278E+000   4.8872750754E-003
  -5.4114884714E+000   4.7330139580E-003
  -5.2568745151E+000   4.4744530858E-003
  -5.1022605588E+000   4.1112381545E-003
  -4.9476466025E+000   3.6428132056E-003
  -4.7930326461E+000   3.0684306181E-003
  -4.6384186898E+000   2.3871282338E-003
  -4.4838047335E+000   1.5976501519E-003
  -4.3291907772E+000   6.9836425488E-004
  -4.1745768208E+000  -3.1253895222E-004
  -4.0199628645E+000  -1.4356258894E-003
  -3.8653489082E+000  -2.6655213515E-003
  -3.7107349518E+000  -3.9799274253E-003
  -3.5561209955E+000  -5.3212597958E-003
  -3.4015070392E+000  -6.5789681161E-003
  -3.2468930829E+000  -7.5991958277E-003
  -3.0922791265E+000  -8.2568398455E-003
  -2.9376651702E+000  -8.5599414965E-003
  -2.7830512139E+000  -8.6246944767E-003
  -2.6284372576E+000  -8.4793416248E-003
  -2.4738233012E+000  -8.0138175703E-003
  -2.3192093449E+000  -7.1695040644E-003
  -2.1645953886E+000  -6.0361894146E-003
  -2.0099814323E+000  -4.7692783079E-003
  -1.8553674759E+000  -3.4969440393E-003
  -1.7007535196E+000  -2.2926657596E-003
  -1.5461395633E+000  -1.1878057966E-003
  -1.3915256069E+000  -1.9139886061E-004
  -1.2369116506E+000   6.9626228967E-004
  -1.0822976943E+000   1.4771706136E-003
  -9.2768373796E-001   2.1533764372E-003
  -7.7306978164E-001   2.7265330701E-003
  -6.1845582531E-001   3.1979318148E-003
  -4.6384186898E-001   3.5685951431E-003
  -3.0922791265E-001   3.8393124823E-003
  -1.5461395633E-001   4.0106398561E-003
   0.0000000000E+000   4.0828746598E-003
   1.5461395633E-001   4.0560382795E-003
   3.0922791265E-001   3.9298660243E-003
   4.6384186898E-001   3.7038196801E-003
   6.1845582531E-001   3.3771075229E-003
   7.7306978164E-001   2.9487124326E-003
   9.2768373796E-001   2.4173954304E-003
   1.0822976943E+000   1.7816633155E-003
   1.2369116506E+000   1.0396790130E-003
   1.3915256069E+000   1.8923000247E-004
   1.5461395633E+000  -7.7181420988E-004
   1.7007535196E+000  -1.8432714284E-003
   1.8553674759E+000  -3.0161899543E-003
   2.0099814323E+000  -4.2592657997E-003
   2.1645953886E+000  -5.4990620759E-003
   2.3192093449E+000  -6.6074479594E-003
   2.4738233012E+000  -7.4290871176E-003
   2.6284372576E+000  -7.8743156087E-003
   2.7830512139E+000  -8.0019289445E-003
   2.9376651702E+000  -7.9221315649E-003
   3.0922791265E+000  -7.6066714248E-003
   3.2468930829E+000  -6.9392283725E-003
   3.4015070392E+000  -5.9116435749E-003
   3.5561209955E+000  -4.6489721491E-003
   3.7107349518E+000  -3.3050770125E-003
   3.8653489082E+000  -1.9905389397E-003
   4.0199628645E+000  -7.6297486397E-004
   4.1745768208E+000   3.5529528545E-004
   4.3291907772E+000   1.3588903948E-003
   4.4838047335E+000   2.2483874439E-003
   4.6384186898E+000   3.0256204550E-003
   4.7930326461E+000   3.6922562467E-003
   4.9476466025E+000   4.2495913198E-003
   5.1022605588E+000   4.6986299804E-003
   5.2568745151E+000   5.0401594209E-003
   5.4114884714E+000   5.2747689669E-003
   5.5661024278E+000   5.4028372001E-003
   5.7207163841E+000   5.4245061020E-003
   5.8753303404E+000   5.3396651723E-003
   6.0299442968E+000   5.1479488268E-003
   6.1845582531E+000   4.8487541473E-003
   6.3391722094E+000   4.4412668193E-003
   6.4937861657E+000   3.9244875538E-003
   6.6484001221E+000   3.2972287245E-003
   6.8030140784E+000   2.5580660245E-003
   6.9576280347E+000   1.7052489312E-003
   7.1122419910E+000   7.3675757970E-004
   7.2668559474E+000  -3.4884504712E-004
   7.4214699037E+000  -1.5491057955E-003
   7.5760838600E+000  -2.8491174692E-003
   7.7306978164E+000  -4.2053811629E-003
   7.8853117727E+000  -5.5260275876E-003
   8.0399257290E+000  -6.6672061614E-003
   8.1945396853E+000  -7.4821349238E-003
   8.3491536417E+000  -7.9269728061E-003
   8.5037675980E+000  -8.0992737038E-003
   8.6583815543E+000  -8.0773665932E-003
   8.8129955106E+000  -7.7824271965E-003
   8.9676094670E+000  -7.1163954414E-003
   9.1222234233E+000  -6.1225898006E-003
   9.2768373796E+000  -4.9472537447E-003
   9.4314513359E+000  -3.7336879375E-003
   9.5860652923E+000  -2.5732067666E-003
   9.7406792486E+000  -1.5087562937E-003
   9.8952932049E+000  -5.5469958753E-004
   1.0049907161E+001   2.8703972544E-004
   1.0204521118E+001   1.0184084034E-003
   1.0359135074E+001   1.6419116079E-003
   1.0513749030E+001   2.1597565352E-003
   1.0668362987E+001   2.5737919005E-003
   1.0822976943E+001   2.8855944255E-003
   1.0977590899E+001   3.0965147091E-003
   1.1132204856E+001   3.2076785902E-003
   1.1286818812E+001   3.2199590275E-003
   1.1441432768E+001   3.1339485765E-003
   1.1596046725E+001   2.9499399970E-003
   1.1750660681E+001   2.6679270287E-003
   1.1905274637E+001   2.2876182079E-003
   1.2059888594E+001   1.8084604647E-003
   1.2214502550E+001   1.2296496925E-003
   1.2369116506E+001   5.5010937528E-004
   1.2523730462E+001  -2.3158617066E-004
   1.2678344419E+001  -1.1172909457E-003
   1.2832958375E+001  -2.1090844370E-003
   1.2987572331E+001  -3.2078468298E-003
   1.3142186288E+001  -4.4085561259E-003
   1.3296800244E+001  -5.6893030022E-003
   1.3451414200E+001  -6.9929236884E-003
   1.3606028157E+001  -8.2093188865E-003
   1.3760642113E+001  -9.1851182757E-003
   1.3915256069E+001  -9.7957536260E-003
   1.4069870026E+001  -1.0049845911E-002
   1.4224483982E+001  -1.0064124544E-002
   1.4379097938E+001  -9.8671757624E-003
   1.4533711895E+001  -9.3490769306E-003
   1.4688325851E+001  -8.4513188129E-003
   1.4842939807E+001  -7.2638912202E-003
   1.4997553764E+001  -5.9424989676E-003
   1.5152167720E+001  -4.6156782176E-003
   1.5306781676E+001  -3.3573033767E-003
   1.5461395633E+001  -2.1991428920E-003
   1.5616009589E+001  -1.1506326238E-003
   1.5770623545E+001  -2.1244990338E-004
   1.5925237502E+001   6.1703899392E-004
   1.6079851458E+001   1.3395575720E-003
   1.6234465414E+001   1.9564707166E-003
   1.6389079371E+001   2.4688246939E-003
   1.6543693327E+001   2.8774442598E-003
   1.6698307283E+001   3.1829712621E-003
   1.6852921240E+001   3.3858660132E-003
   1.7007535196E+001   3.4863827725E-003
   1.7162149152E+001   3.4845521220E-003
   1.7316763109E+001   3.3801697279E-003
   1.7471377065E+001   3.1728067812E-003
   1.7625991021E+001   2.8618268937E-003
   1.7780604978E+001   2.4464100238E-003
   1.7935218934E+001   1.9255507172E-003
   1.8089832890E+001   1.2980193868E-003
   1.8244446847E+001   5.6226542154E-004
   1.8399060803E+001  -2.8362218195E-004
   1.8553674759E+001  -1.2414652632E-003
   1.8708288716E+001  -2.3107733698E-003
   1.8862902672E+001  -3.4822935742E-003
   1.9017516628E+001  -4.7244328241E-003
   1.9172130585E+001  -5.9634803757E-003
   1.9326744541E+001  -7.0710476410E-003
   1.9481358497E+001  -7.8915574271E-003
   1.9635972454E+001  -8.3351275230E-003
   1.9790586410E+001  -8.4603678143E-003
   1.9945200366E+001  -8.3773280013E-003
   2.0099814323E+001  -8.0576139973E-003
   2.0254428279E+001  -7.3847664053E-003
   2.0409042235E+001  -6.3504909670E-003
   2.0563656191E+001  -5.0797080771E-003
   2.0718270148E+001  -3.7261441580E-003
   2.0872884104E+001  -2.4002457506E-003
   2.1027498060E+001  -1.1595046923E-003
   2.1182112017E+001  -2.6130063504E-005
   2.1336725973E+001   9.9459205793E-004
   2.1491339929E+001   1.9033194557E-003
   2.1645953886E+001   2.7019563590E-003
   2.1800567842E+001   3.3922339619E-003
   2.1955181798E+001   3.9755125812E-003
   2.2109795755E+001   4.4528650982E-003
   2.2264409711E+001   4.8251569903E-003
   2.2419023667E+001   5.0930697784E-003
   2.2573637624E+001   5.2570912610E-003
   2.2728251580E+001   5.3174914069E-003
   2.2882865536E+001   5.2743066439E-003
   2.3037479493E+001   5.1273356817E-003
   2.3192093449E+001   4.8761538181E-003
   2.3346707405E+001   4.5201335209E-003
   2.3501321362E+001   4.0584636432E-003
   2.3655935318E+001   3.4901372457E-003
   2.3810549274E+001   2.8138932512E-003
   2.3965163231E+001   2.0281163272E-003
   2.4119777187E+001   1.1308833105E-003
   2.4274391143E+001   1.2080595270E-004
   2.4429005100E+001  -9.9966886230E-004
   2.4583619056E+001  -2.2156975674E-003
   2.4738233012E+001  -3.4838960211E-003
   2.4892846969E+001  -4.7125422335E-003
   2.5047460925E+001  -5.7579326692E-003
   2.5202074881E+001  -6.4733874661E-003
   2.5356688838E+001  -6.8150886494E-003
   2.5511302794E+001  -6.8805817468E-003
   2.5665916750E+001  -6.7483197529E-003
   2.5820530707E+001  -6.3398456472E-003
   2.5975144663E+001  -5.5576098811E-003
   2.6129758619E+001  -4.4454264206E-003
   2.6284372576E+001  -3.1499711435E-003
   2.6438986532E+001  -1.8149436406E-003
   2.6593600488E+001  -5.3206201575E-004
   2.6748214445E+001   6.5529339675E-004
   2.6902828401E+001   1.7322827379E-003
   2.7057442357E+001   2.6964627112E-003
   2.7212056314E+001   3.5492250082E-003
   2.7366670270E+001   4.2924960663E-003
   2.7521284226E+001   4.9278942952E-003
   2.7675898183E+001   5.4566836209E-003
   2.7830512139E+001   5.8798735692E-003
   2.7985126095E+001   6.1982775720E-003
   2.8139740052E+001   6.4125251038E-003
   2.8294354008E+001   6.5230424187E-003
   2.8448967964E+001   6.5300319179E-003
   2.8603581920E+001   6.4334577874E-003
   2.8758195877E+001   6.2330501159E-003
   2.8912809833E+001   5.9283205432E-003
   2.9067423789E+001   5.5185863023E-003
   2.9222037746E+001   5.0029799208E-003
   2.9376651702E+001   4.3804257106E-003
   2.9531265658E+001   3.6495596787E-003
   2.9685879615E+001   2.8086460361E-003
   2.9840493571E+001   1.8557750039E-003
   2.9995107527E+001   7.9028227924E-004
   3.0149721484E+001  -3.8255353590E-004
   3.0304335440E+001  -1.6405317466E-003
   3.0458949396E+001  -2.9261697367E-003
   3.0613563353E+001  -4.1290309416E-003
   3.0768177309E+001  -5.0953996089E-003
   3.0922791265E+001  -5.7003667519E-003
   3.1077405222E+001  -5.9522391964E-003
   3.1232019178E+001  -5.9674912381E-003
   3.1386633134E+001  -5.7745359337E-003
   3.1541247091E+001  -5.2633478635E-003
   3.1695861047E+001  -4.3753466766E-003
   3.1850475003E+001  -3.2004485096E-003
   3.2005088960E+001  -1.8942681129E-003
   3.2159702916E+001  -5.8523484809E-004
   3.2314316872E+001   6.5289681508E-004
   3.2468930829E+001   1.7884873468E-003
   3.2623544785E+001   2.8122346951E-003
   3.2778158741E+001   3.7235966488E-003
   3.2932772698E+001   4.5243406077E-003
   3.3087386654E+001   5.2163203757E-003
   3.3242000610E+001   5.8010264939E-003
   3.3396614567E+001   6.2796254506E-003
   3.3551228523E+001   6.6530563536E-003
   3.3705842479E+001   6.9220693658E-003
   3.3860456436E+001   7.0872271190E-003
