  -3.4015070392E+001   2.3832529309E-002
  -3.3860456436E+001   2.3709359588E-002
  -3.3705842479E+001   2.3482608090E-002
  -3.3551228523E+001   2.3151926288E-002
  -3.3396614567E+001   2.2716753793E-002
  -3.3242000610E+001   2.2176342676E-002
  -3.3087386654E+001   2.1529756059E-002
  -3.2932772698E+001   2.0775829691E-002
  -3.2778158741E+001   1.9913075280E-002
  -3.2623544785E+001   1.8939641285E-002
  -3.2468930829E+001   1.7853762592E-002
  -3.2314316872E+001   1.6655983739E-002
  -3.2159702916E+001   1.5355609175E-002
  -3.2005088960E+001   1.3984280942E-002
  -3.1850475003E+001   1.2615756212E-002
  -3.1695861047E+001   1.1378467298E-002
  -3.1541247091E+001   1.0428032123E-002
  -3.1386633134E+001   9.8543699063E-003
  -3.1232019178E+001   9.5989030219E-003
  -3.1077405222E+001   9.5516091532E-003
  -3.0922791265E+001   9.7409061162E-003
  -3.0768177309E+001   1.0283274278E-002
  -3.0613563353E+001   1.1187026504E-002
  -3.0458949396E+001   1.2327259487E-002
  -3.0304335440E+001   1.3550263161E-002
  -3.0149721484E+001   1.4745606848E-002
  -2.9995107527E+001   1.5855813994E-002
  -2.9840493571E+001   1.6858690053E-002
  -2.9685879615E+001   1.7748962591E-002
  -2.9531265658E+001   1.8527302041E-002
  -2.9376651702E+001   1.9195624241E-002
  -2.9222037746E+001   1.9755670940E-002
  -2.9067423789E+001   2.0208811980E-002
  -2.8912809833E+001   2.0556128765E-002
  -2.8758195877E+001   2.0798494337E-002
  -2.8603581920E+001   2.0936596868E-002
  -2.8448967964E+001   2.0970929934E-002
  -2.8294354008E+001   2.0901768460E-002
  -2.8139740052E+001   2.0729153050E-002
  -2.7985126095E+001   2.0452885861E-002
  -2.7830512139E+001   2.0072544960E-002
  -2.7675898183E+001   1.9587504952E-002
  -2.7521284226E+001   1.8996956247E-002
  -2.7366670270E+001   1.8299892918E-002
  -2.7212056314E+001   1.7495054398E-002
  -2.7057442357E+001   1.6580825386E-002
  -2.6902828401E+001   1.5555282308E-002
  -2.6748214445E+001   1.4417036089E-002
  -2.6593600488E+001   1.3168532405E-002
  -2.6438986532E+001   1.1824613294E-002
  -2.6284372576E+001   1.0428661105E-002
  -2.6129758619E+001   9.0723958702E-003
  -2.5975144663E+001   7.8995190574E-003
  -2.5820530707E+001   7.0567082544E-003
  -2.5665916750E+001   6.5877785910E-003
  -2.5511302794E+001   6.3951810902E-003
  -2.5356688838E+001   6.4004598246E-003
  -2.5202074881E+001   6.6820703203E-003
  -2.5047460925E+001   7.3375611354E-003
  -2.4892846969E+001   8.3231166892E-003
  -2.4738233012E+001   9.4920588993E-003
  -2.4583619056E+001   1.0700685752E-002
  -2.4429005100E+001   1.1857276615E-002
  -2.4274391143E+001   1.2918448476E-002
  -2.4119777187E+001   1.3869358567E-002
  -2.3965163231E+001   1.4707560406E-002
  -2.3810549274E+001   1.5434442176E-002
  -2.3655935318E+001   1.6051926470E-002
  -2.3501321362E+001   1.6561627497E-002
  -2.3346707405E+001   1.6964804619E-002
  -2.3192093449E+001   1.7262462431E-002
  -2.3037479493E+001   1.7455409046E-002
  -2.2882865536E+001   1.7544268227E-002
  -2.2728251580E+001   1.7529460099E-002
  -2.2573637624E+001   1.7411180505E-002
  -2.2419023667E+001   1.7189386630E-002
  -2.2264409711E+001   1.6863801106E-002
  -2.2109795755E+001   1.6433927660E-002
  -2.1955181798E+001   1.5899075157E-002
  -2.1800567842E+001   1.5258367301E-002
  -2.1645953886E+001   1.4510719133E-002
  -2.1491339929E+001   1.3654756950E-002
  -2.1336725973E+001   1.2688734831E-002
  -2.1182112017E+001   1.1610732473E-002
  -2.1027498060E+001   1.0420074708E-002
  -2.0872884104E+001   9.1220290198E-003
  -2.0718270148E+001   7.7387848632E-003
  -2.0563656191E+001   6.3278136649E-003
  -2.0409042235E+001   4.9995410569E-003
  -2.0254428279E+001   3.9076722682E-003
  -2.0099814323E+001   3.1771060568E-003
  -1.9945200366E+001   2.7995251491E-003
  -1.9790586410E+001   2.6584442566E-003
  -1.9635972454E+001   2.7254390907E-003
  -1.9481358497E+001   3.1105232684E-003
  -1.9326744541E+001   3.8722637359E-003
  -1.9172130585E+001   4.9207294133E-003
  -1.9017516628E+001   6.1002900557E-003
  -1.8862902672E+001   7.2825010303E-003
  -1.8708288716E+001   8.3935932537E-003
  -1.8553674759E+001   9.4019135647E-003
  -1.8399060803E+001   1.0298147572E-002
  -1.8244446847E+001   1.1081742330E-002
  -1.8089832890E+001   1.1754456445E-002
  -1.7935218934E+001   1.2318137252E-002
  -1.7780604978E+001   1.2774271556E-002
  -1.7625991021E+001   1.3124025283E-002
  -1.7471377065E+001   1.3368340602E-002
  -1.7316763109E+001   1.3507974805E-002
  -1.7162149152E+001   1.3543502166E-002
  -1.7007535196E+001   1.3475290054E-002
  -1.6852921240E+001   1.3303482056E-002
  -1.6698307283E+001   1.3027987518E-002
  -1.6543693327E+001   1.2648492782E-002
  -1.6389079371E+001   1.2164478818E-002
  -1.6234465414E+001   1.1575245786E-002
  -1.6079851458E+001   1.0879911758E-002
  -1.5925237502E+001   1.0077374283E-002
  -1.5770623545E+001   9.1662135562E-003
  -1.5616009589E+001   8.1446528400E-003
  -1.5461395633E+001   7.0110075279E-003
  -1.5306781676E+001   5.7659074345E-003
  -1.5152167720E+001   4.4187457556E-003
  -1.4997553764E+001   3.0012551172E-003
  -1.4842939807E+001   1.5872833389E-003
  -1.4688325851E+001   3.0535191068E-004
  -1.4533711895E+001  -6.8883437078E-004
  -1.4379097938E+001  -1.3052705299E-003
  -1.4224483982E+001  -1.6024435491E-003
  -1.4069870026E+001  -1.6902677608E-003
  -1.3915256069E+001  -1.5401866299E-003
  -1.3760642113E+001  -1.0355461065E-003
  -1.3606028157E+001  -1.6783215962E-004
  -1.3451414200E+001   9.3826876459E-004
  -1.3296800244E+001   2.1292694250E-003
  -1.3142186288E+001   3.2949605463E-003
  -1.2987572331E+001   4.3780791569E-003
  -1.2832958375E+001   5.3566308968E-003
  -1.2678344419E+001   6.2255254533E-003
  -1.2523730462E+001   6.9855932961E-003
  -1.2369116506E+001   7.6388844773E-003
  -1.2214502550E+001   8.1872455813E-003
  -1.2059888594E+001   8.6321186195E-003
  -1.1905274637E+001   8.9746216795E-003
  -1.1750660681E+001   9.2156267590E-003
  -1.1596046725E+001   9.3557816659E-003
  -1.1441432768E+001   9.3954993620E-003
  -1.1286818812E+001   9.3349336198E-003
  -1.1132204856E+001   9.1739637499E-003
  -1.0977590899E+001   8.9121915962E-003
  -1.0822976943E+001   8.5489578524E-003
  -1.0668362987E+001   8.0833656216E-003
  -1.0513749030E+001   7.5143037014E-003
  -1.0359135074E+001   6.8404396325E-003
  -1.0204521118E+001   6.0601676795E-003
  -1.0049907161E+001   5.1715159112E-003
  -9.8952932049E+000   4.1722002874E-003
  -9.7406792486E+000   3.0604750270E-003
  -9.5860652923E+000   1.8384399394E-003
  -9.4314513359E+000   5.2060825391E-004
  -9.2768373796E+000  -8.4994427811E-004
  -9.1222234233E+000  -2.1817781511E-003
  -8.9676094670E+000  -3.3314428648E-003
  -8.8129955106E+000  -4.1524743174E-003
  -8.6583815543E+000  -4.6012157526E-003
  -8.5037675980E+000  -4.7753101593E-003
  -8.3491536417E+000  -4.7532766799E-003
  -8.1945396853E+000  -4.4567366273E-003
  -8.0399257290E+000  -3.7882274031E-003
  -7.8853117727E+000  -2.7916380001E-003
  -7.7306978164E+000  -1.6137062232E-003
  -7.5760838600E+000  -3.9818336529E-004
  -7.4214699037E+000   7.6317547596E-004
  -7.2668559474E+000   1.8269752087E-003
  -7.1122419910E+000   2.7783889233E-003
  -6.9576280347E+000   3.6150158363E-003
  -6.8030140784E+000   4.3383185823E-003
  -6.6484001221E+000   4.9503199531E-003
  -6.4937861657E+000   5.4527560560E-003
  -6.3391722094E+000   5.8470252624E-003
  -6.1845582531E+000   6.1342835391E-003
  -6.0299442968E+000   6.3154981706E-003
  -5.8753303404E+000   6.3914557485E-003
  -5.7207163841E+000   6.3627393922E-003
  -5.5661024278E+000   6.2297053301E-003
  -5.4114884714E+000   5.9924665008E-003
  -5.2568745151E+000   5.6508953411E-003
  -5.1022605588E+000   5.2046387313E-003
  -4.9476466025E+000   4.6531418674E-003
  -4.7930326461E+000   3.9956582290E-003
  -4.6384186898E+000   3.2312266739E-003
  -4.4838047335E+000   2.3585921958E-003
  -4.3291907772E+000   1.3761234099E-003
  -4.1745768208E+000   2.8201135578E-004
  -4.0199628645E+000  -9.2431007676E-004
  -3.8653489082E+000  -2.2374656013E-003
  -3.7107349518E+000  -3.6351574210E-003
  -3.5561209955E+000  -5.0598014496E-003
  -3.4015070392E+000  -6.4008475362E-003
  -3.2468930829E+000  -7.5044391273E-003
  -3.0922791265E+000  -8.2454729377E-003
  -2.9376651702E+000  -8.6319901807E-003
  -2.7830512139E+000  -8.7801848240E-003
  -2.6284372576E+000  -8.7183001897E-003
  -2.4738233012E+000  -8.3362713731E-003
  -2.3192093449E+000  -7.5754805793E-003
  -2.1645953886E+000  -6.5257163381E-003
  -2.0099814323E+000  -5.3423830415E-003
  -1.8553674759E+000  -4.1536531882E-003
  -1.7007535196E+000  -3.0330048586E-003
  -1.5461395633E+000  -2.0117992810E-003
  -1.3915256069E+000  -1.0990702068E-003
  -1.2369116506E+000  -2.9510966819E-004
  -1.0822976943E+000   4.0207575325E-004
  -9.2768373796E-001   9.9453657138E-004
  -7.7306978164E-001   1.4839260278E-003
  -6.1845582531E-001   1.8715351241E-003
  -4.6384186898E-001   2.1583858249E-003
  -3.0922791265E-001   2.3452668682E-003
  -1.5461395633E-001   2.4327334267E-003
   0.0000000000E+000   2.4210818974E-003
   1.5461395633E-001   2.3103325321E-003
   3.0922791265E-001   2.1002193799E-003
   4.6384186898E-001   1.7902028516E-003
   6.1845582531E-001   1.3794897482E-003
   7.7306978164E-001   8.6706139522E-004
   9.2768373796E-001   2.5167720873E-004
   1.0822976943E+000  -4.6815763169E-004
   1.2369116506E+000  -1.2942817882E-003
   1.3915256069E+000  -2.2289092789E-003
   1.5461395633E+000  -3.2741719344E-003
   1.7007535196E+000  -4.4298886531E-003
   1.8553674759E+000  -5.6871085078E-003
   2.0099814323E+000  -7.0145279106E-003
   2.1645953886E+000  -8.3387100348E-003
   2.3192093449E+000  -9.5315239768E-003
   2.4738233012E+000  -1.0437633713E-002
   2.6284372576E+000  -1.0967376931E-002
   2.7830512139E+000  -1.1179552299E-002
   2.9376651702E+000  -1.1184366230E-002
   3.0922791265E+000  -1.0953563905E-002
   3.2468930829E+000  -1.0370818902E-002
   3.4015070392E+000  -9.4279668765E-003
   3.5561209955E+000  -8.2500598145E-003
   3.7107349518E+000  -6.9909590598E-003
   3.8653489082E+000  -5.7612444043E-003
   4.0199628645E+000  -4.6185318779E-003
   4.1745768208E+000  -3.5851403602E-003
   4.3291907772E+000  -2.6664497094E-003
   4.4838047335E+000  -1.8618815170E-003
   4.6384186898E+000  -1.1696002305E-003
   4.7930326461E+000  -5.8793747455E-004
   4.9476466025E+000  -1.1559523286E-004
   5.1022605588E+000   2.4843221420E-004
   5.2568745151E+000   5.0493331607E-004
   5.4114884714E+000   6.5449845169E-004
   5.5661024278E+000   6.9750701300E-004
   5.7207163841E+000   6.3410152209E-004
   5.8753303404E+000   4.6417173807E-004
   6.0299442968E+000   1.8735205783E-004
   6.1845582531E+000  -1.9696071731E-004
   6.3391722094E+000  -6.8958141560E-004
   6.4937861657E+000  -1.2915100389E-003
   6.6484001221E+000  -2.0039350896E-003
   6.8030140784E+000  -2.8282818784E-003
   6.9576280347E+000  -3.7663020284E-003
   7.1122419910E+000  -4.8200165708E-003
   7.2668559474E+000  -5.9908637220E-003
   7.4214699037E+000  -7.2763915235E-003
   7.5760838600E+000  -8.6616939369E-003
   7.7306978164E+000  -1.0103273163E-002
   7.8853117727E+000  -1.1509260989E-002
   8.0399257290E+000  -1.2735807999E-002
   8.1945396853E+000  -1.3636133828E-002
   8.3491536417E+000  -1.4166400032E-002
   8.5037675980E+000  -1.4424164120E-002
   8.6583815543E+000  -1.4487757871E-002
   8.8129955106E+000  -1.4278357405E-002
   8.9676094670E+000  -1.3697901672E-002
   9.1222234233E+000  -1.2789708365E-002
   9.2768373796E+000  -1.1700020491E-002
   9.4314513359E+000  -1.0572138107E-002
   9.5860652923E+000  -9.4973746533E-003
   9.7406792486E+000  -8.5186748978E-003
   9.8952932049E+000  -7.6504003346E-003
   1.0049907161E+001  -6.8944727900E-003
   1.0204521118E+001  -6.2489435261E-003
   1.0359135074E+001  -5.7113052535E-003
   1.0513749030E+001  -5.2793485207E-003
   1.0668362987E+001  -4.9512222425E-003
   1.0822976943E+001  -4.7253472200E-003
   1.0977590899E+001  -4.6003702762E-003
   1.1132204856E+001  -4.5751628991E-003
   1.1286818812E+001  -4.6488493694E-003
   1.1441432768E+001  -4.8208342921E-003
   1.1596046725E+001  -5.0908220002E-003
   1.1750660681E+001  -5.4588157940E-003
   1.1905274637E+001  -5.9251041417E-003
   1.2059888594E+001  -6.4902371062E-003
   1.2214502550E+001  -7.1550158062E-003
   1.2369116506E+001  -7.9205138254E-003
   1.2523730462E+001  -8.7881540142E-003
   1.2678344419E+001  -9.7597876856E-003
   1.2832958375E+001  -1.0837491834E-002
   1.2987572331E+001  -1.2022144394E-002
   1.3142186288E+001  -1.3308721400E-002
   1.3296800244E+001  -1.4675311865E-002
   1.3451414200E+001  -1.6064750646E-002
   1.3606028157E+001  -1.7366937315E-002
   1.3760642113E+001  -1.8428500652E-002
   1.3915256069E+001  -1.9124871937E-002
   1.4069870026E+001  -1.9464672295E-002
   1.4224483982E+001  -1.9564631370E-002
   1.4379097938E+001  -1.9453334182E-002
   1.4533711895E+001  -1.9020855218E-002
   1.4688325851E+001  -1.8208682342E-002
   1.4842939807E+001  -1.7106803479E-002
   1.4997553764E+001  -1.5870922394E-002
   1.5152167720E+001  -1.4629574684E-002
   1.5306781676E+001  -1.3456634552E-002
   1.5461395633E+001  -1.2383870579E-002
   1.5616009589E+001  -1.1420719073E-002
   1.5770623545E+001  -1.0567858090E-002
   1.5925237502E+001  -9.8236548674E-003
   1.6079851458E+001  -9.1863870477E-003
   1.6234465414E+001  -8.6546910339E-003
   1.6389079371E+001  -8.2275219463E-003
   1.6543693327E+001  -7.9040564753E-003
   1.6698307283E+001  -7.6836542482E-003
   1.6852921240E+001  -7.5658564321E-003
   1.7007535196E+001  -7.5504102288E-003
   1.7162149152E+001  -7.6372864798E-003
   1.7316763109E+001  -7.8266908827E-003
   1.7471377065E+001  -8.1190535276E-003
   1.7625991021E+001  -8.5150119759E-003
   1.7780604978E+001  -9.0153873099E-003
   1.7935218934E+001  -9.6211858711E-003
   1.8089832890E+001  -1.0333637962E-002
   1.8244446847E+001  -1.1154294727E-002
   1.8399060803E+001  -1.2085067508E-002
   1.8553674759E+001  -1.3127778281E-002
   1.8708288716E+001  -1.4281936510E-002
   1.8862902672E+001  -1.5538288941E-002
   1.9017516628E+001  -1.6865241907E-002
   1.9172130585E+001  -1.8189083699E-002
   1.9326744541E+001  -1.9381424362E-002
   1.9481358497E+001  -2.0286684977E-002
   1.9635972454E+001  -2.0814981562E-002
   1.9790586410E+001  -2.1024922481E-002
   1.9945200366E+001  -2.1026555428E-002
   2.0099814323E+001  -2.0791482567E-002
   2.0254428279E+001  -2.0203239374E-002
   2.0409042235E+001  -1.9253526451E-002
   2.0563656191E+001  -1.8067259387E-002
   2.0718270148E+001  -1.6798159788E-002
   2.0872884104E+001  -1.5556669188E-002
   2.1027498060E+001  -1.4400274271E-002
   2.1182112017E+001  -1.3351178920E-002
   2.1336725973E+001  -1.2414664061E-002
   2.1491339929E+001  -1.1590066870E-002
   2.1645953886E+001  -1.0875478242E-002
   2.1800567842E+001  -1.0269162309E-002
   2.1955181798E+001  -9.7697543120E-003
   2.2109795755E+001  -9.3761771868E-003
   2.2264409711E+001  -9.0875615600E-003
   2.2419023667E+001  -8.9032223287E-003
   2.2573637624E+001  -8.8226684533E-003
   2.2728251580E+001  -8.8456270897E-003
   2.2882865536E+001  -8.9720593203E-003
   2.3037479493E+001  -9.2021643444E-003
   2.3192093449E+001  -9.5363651784E-003
   2.3346707405E+001  -9.9752880747E-003
   2.3501321362E+001  -1.0519743304E-002
   2.3655935318E+001  -1.1170737328E-002
   2.3810549274E+001  -1.1929531144E-002
   2.3965163231E+001  -1.2797740396E-002
   2.4119777187E+001  -1.3777288946E-002
   2.4274391143E+001  -1.4869566116E-002
   2.4429005100E+001  -1.6072126445E-002
   2.4583619056E+001  -1.7370128100E-002
   2.4738233012E+001  -1.8720188920E-002
   2.4892846969E+001  -2.0030589067E-002
   2.5047460925E+001  -2.1157627264E-002
   2.5202074881E+001  -2.1954626121E-002
   2.5356688838E+001  -2.2377770707E-002
   2.5511302794E+001  -2.2524610195E-002
   2.5665916750E+001  -2.2473600692E-002
   2.5820530707E+001  -2.2146286822E-002
   2.5975144663E+001  -2.1445120127E-002
   2.6129758619E+001  -2.0413916231E-002
   2.6284372576E+001  -1.9199353184E-002
   2.6438986532E+001  -1.7945132888E-002
   2.6593600488E+001  -1.6742975780E-002
   2.6748214445E+001  -1.5636264584E-002
   2.6902828401E+001  -1.4639841677E-002
   2.7057442357E+001  -1.3756153045E-002
   2.7212056314E+001  -1.2983809886E-002
   2.7366670270E+001  -1.2320888860E-002
   2.7521284226E+001  -1.1765774869E-002
   2.7675898183E+001  -1.1317207503E-002
   2.7830512139E+001  -1.0974180955E-002
   2.7985126095E+001  -1.0735885711E-002
   2.8139740052E+001  -1.0601696412E-002
   2.8294354008E+001  -1.0571191114E-002
   2.8448967964E+001  -1.0644171919E-002
   2.8603581920E+001  -1.0820679330E-002
   2.8758195877E+001  -1.1100988124E-002
   2.8912809833E+001  -1.1485591680E-002
   2.9067423789E+001  -1.1975177927E-002
   2.9222037746E+001  -1.2570619612E-002
   2.9376651702E+001  -1.3272997799E-002
   2.9531265658E+001  -1.4083681937E-002
   2.9685879615E+001  -1.5004413336E-002
   2.9840493571E+001  -1.6037107344E-002
   2.9995107527E+001  -1.7182433854E-002
   3.0149721484E+001  -1.8435119845E-002
   3.0304335440E+001  -1.9772970135E-002
   3.0458949396E+001  -2.1138507486E-002
   3.0613563353E+001  -2.2421300492E-002
   3.0768177309E+001  -2.3467638308E-002
   3.0922791265E+001  -2.4152616807E-002
   3.1077405222E+001  -2.4484547989E-002
   3.1232019178E+001  -2.4579911313E-002
   3.1386633134E+001  -2.4467123646E-002
   3.1541247091E+001  -2.4036161683E-002
   3.1695861047E+001  -2.3228446769E-002
   3.1850475003E+001  -2.2133897061E-002
   3.2005088960E+001  -2.0908129383E-002
   3.2159702916E+001  -1.9679574917E-002
   3.2314316872E+001  -1.8521989671E-002
   3.2468930829E+001  -1.7467014498E-002
   3.2623544785E+001  -1.6523952626E-002
   3.2778158741E+001  -1.5693347352E-002
   3.2932772698E+001  -1.4973432297E-002
   3.3087386654E+001  -1.4362354636E-002
   3.3242000610E+001  -1.3858624772E-002
   3.3396614567E+001  -1.3461077136E-002
   3.3551228523E+001  -1.3168773522E-002
   3.3705842479E+001  -1.2980964660E-002
   3.3860456436E+001  -1.2897088810E-002
