  -3.4015070392E+001   1.7635637116E-001
  -3.3860456436E+001   1.7656175214E-001
  -3.3705842479E+001   1.7716385694E-001
  -3.3551228523E+001   1.7812636081E-001
  -3.3396614567E+001   1.7941049635E-001
  -3.3242000610E+001   1.8101249811E-001
  -3.3087386654E+001   1.8302335737E-001
  -3.2932772698E+001   1.8572552939E-001
  -3.2778158741E+001   1.8976448210E-001
  -3.2623544785E+001   1.9648917970E-001
  -3.2468930829E+001   2.0865980351E-001
  -3.2314316872E+001   2.3179923085E-001
  -3.2159702916E+001   2.7631932196E-001
  -3.2005088960E+001   3.6039966673E-001
  -3.1850475003E+001   5.1585941680E-001
  -3.1695861047E+001   8.0393836260E-001
  -3.1541247091E+001   1.3210349584E+000
  -3.1386633134E+001   2.0638033857E+000
  -3.1232019178E+001   2.6369054871E+000
  -3.1077405222E+001   2.5049777550E+000
  -3.0922791265E+001   1.8055813677E+000
  -3.0768177309E+001   1.1180614727E+000
  -3.0613563353E+001   6.8754308289E-001
  -3.0458949396E+001   4.5318982297E-001
  -3.0304335440E+001   3.2640874406E-001
  -3.0149721484E+001   2.5818064526E-001
  -2.9995107527E+001   2.2235325385E-001
  -2.9840493571E+001   2.0373413930E-001
  -2.9685879615E+001   1.9381952125E-001
  -2.9531265658E+001   1.8820663488E-001
  -2.9376651702E+001   1.8471851924E-001
  -2.9222037746E+001   1.8229580269E-001
  -2.9067423789E+001   1.8044059967E-001
  -2.8912809833E+001   1.7894845765E-001
  -2.8758195877E+001   1.7776841246E-001
  -2.8603581920E+001   1.7692127345E-001
  -2.8448967964E+001   1.7644822583E-001
  -2.8294354008E+001   1.7637959416E-001
  -2.8139740052E+001   1.7672012827E-001
  -2.7985126095E+001   1.7744710180E-001
  -2.7830512139E+001   1.7852036254E-001
  -2.7675898183E+001   1.7990769506E-001
  -2.7521284226E+001   1.8162890682E-001
  -2.7366670270E+001   1.8382548280E-001
  -2.7212056314E+001   1.8687623490E-001
  -2.7057442357E+001   1.9161041489E-001
  -2.6902828401E+001   1.9974269150E-001
  -2.6748214445E+001   2.1476515034E-001
  -2.6593600488E+001   2.4355920569E-001
  -2.6438986532E+001   2.9875370294E-001
  -2.6284372576E+001   4.0209169626E-001
  -2.6129758619E+001   5.9284484110E-001
  -2.5975144663E+001   9.4623964576E-001
  -2.5820530707E+001   1.5529113322E+000
  -2.5665916750E+001   2.3055952841E+000
  -2.5511302794E+001   2.6831159365E+000
  -2.5356688838E+001   2.3055953299E+000
  -2.5202074881E+001   1.5529114249E+000
  -2.5047460925E+001   9.4623978631E-001
  -2.4892846969E+001   5.9284502781E-001
  -2.4738233012E+001   4.0209192253E-001
  -2.4583619056E+001   2.9875395517E-001
  -2.4429005100E+001   2.4355946148E-001
  -2.4274391143E+001   2.1476537678E-001
  -2.4119777187E+001   1.9974284307E-001
  -2.3965163231E+001   1.9161043077E-001
  -2.3810549274E+001   1.8687603554E-001
  -2.3655935318E+001   1.8382496610E-001
  -2.3501321362E+001   1.8162794366E-001
  -2.3346707405E+001   1.7990612430E-001
  -2.3192093449E+001   1.7851798542E-001
  -2.3037479493E+001   1.7744367588E-001
  -2.2882865536E+001   1.7671536085E-001
  -2.2728251580E+001   1.7637313526E-001
  -2.2573637624E+001   1.7643966122E-001
  -2.2419023667E+001   1.7691011787E-001
  -2.2264409711E+001   1.7775410334E-001
  -2.2109795755E+001   1.7893035011E-001
  -2.1955181798E+001   1.8041796309E-001
  -2.1800567842E+001   1.8226781944E-001
  -2.1645953886E+001   1.8468428581E-001
  -2.1491339929E+001   1.8816516685E-001
  -2.1336725973E+001   1.9376976377E-001
  -2.1182112017E+001   2.0367498602E-001
  -2.1027498060E+001   2.2228357680E-001
  -2.0872884104E+001   2.5809933197E-001
  -2.0718270148E+001   3.2631472665E-001
  -2.0563656191E+001   4.5308208360E-001
  -2.0409042235E+001   6.8742063820E-001
  -2.0254428279E+001   1.1179232711E+000
  -2.0099814323E+001   1.8054257439E+000
  -1.9945200366E+001   2.5048011265E+000
  -1.9790586410E+001   2.6367012319E+000
  -1.9635972454E+001   2.0635626414E+000
  -1.9481358497E+001   1.3207488940E+000
  -1.9326744541E+001   8.0359940915E-001
  -1.9172130585E+001   5.1546077660E-001
  -1.9017516628E+001   3.5993454292E-001
  -1.8862902672E+001   2.7578062679E-001
  -1.8708288716E+001   2.3117945855E-001
  -1.8553674759E+001   2.0795083111E-001
  -1.8399060803E+001   1.9568205524E-001
  -1.8244446847E+001   1.8884926622E-001
  -1.8089832890E+001   1.8469117599E-001
  -1.7935218934E+001   1.8185759542E-001
  -1.7780604978E+001   1.7970169570E-001
  -1.7625991021E+001   1.7793951037E-001
  -1.7471377065E+001   1.7647838854E-001
  -1.7316763109E+001   1.7532031000E-001
  -1.7162149152E+001   1.7450217364E-001
  -1.7007535196E+001   1.7405841516E-001
  -1.6852921240E+001   1.7400125583E-001
  -1.6698307283E+001   1.7431499015E-001
  -1.6543693327E+001   1.7496193540E-001
  -1.6389079371E+001   1.7590241563E-001
  -1.6234465414E+001   1.7713237037E-001
  -1.6079851458E+001   1.7874328444E-001
  -1.5925237502E+001   1.8101909325E-001
  -1.5770623545E+001   1.8460800008E-001
  -1.5616009589E+001   1.9086337810E-001
  -1.5461395633E+001   2.0255208954E-001
  -1.5306781676E+001   2.2520654468E-001
  -1.5152167720E+001   2.6925096681E-001
  -1.4997553764E+001   3.5287890852E-001
  -1.4842939807E+001   5.0792322571E-001
  -1.4688325851E+001   7.9563535529E-001
  -1.4533711895E+001   1.3124135246E+000
  -1.4379097938E+001   2.0548670369E+000
  -1.4224483982E+001   2.6275393538E+000
  -1.4069870026E+001   2.4949286719E+000
  -1.3915256069E+001   1.7945551749E+000
  -1.3760642113E+001   1.1058465964E+000
  -1.3606028157E+001   6.7404002084E-001
  -1.3451414200E+001   4.3837117199E-001
  -1.3296800244E+001   3.1028935701E-001
  -1.3142186288E+001   2.4081070194E-001
  -1.2987572331E+001   2.0381394145E-001
  -1.2832958375E+001   1.8413093493E-001
  -1.2678344419E+001   1.7327742867E-001
  -1.2523730462E+001   1.6686859391E-001
  -1.2369116506E+001   1.6274507581E-001
  -1.2214502550E+001   1.5986415919E-001
  -1.2059888594E+001   1.5774240853E-001
  -1.1905274637E+001   1.5618665908E-001
  -1.1750660681E+001   1.5515369328E-001
  -1.1596046725E+001   1.5466856272E-001
  -1.1441432768E+001   1.5477335902E-001
  -1.1286818812E+001   1.5549604803E-001
  -1.1132204856E+001   1.5683559553E-001
  -1.0977590899E+001   1.5875964600E-001
  -1.0822976943E+001   1.6121396864E-001
  -1.0668362987E+001   1.6414719637E-001
  -1.0513749030E+001   1.6755451651E-001
  -1.0359135074E+001   1.7154746957E-001
  -1.0204521118E+001   1.7647055422E-001
  -1.0049907161E+001   1.8311614969E-001
  -9.8952932049E+000   1.9316182316E-001
  -9.7406792486E+000   2.1006453604E-001
  -9.5860652923E+000   2.4067408216E-001
  -9.4314513359E+000   2.9759219869E-001
  -9.2768373796E+000   4.0254042100E-001
  -9.1222234233E+000   5.9477218853E-001
  -8.9676094670E+000   9.4947941250E-001
  -8.8129955106E+000   1.5572154588E+000
  -8.6583815543E+000   2.3106592428E+000
  -8.5037675980E+000   2.6887911888E+000
  -8.3491536417E+000   2.3119537785E+000
  -8.1945396853E+000   1.5599897867E+000
  -8.0399257290E+000   9.5397036317E-001
  -7.8853117727E+000   6.0116698618E-001
  -7.7306978164E+000   4.1096069139E-001
  -7.5760838600E+000   3.0810108091E-001
  -7.4214699037E+000   2.5327920833E-001
  -7.2668559474E+000   2.2472515708E-001
  -7.1122419910E+000   2.0979989462E-001
  -6.9576280347E+000   2.0162516075E-001
  -6.8030140784E+000   1.9672035539E-001
  -6.6484001221E+000   1.9338707274E-001
  -6.4937861657E+000   1.9081493863E-001
  -6.3391722094E+000   1.8864505024E-001
  -6.1845582531E+000   1.8675544048E-001
  -6.0299442968E+000   1.8514419289E-001
  -5.8753303404E+000   1.8385889145E-001
  -5.7207163841E+000   1.8295204365E-001
  -5.5661024278E+000   1.8245559462E-001
  -5.4114884714E+000   1.8237103400E-001
  -5.2568745151E+000   1.8267163120E-001
  -5.1022605588E+000   1.8331756988E-001
  -4.9476466025E+000   1.8428764093E-001
  -4.7930326461E+000   1.8563110715E-001
  -4.6384186898E+000   1.8754987483E-001
  -4.4838047335E+000   1.9053887940E-001
  -4.3291907772E+000   1.9565455428E-001
  -4.1745768208E+000   2.0507122256E-001
  -4.0199628645E+000   2.2318916528E-001
  -3.8653489082E+000   2.5850875551E-001
  -3.7107349518E+000   3.2621576254E-001
  -3.5561209955E+000   4.5244866454E-001
  -3.4015070392E+000   6.8619695795E-001
  -3.2468930829E+000   1.1159938104E+000
  -3.0922791265E+000   1.8026220735E+000
  -2.9376651702E+000   2.5010860601E+000
  -2.7830512139E+000   2.6323725417E+000
  -2.6284372576E+000   2.0589596734E+000
  -2.4738233012E+000   1.3158414985E+000
  -2.3192093449E+000   7.9812666950E-001
  -2.1645953886E+000   5.0920428943E-001
  -2.0099814323E+000   3.5277455973E-001
  -1.8553674759E+000   2.6766664119E-001
  -1.7007535196E+000   2.2210844222E-001
  -1.5461395633E+000   1.9795392616E-001
  -1.3915256069E+000   1.8481526913E-001
  -1.2369116506E+000   1.7718846076E-001
  -1.0822976943E+000   1.7233008291E-001
  -9.2768373796E-001   1.6890672248E-001
  -7.7306978164E-001   1.6628682490E-001
  -6.1845582531E-001   1.6419953333E-001
  -4.6384186898E-001   1.6256275345E-001
  -3.0922791265E-001   1.6138641181E-001
  -1.5461395633E-001   1.6071286987E-001
   0.0000000000E+000   1.6057968075E-001
   1.5461395633E-001   1.6099986908E-001
   3.0922791265E-001   1.6195608409E-001
   4.6384186898E-001   1.6340625260E-001
   6.1845582531E-001   1.6530315855E-001
   7.7306978164E-001   1.6763164447E-001
   9.2768373796E-001   1.7046828756E-001
   1.0822976943E+000   1.7407837007E-001
   1.2369116506E+000   1.7908814942E-001
   1.3915256069E+000   1.8682642242E-001
   1.5461395633E+000   2.0003319716E-001
   1.7007535196E+000   2.2421114395E-001
   1.8553674759E+000   2.6975024154E-001
   2.0099814323E+000   3.5480381247E-001
   2.1645953886E+000   5.1115668801E-001
   2.3192093449E+000   7.9999463058E-001
   2.4738233012E+000   1.3176257557E+000
   2.6284372576E+000   2.0606526957E+000
   2.7830512139E+000   2.6339490820E+000
   2.9376651702E+000   2.5025087726E+000
   3.0922791265E+000   1.8038442142E+000
   3.2468930829E+000   1.1169730660E+000
   3.4015070392E+000   6.8691057331E-001
   3.5561209955E+000   4.5288443274E-001
   3.7107349518E+000   3.2635894313E-001
   3.8653489082E+000   2.5833935739E-001
   4.0199628645E+000   2.2268534339E-001
   4.1745768208E+000   2.0421375752E-001
   4.3291907772E+000   1.9443033877E-001
   4.4838047335E+000   1.8894309561E-001
   4.6384186898E+000   1.8558715160E-001
   4.7930326461E+000   1.8331591183E-001
   4.9476466025E+000   1.8164403218E-001
   5.1022605588E+000   1.8037841845E-001
   5.2568745151E+000   1.7947745917E-001
   5.4114884714E+000   1.7896864278E-001
   5.5661024278E+000   1.7889662220E-001
   5.7207163841E+000   1.7929153331E-001
   5.8753303404E+000   1.8015389069E-001
   6.0299442968E+000   1.8145235434E-001
   6.1845582531E+000   1.8313358299E-001
   6.3391722094E+000   1.8514765686E-001
   6.4937861657E+000   1.8749260860E-001
   6.6484001221E+000   1.9028500300E-001
   6.8030140784E+000   1.9387697826E-001
   6.9576280347E+000   1.9907107535E-001
   7.1122419910E+000   2.0755724024E-001
   7.2668559474E+000   2.2280773669E-001
   7.4214699037E+000   2.5169412513E-001
   7.5760838600E+000   3.0685321391E-001
   7.7306978164E+000   4.1006167839E-001
   7.8853117727E+000   6.0065259126E-001
   8.0399257290E+000   9.5393434732E-001
   8.1945396853E+000   1.5606056662E+000
   8.3491536417E+000   2.3133235765E+000
   8.5037675980E+000   2.6906159913E+000
   8.6583815543E+000   2.3123931188E+000
   8.8129955106E+000   1.5587105981E+000
   8.9676094670E+000   9.5102692805E-001
   9.1222234233E+000   5.9669028811E-001
   9.2768373796E+000   4.0501501908E-001
   9.4314513359E+000   3.0070847916E-001
   9.5860652923E+000   2.4445405664E-001
   9.7406792486E+000   2.1449020837E-001
   9.8952932049E+000   1.9819298846E-001
   1.0049907161E+001   1.8870181782E-001
   1.0204521118E+001   1.8255418701E-001
   1.0359135074E+001   1.7806893027E-001
   1.0513749030E+001   1.7445120806E-001
   1.0668362987E+001   1.7135534817E-001
   1.0822976943E+001   1.6867002452E-001
   1.0977590899E+001   1.6640143229E-001
   1.1132204856E+001   1.6460306408E-001
   1.1286818812E+001   1.6333157550E-001
   1.1441432768E+001   1.6262171353E-001
   1.1596046725E+001   1.6247670561E-001
   1.1750660681E+001   1.6287057975E-001
   1.1905274637E+001   1.6376316709E-001
   1.2059888594E+001   1.6513148227E-001
   1.2214502550E+001   1.6702119179E-001
   1.2369116506E+001   1.6962846759E-001
   1.2523730462E+001   1.7344032878E-001
   1.2678344419E+001   1.7950346558E-001
   1.2832958375E+001   1.8998130041E-001
   1.2987572331E+001   2.0926270774E-001
   1.3142186288E+001   2.4583643765E-001
   1.3296800244E+001   3.1487664772E-001
   1.3451414200E+001   4.4251278546E-001
   1.3606028157E+001   6.7773829361E-001
   1.3760642113E+001   1.1091157973E+000
   1.3915256069E+001   1.7974317568E+000
   1.4069870026E+001   2.4974852460E+000
   1.4224483982E+001   2.6298756438E+000
   1.4379097938E+001   2.0570691539E+000
   1.4533711895E+001   1.3145215918E+000
   1.4688325851E+001   7.9765009769E-001
   1.4842939807E+001   5.0983043883E-001
   1.4997553764E+001   3.5466423519E-001
   1.5152167720E+001   2.7090370265E-001
   1.5306781676E+001   2.2672023505E-001
   1.5461395633E+001   2.0392461836E-001
   1.5616009589E+001   1.9209648925E-001
   1.5770623545E+001   1.8570642013E-001
   1.5925237502E+001   1.8198963977E-001
   1.6079851458E+001   1.7959415587E-001
   1.6234465414E+001   1.7787262335E-001
   1.6389079371E+001   1.7654157176E-001
   1.6543693327E+001   1.7550966972E-001
   1.6698307283E+001   1.7478087849E-001
   1.6852921240E+001   1.7439457382E-001
   1.7007535196E+001   1.7438798694E-001
   1.7162149152E+001   1.7477626652E-001
   1.7316763109E+001   1.7554656854E-001
   1.7471377065E+001   1.7666380055E-001
   1.7625991021E+001   1.7809039740E-001
   1.7780604978E+001   1.7982372097E-001
   1.7935218934E+001   1.8195578336E-001
   1.8089832890E+001   1.8476993887E-001
   1.8244446847E+001   1.8891243466E-001
   1.8399060803E+001   1.9573291014E-001
   1.8553674759E+001   2.0799213693E-001
   1.8708288716E+001   2.3121350079E-001
   1.8862902672E+001   2.7580925699E-001
   1.9017516628E+001   3.5995922771E-001
   1.9172130585E+001   5.1548263342E-001
   1.9326744541E+001   8.0361922689E-001
   1.9481358497E+001   1.3207672298E+000
   1.9635972454E+001   2.0635801024E+000
   1.9790586410E+001   2.6367187285E+000
   1.9945200366E+001   2.5048196647E+000
   2.0099814323E+001   1.8054458982E+000
   2.0254428279E+001   1.1179450074E+000
   2.0409042235E+001   6.8744360589E-001
   2.0563656191E+001   4.5310591734E-001
   2.0718270148E+001   3.2633912926E-001
   2.0872884104E+001   2.5812405222E-001
   2.1027498060E+001   2.2230838874E-001
   2.1182112017E+001   2.0369968281E-001
   2.1336725973E+001   1.9379415578E-001
   2.1491339929E+001   1.8818908069E-001
   2.1645953886E+001   1.8470756434E-001
   2.1800567842E+001   1.8229032259E-001
   2.1955181798E+001   1.8043956916E-001
   2.2109795755E+001   1.7895095681E-001
   2.2264409711E+001   1.7777362826E-001
   2.2419023667E+001   1.7692849828E-001
   2.2573637624E+001   1.7645685349E-001
   2.2728251580E+001   1.7638911368E-001
   2.2882865536E+001   1.7673011613E-001
   2.3037479493E+001   1.7745721361E-001
   2.3192093449E+001   1.7853032444E-001
   2.3346707405E+001   1.7991729513E-001
   2.3501321362E+001   1.8163798690E-001
   2.3655935318E+001   1.8383393110E-001
   2.3810549274E+001   1.8688397893E-001
   2.3965163231E+001   1.9161741481E-001
   2.4119777187E+001   1.9974893404E-001
   2.4274391143E+001   2.1477064333E-001
   2.4429005100E+001   2.4356397334E-001
   2.4583619056E+001   2.9875778263E-001
   2.4738233012E+001   4.0209513682E-001
   2.4892846969E+001   5.9284770178E-001
   2.5047460925E+001   9.4624199439E-001
   2.5202074881E+001   1.5529132414E+000
   2.5356688838E+001   2.3055968258E+000
   2.5511302794E+001   2.6831171744E+000
   2.5665916750E+001   2.3055963157E+000
   2.5820530707E+001   1.5529121966E+000
   2.5975144663E+001   9.4624037123E-001
   2.6129758619E+001   5.9284544785E-001
   2.6284372576E+001   4.0209219981E-001
   2.6438986532E+001   2.9875411653E-001
   2.6593600488E+001   2.4355954153E-001
   2.6748214445E+001   2.1476542002E-001
   2.6902828401E+001   1.9974290597E-001
   2.7057442357E+001   1.9161058423E-001
   2.7212056314E+001   1.8687636814E-001
   2.7366670270E+001   1.8382558789E-001
   2.7521284226E+001   1.8162899066E-001
   2.7675898183E+001   1.7990776353E-001
   2.7830512139E+001   1.7852042054E-001
   2.7985126095E+001   1.7744715342E-001
   2.8139740052E+001   1.7672017685E-001
   2.8294354008E+001   1.7637964234E-001
   2.8448967964E+001   1.7644827571E-001
   2.8603581920E+001   1.7692132663E-001
   2.8758195877E+001   1.7776847012E-001
   2.8912809833E+001   1.7894852060E-001
   2.9067423789E+001   1.8044066844E-001
   2.9222037746E+001   1.8229587758E-001
   2.9376651702E+001   1.8471860031E-001
   2.9531265658E+001   1.8820672202E-001
   2.9685879615E+001   1.9381961423E-001
   2.9840493571E+001   2.0373423776E-001
   2.9995107527E+001   2.2235335731E-001
   3.0149721484E+001   2.5818075318E-001
   3.0304335440E+001   3.2640885585E-001
   3.0458949396E+001   4.5318993794E-001
   3.0613563353E+001   6.8754320034E-001
   3.0768177309E+001   1.1180615919E+000
   3.0922791265E+001   1.8055814879E+000
   3.1077405222E+001   2.5049778754E+000
   3.1232019178E+001   2.6369056069E+000
   3.1386633134E+001   2.0638035041E+000
   3.1541247091E+001   1.3210350747E+000
   3.1695861047E+001   8.0393847590E-001
   3.1850475003E+001   5.1585952642E-001
   3.2005088960E+001   3.6039977193E-001
   3.2159702916E+001   2.7631942203E-001
   3.2314316872E+001   2.3179932512E-001
   3.2468930829E+001   2.0865989137E-001
   3.2623544785E+001   1.9648926055E-001
   3.2778158741E+001   1.8976455538E-001
   3.2932772698E+001   1.8572559464E-001
   3.3087386654E+001   1.8302341413E-001
   3.3242000610E+001   1.8101254600E-001
   3.3396614567E+001   1.7941053505E-001
   3.3551228523E+001   1.7812639007E-001
   3.3705842479E+001   1.7716387656E-001
   3.3860456436E+001   1.7656176198E-001
