  -3.4015070392E+001   1.7635874453E-001
  -3.3860456436E+001   1.7656510945E-001
  -3.3705842479E+001   1.7716811092E-001
  -3.3551228523E+001   1.7813142880E-001
  -3.3396614567E+001   1.7941630486E-001
  -3.3242000610E+001   1.8101898716E-001
  -3.3087386654E+001   1.8303048400E-001
  -3.2932772698E+001   1.8573326983E-001
  -3.2778158741E+001   1.8977283150E-001
  -3.2623544785E+001   1.9649814925E-001
  -3.2468930829E+001   2.0866941462E-001
  -3.2314316872E+001   2.3180950704E-001
  -3.2159702916E+001   2.7633027898E-001
  -3.2005088960E+001   3.6041130220E-001
  -3.1850475003E+001   5.1587170516E-001
  -3.1695861047E+001   8.0395127507E-001
  -3.1541247091E+001   1.3210485277E+000
  -3.1386633134E+001   2.0638177074E+000
  -3.1232019178E+001   2.6369204324E+000
  -3.1077405222E+001   2.5049927949E+000
  -3.0922791265E+001   1.8055960804E+000
  -3.0768177309E+001   1.1180758486E+000
  -3.0613563353E+001   6.8755721220E-001
  -3.0458949396E+001   4.5320370943E-001
  -3.0304335440E+001   3.2642235487E-001
  -3.0149721484E+001   2.5819396244E-001
  -2.9995107527E+001   2.2236628268E-001
  -2.9840493571E+001   2.0374690035E-001
  -2.9685879615E+001   1.9383204012E-001
  -2.9531265658E+001   1.8821893296E-001
  -2.9376651702E+001   1.8473060653E-001
  -2.9222037746E+001   1.8230767314E-001
  -2.9067423789E+001   1.8045222940E-001
  -2.8912809833E+001   1.7895980584E-001
  -2.8758195877E+001   1.7777942423E-001
  -2.8603581920E+001   1.7693188401E-001
  -2.8448967964E+001   1.7645836515E-001
  -2.8294354008E+001   1.7638919179E-001
  -2.8139740052E+001   1.7672911811E-001
  -2.7985126095E+001   1.7745542682E-001
  -2.7830512139E+001   1.7852797959E-001
  -2.7675898183E+001   1.7991457953E-001
  -2.7521284226E+001   1.8163505689E-001
  -2.7366670270E+001   1.8383092273E-001
  -2.7212056314E+001   1.8688101646E-001
  -2.7057442357E+001   1.9161461635E-001
  -2.6902828401E+001   1.9974641365E-001
  -2.6748214445E+001   2.1476850983E-001
  -2.6593600488E+001   2.4356232607E-001
  -2.6438986532E+001   2.9875670425E-001
  -2.6284372576E+001   4.0209468513E-001
  -2.6129758619E+001   5.9284791059E-001
  -2.5975144663E+001   9.4624290993E-001
  -2.5820530707E+001   1.5529149932E+000
  -2.5665916750E+001   2.3055995515E+000
  -2.5511302794E+001   2.6831206829E+000
  -2.5356688838E+001   2.3056001410E+000
  -2.5202074881E+001   1.5529161825E+000
  -2.5047460925E+001   9.4624471828E-001
  -2.4892846969E+001   5.9285036350E-001
  -2.4738233012E+001   4.0209781179E-001
  -2.4583619056E+001   2.9876053506E-001
  -2.4429005100E+001   2.4356689037E-001
  -2.4274391143E+001   2.1477383364E-001
  -2.4119777187E+001   1.9975251689E-001
  -2.3965163231E+001   1.9162150942E-001
  -2.3810549274E+001   1.8688869607E-001
  -2.3655935318E+001   1.8383936714E-001
  -2.3501321362E+001   1.8164422060E-001
  -2.3346707405E+001   1.7992438723E-001
  -2.3192093449E+001   1.7853831956E-001
  -2.3037479493E+001   1.7746614384E-001
  -2.2882865536E+001   1.7674000576E-001
  -2.2728251580E+001   1.7639998437E-001
  -2.2573637624E+001   1.7646872955E-001
  -2.2419023667E+001   1.7694141187E-001
  -2.2264409711E+001   1.7778762455E-001
  -2.2109795755E+001   1.7896609889E-001
  -2.1955181798E+001   1.8045594228E-001
  -2.1800567842E+001   1.8230803747E-001
  -2.1645953886E+001   1.8472675868E-001
  -2.1491339929E+001   1.8820991812E-001
  -2.1336725973E+001   1.9381682198E-001
  -2.1182112017E+001   2.0372437929E-001
  -2.1027498060E+001   2.2233532501E-001
  -2.0872884104E+001   2.5815343698E-001
  -2.0718270148E+001   3.2637116162E-001
  -2.0563656191E+001   4.5314078471E-001
  -2.0409042235E+001   6.8748151292E-001
  -2.0254428279E+001   1.1179862496E+000
  -2.0099814323E+001   1.8054908289E+000
  -1.9945200366E+001   2.5048682088E+000
  -1.9790586410E+001   2.6367697775E+000
  -1.9635972454E+001   2.0636319977E+000
  -1.9481358497E+001   1.3208187963E+000
  -1.9326744541E+001   8.0366980536E-001
  -1.9172130585E+001   5.1553154099E-001
  -1.9017516628E+001   3.6000547887E-001
  -1.8862902672E+001   2.7585153279E-001
  -1.8708288716E+001   2.3125014948E-001
  -1.8553674759E+001   2.0802113453E-001
  -1.8399060803E+001   1.9575180262E-001
  -1.8244446847E+001   1.8891828460E-001
  -1.8089832890E+001   1.8475928145E-001
  -1.7935218934E+001   1.8192458893E-001
  -1.7780604978E+001   1.7976736186E-001
  -1.7625991021E+001   1.7800361892E-001
  -1.7471377065E+001   1.7654069814E-001
  -1.7316763109E+001   1.7538057344E-001
  -1.7162149152E+001   1.7456014381E-001
  -1.7007535196E+001   1.7411385111E-001
  -1.6852921240E+001   1.7405392884E-001
  -1.6698307283E+001   1.7436468959E-001
  -1.6543693327E+001   1.7500847449E-001
  -1.6389079371E+001   1.7594563708E-001
  -1.6234465414E+001   1.7717215158E-001
  -1.6079851458E+001   1.7877954173E-001
  -1.5925237502E+001   1.8105178443E-001
  -1.5770623545E+001   1.8463712444E-001
  -1.5616009589E+001   1.9088897334E-001
  -1.5461395633E+001   2.0257422562E-001
  -1.5306781676E+001   2.2522531485E-001
  -1.5152167720E+001   2.6926647651E-001
  -1.4997553764E+001   3.5289126342E-001
  -1.4842939807E+001   5.0793252434E-001
  -1.4688325851E+001   7.9564170609E-001
  -1.4533711895E+001   1.3124171077E+000
  -1.4379097938E+001   2.0548681047E+000
  -1.4224483982E+001   2.6275379457E+000
  -1.4069870026E+001   2.4949244387E+000
  -1.3915256069E+001   1.7945478812E+000
  -1.3760642113E+001   1.1058364204E+000
  -1.3606028157E+001   6.7402724148E-001
  -1.3451414200E+001   4.3835598708E-001
  -1.3296800244E+001   3.1027193432E-001
  -1.3142186288E+001   2.4079122967E-001
  -1.2987572331E+001   2.0379263511E-001
  -1.2832958375E+001   1.8410802806E-001
  -1.2678344419E+001   1.7325316150E-001
  -1.2523730462E+001   1.6684320301E-001
  -1.2369116506E+001   1.6271878578E-001
  -1.2214502550E+001   1.5983717685E-001
  -1.2059888594E+001   1.5771491985E-001
  -1.1905274637E+001   1.5615882860E-001
  -1.1750660681E+001   1.5512566535E-001
  -1.1596046725E+001   1.5464046360E-001
  -1.1441432768E+001   1.5474529921E-001
  -1.1286818812E+001   1.5546812420E-001
  -1.1132204856E+001   1.5680789213E-001
  -1.0977590899E+001   1.5873223641E-001
  -1.0822976943E+001   1.6118691622E-001
  -1.0668362987E+001   1.6412055565E-001
  -1.0513749030E+001   1.6752833450E-001
  -1.0359135074E+001   1.7152178732E-001
  -1.0204521118E+001   1.7644540822E-001
  -1.0049907161E+001   1.8309157293E-001
  -9.8952932049E+000   1.9313784563E-001
  -9.7406792486E+000   2.1004118491E-001
  -9.5860652923E+000   2.4065138219E-001
  -9.4314513359E+000   2.9757017288E-001
  -9.2768373796E+000   4.0251909107E-001
  -9.1222234233E+000   5.9475157729E-001
  -8.9676094670E+000   9.4945955910E-001
  -8.8129955106E+000   1.5571964428E+000
  -8.6583815543E+000   2.3106411001E+000
  -8.5037675980E+000   2.6887736644E+000
  -8.3491536417E+000   2.3119363891E+000
  -8.1945396853E+000   1.5599722727E+000
  -8.0399257290E+000   9.5395275181E-001
  -7.8853117727E+000   6.0114934232E-001
  -7.7306978164E+000   4.1094303171E-001
  -7.5760838600E+000   3.0808339678E-001
  -7.4214699037E+000   2.5326148104E-001
  -7.2668559474E+000   2.2470736078E-001
  -7.1122419910E+000   2.0978199776E-001
  -6.9576280347E+000   2.0160712790E-001
  -6.8030140784E+000   1.9670214863E-001
  -6.6484001221E+000   1.9336865255E-001
  -6.4937861657E+000   1.9079626444E-001
  -6.3391722094E+000   1.8862608092E-001
  -6.1845582531E+000   1.8673613463E-001
  -6.0299442968E+000   1.8512450865E-001
  -5.8753303404E+000   1.8383878578E-001
  -5.7207163841E+000   1.8293147133E-001
  -5.5661024278E+000   1.8243450724E-001
  -5.4114884714E+000   1.8234937973E-001
  -5.2568745151E+000   1.8264935584E-001
  -5.1022605588E+000   1.8329461972E-001
  -4.9476466025E+000   1.8426396743E-001
  -4.7930326461E+000   1.8560667306E-001
  -4.6384186898E+000   1.8752466103E-001
  -4.4838047335E+000   1.9051289161E-001
  -4.3291907772E+000   1.9562782899E-001
  -4.1745768208E+000   2.0504383053E-001
  -4.0199628645E+000   2.2316120812E-001
  -3.8653489082E+000   2.5848034536E-001
  -3.7107349518E+000   3.2618697413E-001
  -3.5561209955E+000   4.5241945717E-001
  -3.4015070392E+000   6.8616707144E-001
  -3.2468930829E+000   1.1159626571E+000
  -3.0922791265E+000   1.8025888570E+000
  -2.9376651702E+000   2.5010505624E+000
  -2.7830512139E+000   2.6323358819E+000
  -2.6284372576E+000   2.0589232952E+000
  -2.4738233012E+000   1.3158056442E+000
  -2.3192093449E+000   7.9809066091E-001
  -2.1645953886E+000   5.0916748571E-001
  -2.0099814323E+000   3.5273666884E-001
  -1.8553674759E+000   2.6762764560E-001
  -1.7007535196E+000   2.2206848757E-001
  -1.5461395633E+000   1.9791323439E-001
  -1.3915256069E+000   1.8477408009E-001
  -1.2369116506E+000   1.7714700340E-001
  -1.0822976943E+000   1.7228856689E-001
  -9.2768373796E-001   1.6886533941E-001
  -7.7306978164E-001   1.6624575302E-001
  -6.1845582531E-001   1.6415894333E-001
  -4.6384186898E-001   1.6252281442E-001
  -3.0922791265E-001   1.6134729638E-001
  -1.5461395633E-001   1.6067475726E-001
   0.0000000000E+000   1.6054275682E-001
   1.5461395633E-001   1.6096432292E-001
   3.0922791265E-001   1.6192210103E-001
   4.6384186898E-001   1.6337400414E-001
   6.1845582531E-001   1.6527279026E-001
   7.7306978164E-001   1.6760326321E-001
   9.2768373796E-001   1.7044194958E-001
   1.0822976943E+000   1.7405407116E-001
   1.2369116506E+000   1.7906581803E-001
   1.3915256069E+000   1.8680591639E-001
   1.5461395633E+000   2.0001430826E-001
   1.7007535196E+000   2.2419362293E-001
   1.8553674759E+000   2.6973386446E-001
   2.0099814323E+000   3.5478850351E-001
   2.1645953886E+000   5.1114269632E-001
   2.3192093449E+000   7.9998277848E-001
   2.4738233012E+000   1.3176176742E+000
   2.6284372576E+000   2.0606501226E+000
   2.7830512139E+000   2.6339512219E+000
   2.9376651702E+000   2.5025113711E+000
   3.0922791265E+000   1.8038439730E+000
   3.2468930829E+000   1.1169704881E+000
   3.4015070392E+000   6.8690766127E-001
   3.5561209955E+000   4.5288258299E-001
   3.7107349518E+000   3.2635873611E-001
   3.8653489082E+000   2.5834084095E-001
   4.0199628645E+000   2.2268825810E-001
   4.1745768208E+000   2.0421770490E-001
   4.3291907772E+000   1.9443489404E-001
   4.4838047335E+000   1.8894786488E-001
   4.6384186898E+000   1.8559179345E-001
   4.7930326461E+000   1.8332014370E-001
   4.9476466025E+000   1.8164763147E-001
   5.1022605588E+000   1.8038122058E-001
   5.2568745151E+000   1.7947935275E-001
   5.4114884714E+000   1.7896956202E-001
   5.5661024278E+000   1.7889653770E-001
   5.7207163841E+000   1.7929044251E-001
   5.8753303404E+000   1.8015180909E-001
   6.0299442968E+000   1.8144930845E-001
   6.1845582531E+000   1.8312960536E-001
   6.3391722094E+000   1.8514278352E-001
   6.4937861657E+000   1.8748687864E-001
   6.6484001221E+000   1.9027845999E-001
   6.8030140784E+000   1.9386967239E-001
   6.9576280347E+000   1.9906306528E-001
   7.1122419910E+000   2.0754859409E-001
   7.2668559474E+000   2.2279853321E-001
   7.4214699037E+000   2.5168445891E-001
   7.5760838600E+000   3.0684320925E-001
   7.7306978164E+000   4.1005151293E-001
   7.8853117727E+000   6.0064252928E-001
   8.0399257290E+000   9.5392479917E-001
   8.1945396853E+000   1.5605972436E+000
   8.3491536417E+000   2.3133168424E+000
   8.5037675980E+000   2.6906107912E+000
   8.6583815543E+000   2.3123886384E+000
   8.8129955106E+000   1.5587063971E+000
   8.9676094670E+000   9.5102316685E-001
   9.1222234233E+000   5.9668719804E-001
   9.2768373796E+000   4.0501269045E-001
   9.4314513359E+000   3.0070692128E-001
   9.5860652923E+000   2.4445325936E-001
   9.7406792486E+000   2.1449016763E-001
   9.8952932049E+000   1.9819371536E-001
   1.0049907161E+001   1.8870334000E-001
   1.0204521118E+001   1.8255654602E-001
   1.0359135074E+001   1.7807217733E-001
   1.0513749030E+001   1.7445539959E-001
   1.0668362987E+001   1.7136054165E-001
   1.0822976943E+001   1.6867627519E-001
   1.0977590899E+001   1.6640879077E-001
   1.1132204856E+001   1.6461157515E-001
   1.1286818812E+001   1.6334127800E-001
   1.1441432768E+001   1.6263264141E-001
   1.1596046725E+001   1.6248888995E-001
   1.1750660681E+001   1.6288405141E-001
   1.1905274637E+001   1.6377795969E-001
   1.2059888594E+001   1.6514763488E-001
   1.2214502550E+001   1.6703875065E-001
   1.2369116506E+001   1.6964748643E-001
   1.2523730462E+001   1.7346086721E-001
   1.2678344419E+001   1.7952558585E-001
   1.2832958375E+001   1.9000506248E-001
   1.2987572331E+001   2.0928816206E-001
   1.3142186288E+001   2.4586361375E-001
   1.3296800244E+001   3.1490553701E-001
   1.3451414200E+001   4.4254332307E-001
   1.3606028157E+001   6.7777035907E-001
   1.3760642113E+001   1.1091492560E+000
   1.3915256069E+001   1.7974664768E+000
   1.4069870026E+001   2.4975208728E+000
   1.4224483982E+001   2.6299113353E+000
   1.4379097938E+001   2.0571040453E+000
   1.4533711895E+001   1.3145554266E+000
   1.4688325851E+001   7.9768303023E-001
   1.4842939807E+001   5.0986265464E-001
   1.4997553764E+001   3.5469588942E-001
   1.5152167720E+001   2.7093495963E-001
   1.5306781676E+001   2.2675127656E-001
   1.5461395633E+001   2.0395563124E-001
   1.5616009589E+001   1.9212765193E-001
   1.5770623545E+001   1.8573789242E-001
   1.5925237502E+001   1.8202155544E-001
   1.6079851458E+001   1.7962661755E-001
   1.6234465414E+001   1.7790570012E-001
   1.6389079371E+001   1.7657529935E-001
   1.6543693327E+001   1.7554405294E-001
   1.6698307283E+001   1.7481589522E-001
   1.6852921240E+001   1.7443017967E-001
   1.7007535196E+001   1.7442412013E-001
   1.7162149152E+001   1.7481285269E-001
   1.7316763109E+001   1.7558352557E-001
   1.7471377065E+001   1.7670104331E-001
   1.7625991021E+001   1.7812784250E-001
   1.7780604978E+001   1.7986129137E-001
   1.7935218934E+001   1.8199341216E-001
   1.8089832890E+001   1.8480757177E-001
   1.8244446847E+001   1.8895003018E-001
   1.8399060803E+001   1.9577043713E-001
   1.8553674759E+001   2.0802956938E-001
   1.8708288716E+001   2.3125081029E-001
   1.8862902672E+001   2.7584640347E-001
   1.9017516628E+001   3.5999614974E-001
   1.9172130585E+001   5.1551924381E-001
   1.9326744541E+001   8.0365543336E-001
   1.9481358497E+001   1.3208030004E+000
   1.9635972454E+001   2.0636154671E+000
   1.9790586410E+001   2.6367534931E+000
   1.9945200366E+001   2.5048532360E+000
   2.0099814323E+001   1.8054777941E+000
   2.0254428279E+001   1.1179751630E+000
   2.0409042235E+001   6.8747206075E-001
   2.0563656191E+001   4.5313262925E-001
   2.0718270148E+001   3.2636402401E-001
   2.0872884104E+001   2.5814707514E-001
   2.1027498060E+001   2.2232951333E-001
   2.1182112017E+001   2.0371890295E-001
   2.1336725973E+001   1.9381147553E-001
   2.1491339929E+001   1.8820450514E-001
   2.1645953886E+001   1.8472109239E-001
   2.1800567842E+001   1.8230194221E-001
   2.1955181798E+001   1.8044925544E-001
   2.2109795755E+001   1.7895867263E-001
   2.2264409711E+001   1.7777932690E-001
   2.2419023667E+001   1.7693212723E-001
   2.2573637624E+001   1.7645835872E-001
   2.2728251580E+001   1.7638844403E-001
   2.2882865536E+001   1.7672722763E-001
   2.3037479493E+001   1.7745207370E-001
   2.3192093449E+001   1.7852291624E-001
   2.3346707405E+001   1.7990762156E-001
   2.3501321362E+001   1.8162607443E-001
   2.3655935318E+001   1.8381983246E-001
   2.3810549274E+001   1.8686777403E-001
   2.3965163231E+001   1.9159920920E-001
   2.4119777187E+001   1.9972885443E-001
   2.4274391143E+001   2.1474883042E-001
   2.4429005100E+001   2.4354057250E-001
   2.4583619056E+001   2.9873293300E-001
   2.4738233012E+001   4.0206896113E-001
   2.4892846969E+001   5.9282030583E-001
   2.5047460925E+001   9.4621350137E-001
   2.5202074881E+001   1.5528838589E+000
   2.5356688838E+001   2.3055667645E+000
   2.5511302794E+001   2.6830863045E+000
   2.5665916750E+001   2.3055642161E+000
   2.5820530707E+001   1.5528787385E+000
   2.5975144663E+001   9.4620576774E-001
   2.6129758619E+001   5.9280991015E-001
   2.6284372576E+001   4.0205585609E-001
   2.6438986532E+001   2.9871707914E-001
   2.6593600488E+001   2.4352194140E-001
   2.6748214445E+001   2.1472740647E-001
   2.6902828401E+001   1.9970463663E-001
   2.7057442357E+001   1.9157221450E-001
   2.7212056314E+001   1.8683804204E-001
   2.7366670270E+001   1.8378743122E-001
   2.7521284226E+001   1.8159110684E-001
   2.7675898183E+001   1.7987023232E-001
   2.7830512139E+001   1.7848329931E-001
   2.7985126095E+001   1.7741048010E-001
   2.8139740052E+001   1.7668397400E-001
   2.8294354008E+001   1.7634392155E-001
   2.8448967964E+001   1.7641304208E-001
   2.8603581920E+001   1.7688658327E-001
   2.8758195877E+001   1.7773422260E-001
   2.8912809833E+001   1.7891478154E-001
   2.9067423789E+001   1.8040746182E-001
   2.9222037746E+001   1.8226324265E-001
   2.9376651702E+001   1.8468659419E-001
   2.9531265658E+001   1.8817542027E-001
   2.9685879615E+001   1.9378910881E-001
   2.9840493571E+001   2.0370463209E-001
   2.9995107527E+001   2.2232475878E-001
   3.0149721484E+001   2.5815326369E-001
   3.0304335440E+001   3.2638256122E-001
   3.0458949396E+001   4.5316489974E-001
   3.0613563353E+001   6.8751946402E-001
   3.0768177309E+001   1.1180392380E+000
   3.0922791265E+001   1.8055606815E+000
   3.1077405222E+001   2.5049586800E+000
   3.1232019178E+001   2.6368876713E+000
   3.1386633134E+001   2.0637863678E+000
   3.1541247091E+001   1.3210186745E+000
   3.1695861047E+001   8.0392297033E-001
   3.1850475003E+001   5.1584500799E-001
   3.2005088960E+001   3.6038626853E-001
   3.2159702916E+001   2.7630696140E-001
   3.2314316872E+001   2.3178795469E-001
   3.2468930829E+001   2.0864967302E-001
   3.2623544785E+001   1.9648026018E-001
   3.2778158741E+001   1.8975683289E-001
   3.2932772698E+001   1.8571919568E-001
   3.3087386654E+001   1.8301836426E-001
   3.3242000610E+001   1.8100884760E-001
   3.3396614567E+001   1.7940816713E-001
   3.3551228523E+001   1.7812531025E-001
   3.3705842479E+001   1.7716402461E-001
   3.3860456436E+001   1.7656306410E-001
