  -3.4015070392E+001   1.7343813337E-001
  -3.3860456436E+001   1.7365134858E-001
  -3.3705842479E+001   1.7428353862E-001
  -3.3551228523E+001   1.7529728968E-001
  -3.3396614567E+001   1.7665207868E-001
  -3.3242000610E+001   1.7834180036E-001
  -3.3087386654E+001   1.8045462232E-001
  -3.2932772698E+001   1.8326979745E-001
  -3.2778158741E+001   1.8742931347E-001
  -3.2623544785E+001   1.9427846987E-001
  -3.2468930829E+001   2.0657368536E-001
  -3.2314316872E+001   2.2983405398E-001
  -3.2159702916E+001   2.7446769098E-001
  -3.2005088960E+001   3.5865052773E-001
  -3.1850475003E+001   5.1419834728E-001
  -3.1695861047E+001   8.0234882062E-001
  -3.1541247091E+001   1.3195014686E+000
  -3.1386633134E+001   2.0623129026E+000
  -3.1232019178E+001   2.6354379076E+000
  -3.1077405222E+001   2.5034991948E+000
  -3.0922791265E+001   1.8040616902E+000
  -3.0768177309E+001   1.1164845636E+000
  -3.0613563353E+001   6.8589555701E-001
  -3.0458949396E+001   4.5145549976E-001
  -3.0304335440E+001   3.2457163463E-001
  -3.0149721484E+001   2.5622750670E-001
  -2.9995107527E+001   2.2027438206E-001
  -2.9840493571E+001   2.0152354816E-001
  -2.9685879615E+001   1.9147501061E-001
  -2.9531265658E+001   1.8572981235E-001
  -2.9376651702E+001   1.8211475577E-001
  -2.9222037746E+001   1.7957410718E-001
  -2.9067423789E+001   1.7761340486E-001
  -2.8912809833E+001   1.7603131013E-001
  -2.8758195877E+001   1.7477955987E-001
  -2.8603581920E+001   1.7388114692E-001
  -2.8448967964E+001   1.7337882662E-001
  -2.8294354008E+001   1.7330380643E-001
  -2.8139740052E+001   1.7366098866E-001
  -2.7985126095E+001   1.7442706266E-001
  -2.7830512139E+001   1.7556058644E-001
  -2.7675898183E+001   1.7702741447E-001
  -2.7521284226E+001   1.7884487341E-001
  -2.7366670270E+001   1.8115151985E-001
  -2.7212056314E+001   1.8432289447E-001
  -2.7057442357E+001   1.8918473370E-001
  -2.6902828401E+001   1.9744803747E-001
  -2.6748214445E+001   2.1260115336E-001
  -2.6593600488E+001   2.4152176109E-001
  -2.6438986532E+001   2.9683502641E-001
  -2.6284372576E+001   4.0028044414E-001
  -2.6129758619E+001   5.9112659509E-001
  -2.5975144663E+001   9.4459877100E-001
  -2.5820530707E+001   1.5513344421E+000
  -2.5665916750E+001   2.3040696636E+000
  -2.5511302794E+001   2.6816176082E+000
  -2.5356688838E+001   2.3040902383E+000
  -2.5202074881E+001   1.5513757360E+000
  -2.5047460925E+001   9.4466107123E-001
  -2.4892846969E+001   5.9121032890E-001
  -2.4738233012E+001   4.0038617627E-001
  -2.4583619056E+001   2.9696345754E-001
  -2.4429005100E+001   2.4167372712E-001
  -2.4274391143E+001   2.1277762520E-001
  -2.4119777187E+001   1.9765012057E-001
  -2.3965163231E+001   1.8941366721E-001
  -2.3810549274E+001   1.8458004978E-001
  -2.3655935318E+001   1.8143839868E-001
  -2.3501321362E+001   1.7916310559E-001
  -2.3346707405E+001   1.7737875516E-001
  -2.3192093449E+001   1.7594691303E-001
  -2.3037479493E+001   1.7485037116E-001
  -2.2882865536E+001   1.7412338965E-001
  -2.2728251580E+001   1.7380752052E-001
  -2.2573637624E+001   1.7392617987E-001
  -2.2419023667E+001   1.7447456620E-001
  -2.2264409711E+001   1.7542156863E-001
  -2.2109795755E+001   1.7672452487E-001
  -2.1955181798E+001   1.7836053291E-001
  -2.1800567842E+001   1.8037794598E-001
  -2.1645953886E+001   1.8297819398E-001
  -2.1491339929E+001   1.8665583397E-001
  -2.1336725973E+001   1.9246670355E-001
  -2.1182112017E+001   2.0258412010E-001
  -2.1027498060E+001   2.2140718577E-001
  -2.0872884104E+001   2.5743607120E-001
  -2.0718270148E+001   3.2585968822E-001
  -2.0563656191E+001   4.5282697048E-001
  -2.0409042235E+001   6.8735455323E-001
  -2.0254428279E+001   1.1180352728E+000
  -2.0099814323E+001   1.8057078596E+000
  -1.9945200366E+001   2.5052428943E+000
  -1.9790586410E+001   2.6372784564E+000
  -1.9635972454E+001   2.0642475967E+000
  -1.9481358497E+001   1.3215276886E+000
  -1.9326744541E+001   8.0446515319E-001
  -1.9172130585E+001   5.1640408377E-001
  -1.9017516628E+001   3.6094490106E-001
  -1.8862902672E+001   2.7684956404E-001
  -1.8708288716E+001   2.3230176206E-001
  -1.8553674759E+001   2.0912480755E-001
  -1.8399060803E+001   1.9690958459E-001
  -1.8244446847E+001   1.9013579974E-001
  -1.8089832890E+001   1.8604566902E-001
  -1.7935218934E+001   1.8329235952E-001
  -1.7780604978E+001   1.8123216207E-001
  -1.7625991021E+001   1.7958389805E-001
  -1.7471377065E+001   1.7825726972E-001
  -1.7316763109E+001   1.7725606799E-001
  -1.7162149152E+001   1.7661835881E-001
  -1.7007535196E+001   1.7637901815E-001
  -1.6852921240E+001   1.7654992867E-001
  -1.6698307283E+001   1.7711425284E-001
  -1.6543693327E+001   1.7803240867E-001
  -1.6389079371E+001   1.7926211861E-001
  -1.6234465414E+001   1.8079611288E-001
  -1.6079851458E+001   1.8272217254E-001
  -1.5925237502E+001   1.8532015584E-001
  -1.5770623545E+001   1.8923393916E-001
  -1.5616009589E+001   1.9581244716E-001
  -1.5461395633E+001   2.0781810920E-001
  -1.5306781676E+001   2.3077904605E-001
  -1.5152167720E+001   2.7511539006E-001
  -1.4997553764E+001   3.5901673033E-001
  -1.4842939807E+001   5.1431208716E-001
  -1.4688325851E+001   8.0224991773E-001
  -1.4533711895E+001   1.3192274124E+000
  -1.4379097938E+001   2.0618503861E+000
  -1.4224483982E+001   2.6346433215E+000
  -1.4069870026E+001   2.5020769932E+000
  -1.3915256069E+001   1.8016692868E+000
  -1.3760642113E+001   1.1128657859E+000
  -1.3606028157E+001   6.8091278687E-001
  -1.3451414200E+001   4.4504684507E-001
  -1.3296800244E+001   3.1671883668E-001
  -1.3142186288E+001   2.4694843419E-001
  -1.2987572331E+001   2.0961833831E-001
  -1.2832958375E+001   1.8956407758E-001
  -1.2678344419E+001   1.7830492914E-001
  -1.2523730462E+001   1.7145976475E-001
  -1.2369116506E+001   1.6687321113E-001
  -1.2214502550E+001   1.6350674885E-001
  -1.2059888594E+001   1.6088122923E-001
  -1.1905274637E+001   1.5880776813E-001
  -1.1750660681E+001   1.5724737366E-001
  -1.1596046725E+001   1.5622926136E-001
  -1.1441432768E+001   1.5579964228E-001
  -1.1286818812E+001   1.5599058244E-001
  -1.1132204856E+001   1.5680515268E-001
  -1.0977590899E+001   1.5821512037E-001
  -1.0822976943E+001   1.6017037658E-001
  -1.0668362987E+001   1.6262360439E-001
  -1.0513749030E+001   1.6557383675E-001
  -1.0359135074E+001   1.6913606720E-001
  -1.0204521118E+001   1.7365764356E-001
  -1.0049907161E+001   1.7993300074E-001
  -9.8952932049E+000   1.8964076554E-001
  -9.7406792486E+000   2.0623750076E-001
  -9.5860652923E+000   2.3656997651E-001
  -9.4314513359E+000   2.9323221816E-001
  -9.2768373796E+000   3.9793121894E-001
  -9.1222234233E+000   5.8989784413E-001
  -8.9676094670E+000   9.4429229478E-001
  -8.8129955106E+000   1.5516358967E+000
  -8.6583815543E+000   2.3046314407E+000
  -8.5037675980E+000   2.6823933721E+000
  -8.3491536417E+000   2.3053663836E+000
  -8.1945396853E+000   1.5533048468E+000
  -8.0399257290E+000   9.4715245371E-001
  -7.8853117727E+000   5.9415768430E-001
  -7.7306978164E+000   4.0373329941E-001
  -7.5760838600E+000   3.0066050024E-001
  -7.4214699037E+000   2.4565299032E-001
  -7.2668559474E+000   2.1695596157E-001
  -7.1122419910E+000   2.0193931930E-001
  -6.9576280347E+000   1.9372950028E-001
  -6.8030140784E+000   1.8884812939E-001
  -6.6484001221E+000   1.8559756222E-001
  -6.4937861657E+000   1.8316715417E-001
  -6.3391722094E+000   1.8119690962E-001
  -6.1845582531E+000   1.7956311386E-001
  -6.0299442968E+000   1.7826159107E-001
  -5.8753303404E+000   1.7733724074E-001
  -5.7207163841E+000   1.7683948237E-001
  -5.5661024278E+000   1.7679673915E-001
  -5.4114884714E+000   1.7720648365E-001
  -5.2568745151E+000   1.7803741074E-001
  -5.1022605588E+000   1.7924453943E-001
  -4.9476466025E+000   1.8080091809E-001
  -4.7930326461E+000   1.8274955013E-001
  -4.6384186898E+000   1.8528567319E-001
  -4.4838047335E+000   1.8889728182E-001
  -4.3291907772E+000   1.9463374312E-001
  -4.1745768208E+000   2.0466237658E-001
  -4.0199628645E+000   2.2337687731E-001
  -3.8653489082E+000   2.5927213979E-001
  -3.7107349518E+000   3.2753057504E-001
  -3.5561209955E+000   4.5429041793E-001
  -3.4015070392E+000   6.8854516198E-001
  -3.2468930829E+000   1.1188380056E+000
  -3.0922791265E+000   1.8059614629E+000
  -2.9376651702E+000   2.5048974846E+000
  -2.7830512139E+000   2.6365706500E+000
  -2.6284372576E+000   2.0634400936E+000
  -2.4738233012E+000   1.3205514720E+000
  -2.3192093449E+000   8.0304905909E-001
  -2.1645953886E+000   5.1431613877E-001
  -2.0099814323E+000   3.5803825457E-001
  -1.8553674759E+000   2.7303508736E-001
  -1.7007535196E+000   2.2752956390E-001
  -1.5461395633E+000   2.0337373686E-001
  -1.3915256069E+000   1.9018004614E-001
  -1.2369116506E+000   1.8244606454E-001
  -1.0822976943E+000   1.7743065371E-001
  -9.2768373796E-001   1.7380305349E-001
  -7.7306978164E-001   1.7093459343E-001
  -6.1845582531E-001   1.6855745934E-001
  -4.6384186898E-001   1.6659271690E-001
  -3.0922791265E-001   1.6505358108E-001
  -1.5461395633E-001   1.6398591568E-001
   0.0000000000E+000   1.6343114788E-001
   1.5461395633E-001   1.6340676729E-001
   3.0922791265E-001   1.6390073691E-001
   4.6384186898E-001   1.6487738176E-001
   6.1845582531E-001   1.6629709780E-001
   7.7306978164E-001   1.6815350338E-001
   9.2768373796E-001   1.7053283688E-001
   1.0822976943E+000   1.7371042499E-001
   1.2369116506E+000   1.7832231498E-001
   1.3915256069E+000   1.8570608991E-001
   1.5461395633E+000   1.9860828219E-001
   1.7007535196E+000   2.2253300378E-001
   1.8553674759E+000   2.6786116433E-001
   2.0099814323E+000   3.5271944634E-001
   2.1645953886E+000   5.0884294063E-001
   2.3192093449E+000   7.9734004818E-001
   2.4738233012E+000   1.3144222295E+000
   2.6284372576E+000   2.0566851226E+000
   2.7830512139E+000   2.6292911717E+000
   2.9376651702E+000   2.4976217392E+000
   3.0922791265E+000   1.7990943270E+000
   3.2468930829E+000   1.1123108300E+000
   3.4015070392E+000   6.8211042410E-001
   3.5561209955E+000   4.4778235681E-001
   3.7107349518E+000   3.2088765299E-001
   3.8653489082E+000   2.5250172470E-001
   4.0199628645E+000   2.1652858936E-001
   4.1745768208E+000   1.9780821434E-001
   4.3291907772E+000   1.8785442880E-001
   4.4838047335E+000   1.8227498362E-001
   4.6384186898E+000   1.7890079193E-001
   4.7930326461E+000   1.7667917862E-001
   4.9476466025E+000   1.7511780621E-001
   5.1022605588E+000   1.7401632012E-001
   5.2568745151E+000   1.7332611679E-001
   5.4114884714E+000   1.7306830410E-001
   5.5661024278E+000   1.7328185668E-001
   5.7207163841E+000   1.7399179837E-001
   5.8753303404E+000   1.7519379957E-001
   6.0299442968E+000   1.7685157376E-001
   6.1845582531E+000   1.7890639280E-001
   6.3391722094E+000   1.8130228138E-001
   6.4937861657E+000   1.8403047110E-001
   6.6484001221E+000   1.8720007866E-001
   6.8030140784E+000   1.9115540048E-001
   6.9576280347E+000   1.9669108716E-001
   7.1122419910E+000   2.0548960154E-001
   7.2668559474E+000   2.2101698773E-001
   7.4214699037E+000   2.5014167209E-001
   7.5760838600E+000   3.0550350400E-001
   7.7306978164E+000   4.0889179316E-001
   7.8853117727E+000   5.9966427971E-001
   8.0399257290E+000   9.5316803424E-001
   8.1945396853E+000   1.5601422954E+000
   8.3491536417E+000   2.3132137233E+000
   8.5037675980E+000   2.6907422648E+000
   8.6583815543E+000   2.3125130616E+000
   8.8129955106E+000   1.5586972503E+000
   8.9676094670E+000   9.5091766878E-001
   9.1222234233E+000   5.9655472075E-001
   9.2768373796E+000   4.0488642713E-001
   9.4314513359E+000   3.0058646555E-001
   9.5860652923E+000   2.4431869708E-001
   9.7406792486E+000   2.1431360641E-001
   9.8952932049E+000   1.9794812481E-001
   1.0049907161E+001   1.8836810162E-001
   1.0204521118E+001   1.8212009078E-001
   1.0359135074E+001   1.7753283026E-001
   1.0513749030E+001   1.7382126356E-001
   1.0668362987E+001   1.7064877953E-001
   1.0822976943E+001   1.6791192604E-001
   1.0977590899E+001   1.6562324395E-001
   1.1132204856E+001   1.6384085962E-001
   1.1286818812E+001   1.6262431759E-001
   1.1441432768E+001   1.6200958959E-001
   1.1596046725E+001   1.6199961547E-001
   1.1750660681E+001   1.6256680097E-001
   1.1905274637E+001   1.6366818896E-001
   1.2059888594E+001   1.6527698918E-001
   1.2214502550E+001   1.6743418441E-001
   1.2369116506E+001   1.7033052768E-001
   1.2523730462E+001   1.7444706535E-001
   1.2678344419E+001   1.8082420655E-001
   1.2832958375E+001   1.9161905831E-001
   1.2987572331E+001   2.1121431422E-001
   1.3142186288E+001   2.4809255773E-001
   1.3296800244E+001   3.1742136531E-001
   1.3451414200E+001   4.4532295609E-001
   1.3606028157E+001   6.8078375616E-001
   1.3760642113E+001   1.1123610260E+000
   1.3915256069E+001   1.8008350787E+000
   1.4069870026E+001   2.5009883791E+000
   1.4224483982E+001   2.6333966065E+000
   1.4379097938E+001   2.0605289673E+000
   1.4533711895E+001   1.3178746521E+000
   1.4688325851E+001   8.0087481547E-001
   1.4842939807E+001   5.1290997143E-001
   1.4997553764E+001   3.5758176893E-001
   1.5152167720E+001   2.7364386079E-001
   1.5306781676E+001   2.2926991391E-001
   1.5461395633E+001   2.0627318641E-001
   1.5616009589E+001   1.9423607931E-001
   1.5770623545E+001   1.8763235036E-001
   1.5925237502E+001   1.8370077338E-001
   1.6079851458E+001   1.8109309548E-001
   1.6234465414E+001   1.7916572888E-001
   1.6389079371E+001   1.7763882158E-001
   1.6543693327E+001   1.7642438060E-001
   1.6698307283E+001   1.7552929036E-001
   1.6852921240E+001   1.7499530798E-001
   1.7007535196E+001   1.7486139807E-001
   1.7162149152E+001   1.7514371987E-001
   1.7316763109E+001   1.7582968006E-001
   1.7471377065E+001   1.7688368170E-001
   1.7625991021E+001   1.7826694429E-001
   1.7780604978E+001   1.7997497878E-001
   1.7935218934E+001   1.8209740584E-001
   1.8089832890E+001   1.8491475242E-001
   1.8244446847E+001   1.8907010696E-001
   1.8399060803E+001   1.9590971808E-001
   1.8553674759E+001   2.0819082753E-001
   1.8708288716E+001   2.3143323154E-001
   1.8862902672E+001   2.7604558707E-001
   1.9017516628E+001   3.6020414441E-001
   1.9172130585E+001   5.1572478422E-001
   1.9326744541E+001   8.0384512832E-001
   1.9481358497E+001   1.3209643776E+000
   1.9635972454E+001   2.0637381540E+000
   1.9790586410E+001   2.6368199008E+000
   1.9945200366E+001   2.5048322879E+000
   2.0099814323E+001   1.8053424572E+000
   2.0254428279E+001   1.1177125896E+000
   2.0409042235E+001   6.8707234459E-001
   2.0563656191E+001   4.5258316191E-001
   2.0718270148E+001   3.2565230091E-001
   2.0872884104E+001   2.5726317088E-001
   2.1027498060E+001   2.2126686086E-001
   2.1182112017E+001   2.0247448164E-001
   2.1336725973E+001   1.9238589696E-001
   2.1491339929E+001   1.8660205389E-001
   2.1645953886E+001   1.8294969665E-001
   2.1800567842E+001   1.8037305795E-001
   2.1955181798E+001   1.7837765752E-001
   2.2109795755E+001   1.7676214621E-001
   2.2264409711E+001   1.7547825279E-001
   2.2419023667E+001   1.7454896086E-001
   2.2573637624E+001   1.7401701298E-001
   2.2728251580E+001   1.7391359724E-001
   2.2882865536E+001   1.7424358814E-001
   2.3037479493E+001   1.7498363851E-001
   2.3192093449E+001   1.7609226102E-001
   2.3346707405E+001   1.7753525536E-001
   2.3501321362E+001   1.7932988492E-001
   2.3655935318E+001   1.8161463564E-001
   2.3810549274E+001   1.8476497028E-001
   2.3965163231E+001   1.8960654037E-001
   2.4119777187E+001   1.9785025505E-001
   2.4274391143E+001   2.1298436578E-001
   2.4429005100E+001   2.4188645130E-001
   2.4583619056E+001   2.9718157319E-001
   2.4738233012E+001   4.0060912076E-001
   2.4892846969E+001   5.9143756826E-001
   2.5047460925E+001   9.4489209847E-001
   2.5202074881E+001   1.5516100686E+000
   2.5356688838E+001   2.3043274137E+000
   2.5511302794E+001   2.6818571788E+000
   2.5665916750E+001   2.3043111919E+000
   2.5820530707E+001   1.5515774996E+000
   2.5975144663E+001   9.4484293854E-001
   2.6129758619E+001   5.9137146460E-001
   2.6284372576E+001   4.0052562124E-001
   2.6438986532E+001   2.9708013226E-001
   2.6593600488E+001   2.4176643257E-001
   2.6748214445E+001   2.1284504285E-001
   2.6902828401E+001   1.9769081240E-001
   2.7057442357E+001   1.8942607572E-001
   2.7212056314E+001   1.8456249845E-001
   2.7366670270E+001   1.8138909345E-001
   2.7521284226E+001   1.7908013676E-001
   2.7675898183E+001   1.7726009942E-001
   2.7830512139E+001   1.7579043607E-001
   2.7985126095E+001   1.7465383123E-001
   2.8139740052E+001   1.7388444116E-001
   2.8294354008E+001   1.7352371794E-001
   2.8448967964E+001   1.7359498219E-001
   2.8603581920E+001   1.7409334140E-001
   2.8758195877E+001   1.7498759736E-001
   2.8912809833E+001   1.7623500358E-001
   2.9067423789E+001   1.7781257608E-001
   2.9222037746E+001   1.7976858646E-001
   2.9376651702E+001   1.8230438131E-001
   2.9531265658E+001   1.8591443022E-001
   2.9685879615E+001   1.9165447465E-001
   2.9840493571E+001   2.0169771938E-001
   2.9995107527E+001   2.2044312844E-001
   3.0149721484E+001   2.5639070315E-001
   3.0304335440E+001   3.2472916272E-001
   3.0458949396E+001   4.5160724724E-001
   3.0613563353E+001   6.8604141782E-001
   3.0768177309E+001   1.1166244378E+000
   3.0922791265E+001   1.8041954835E+000
   3.1077405222E+001   2.5036268184E+000
   3.1232019178E+001   2.6355592783E+000
   3.1386633134E+001   2.0624279424E+000
   3.1541247091E+001   1.3196101045E+000
   3.1695861047E+001   8.0245098466E-001
   3.1850475003E+001   5.1429397649E-001
   3.2005088960E+001   3.5873956376E-001
   3.2159702916E+001   2.7455007997E-001
   3.2314316872E+001   2.2990974675E-001
   3.2468930829E+001   2.0664263719E-001
   3.2623544785E+001   1.9434064021E-001
   3.2778158741E+001   1.8748466605E-001
   3.2932772698E+001   1.8331830038E-001
   3.3087386654E+001   1.8049624770E-001
   3.3242000610E+001   1.7837652429E-001
   3.3396614567E+001   1.7667988142E-001
   3.3551228523E+001   1.7531815556E-001
   3.3705842479E+001   1.7429745575E-001
   3.3860456436E+001   1.7365830906E-001
