  -3.4015070392E+001   1.7635716620E-001
  -3.3860456436E+001   1.7656260034E-001
  -3.3705842479E+001   1.7716475354E-001
  -3.3551228523E+001   1.7812730100E-001
  -3.3396614567E+001   1.7941147537E-001
  -3.3242000610E+001   1.8101351133E-001
  -3.3087386654E+001   1.8302440029E-001
  -3.2932772698E+001   1.8572659778E-001
  -3.2778158741E+001   1.8976557199E-001
  -3.2623544785E+001   1.9649028742E-001
  -3.2468930829E+001   2.0866092567E-001
  -3.2314316872E+001   2.3180036432E-001
  -3.2159702916E+001   2.7632046386E-001
  -3.2005088960E+001   3.6040081432E-001
  -3.1850475003E+001   5.1586056752E-001
  -3.1695861047E+001   8.0393951412E-001
  -3.1541247091E+001   1.3210361090E+000
  -3.1386633134E+001   2.0638045338E+000
  -3.1232019178E+001   2.6369066305E+000
  -3.1077405222E+001   2.5049788895E+000
  -3.0922791265E+001   1.8055824898E+000
  -3.0768177309E+001   1.1180625808E+000
  -3.0613563353E+001   6.8754417626E-001
  -3.0458949396E+001   4.5319090043E-001
  -3.0304335440E+001   3.2640980424E-001
  -3.0149721484E+001   2.5818168680E-001
  -2.9995107527E+001   2.2235427548E-001
  -2.9840493571E+001   2.0373513976E-001
  -2.9685879615E+001   1.9382049926E-001
  -2.9531265658E+001   1.8820758907E-001
  -2.9376651702E+001   1.8471944816E-001
  -2.9222037746E+001   1.8229670479E-001
  -2.9067423789E+001   1.8044147332E-001
  -2.8912809833E+001   1.7894930120E-001
  -2.8758195877E+001   1.7776922423E-001
  -2.8603581920E+001   1.7692205186E-001
  -2.8448967964E+001   1.7644896942E-001
  -2.8294354008E+001   1.7638030167E-001
  -2.8139740052E+001   1.7672079871E-001
  -2.7985126095E+001   1.7744773449E-001
  -2.7830512139E+001   1.7852095719E-001
  -2.7675898183E+001   1.7990825184E-001
  -2.7521284226E+001   1.8162942636E-001
  -2.7366670270E+001   1.8382596629E-001
  -2.7212056314E+001   1.8687668405E-001
  -2.7057442357E+001   1.9161083199E-001
  -2.6902828401E+001   1.9974307933E-001
  -2.6748214445E+001   2.1476551221E-001
  -2.6593600488E+001   2.4355954529E-001
  -2.6438986532E+001   2.9875402432E-001
  -2.6284372576E+001   4.0209200368E-001
  -2.6129758619E+001   5.9284513906E-001
  -2.5975144663E+001   9.4623993905E-001
  -2.5820530707E+001   1.5529116261E+000
  -2.5665916750E+001   2.3055955841E+000
  -2.5511302794E+001   2.6831162462E+000
  -2.5356688838E+001   2.3055956515E+000
  -2.5202074881E+001   1.5529117618E+000
  -2.5047460925E+001   9.4624014364E-001
  -2.4892846969E+001   5.9284541031E-001
  -2.4738233012E+001   4.0209233425E-001
  -2.4583619056E+001   2.9875439968E-001
  -2.4429005100E+001   2.4355994199E-001
  -2.4274391143E+001   2.1476589606E-001
  -2.4119777187E+001   1.9974340342E-001
  -2.3965163231E+001   1.9161103388E-001
  -2.3810549274E+001   1.8687668249E-001
  -2.3655935318E+001   1.8382565727E-001
  -2.3501321362E+001   1.8162867878E-001
  -2.3346707405E+001   1.7990690239E-001
  -2.3192093449E+001   1.7851880486E-001
  -2.3037479493E+001   1.7744453448E-001
  -2.2882865536E+001   1.7671625586E-001
  -2.2728251580E+001   1.7637406348E-001
  -2.2573637624E+001   1.7644061905E-001
  -2.2419023667E+001   1.7691110143E-001
  -2.2264409711E+001   1.7775510851E-001
  -2.2109795755E+001   1.7893137262E-001
  -2.1955181798E+001   1.8041899863E-001
  -2.1800567842E+001   1.8226886370E-001
  -2.1645953886E+001   1.8468533460E-001
  -2.1491339929E+001   1.8816621612E-001
  -2.1336725973E+001   1.9377080966E-001
  -2.1182112017E+001   2.0367602489E-001
  -2.1027498060E+001   2.2228460521E-001
  -2.0872884104E+001   2.5810034669E-001
  -2.0718270148E+001   3.2631572461E-001
  -2.0563656191E+001   4.5308306185E-001
  -2.0409042235E+001   6.8742159402E-001
  -2.0254428279E+001   1.1179242022E+000
  -2.0099814323E+001   1.8054266486E+000
  -1.9945200366E+001   2.5048020028E+000
  -1.9790586410E+001   2.6367020759E+000
  -1.9635972454E+001   2.0635634491E+000
  -1.9481358497E+001   1.3207496633E+000
  -1.9326744541E+001   8.0360013947E-001
  -1.9172130585E+001   5.1546146709E-001
  -1.9017516628E+001   3.5993519260E-001
  -1.8862902672E+001   2.7578123477E-001
  -1.8708288716E+001   2.3118002411E-001
  -1.8553674759E+001   2.0795135367E-001
  -1.8399060803E+001   1.9568253430E-001
  -1.8244446847E+001   1.8884970132E-001
  -1.8089832890E+001   1.8469156665E-001
  -1.7935218934E+001   1.8185794113E-001
  -1.7780604978E+001   1.7970199589E-001
  -1.7625991021E+001   1.7793976448E-001
  -1.7471377065E+001   1.7647859597E-001
  -1.7316763109E+001   1.7532047021E-001
  -1.7162149152E+001   1.7450228618E-001
  -1.7007535196E+001   1.7405847968E-001
  -1.6852921240E+001   1.7400127217E-001
  -1.6698307283E+001   1.7431495837E-001
  -1.6543693327E+001   1.7496185581E-001
  -1.6389079371E+001   1.7590228885E-001
  -1.6234465414E+001   1.7713219736E-001
  -1.6079851458E+001   1.7874306656E-001
  -1.5925237502E+001   1.8101883225E-001
  -1.5770623545E+001   1.8460769813E-001
  -1.5616009589E+001   1.9086303778E-001
  -1.5461395633E+001   2.0255171380E-001
  -1.5306781676E+001   2.2520613683E-001
  -1.5152167720E+001   2.6925053042E-001
  -1.4997553764E+001   3.5287844738E-001
  -1.4842939807E+001   5.0792274370E-001
  -1.4688325851E+001   7.9563485643E-001
  -1.4533711895E+001   1.3124130131E+000
  -1.4379097938E+001   2.0548665165E+000
  -1.4224483982E+001   2.6275388257E+000
  -1.4069870026E+001   2.4949281334E+000
  -1.3915256069E+001   1.7945546232E+000
  -1.3760642113E+001   1.1058460313E+000
  -1.3606028157E+001   6.7403944339E-001
  -1.3451414200E+001   4.3837058346E-001
  -1.3296800244E+001   3.1028875853E-001
  -1.3142186288E+001   2.4081009467E-001
  -1.2987572331E+001   2.0381332656E-001
  -1.2832958375E+001   1.8413031345E-001
  -1.2678344419E+001   1.7327680141E-001
  -1.2523730462E+001   1.6686796134E-001
  -1.2369116506E+001   1.6274443809E-001
  -1.2214502550E+001   1.5986351613E-001
  -1.2059888594E+001   1.5774175957E-001
  -1.1905274637E+001   1.5618600335E-001
  -1.1750660681E+001   1.5515302960E-001
  -1.1596046725E+001   1.5466788967E-001
  -1.1441432768E+001   1.5477267500E-001
  -1.1286818812E+001   1.5549535133E-001
  -1.1132204856E+001   1.5683488443E-001
  -1.0977590899E+001   1.5875891888E-001
  -1.0822976943E+001   1.6121322404E-001
  -1.0668362987E+001   1.6414643314E-001
  -1.0513749030E+001   1.6755373384E-001
  -1.0359135074E+001   1.7154666709E-001
  -1.0204521118E+001   1.7646973203E-001
  -1.0049907161E+001   1.8311530839E-001
  -9.8952932049E+000   1.9316096387E-001
  -9.7406792486E+000   2.1006366029E-001
  -9.5860652923E+000   2.4067319179E-001
  -9.4314513359E+000   2.9759129535E-001
  -9.2768373796E+000   4.0253950542E-001
  -9.1222234233E+000   5.9477125960E-001
  -8.9676094670E+000   9.4947846593E-001
  -8.8129955106E+000   1.5572144868E+000
  -8.6583815543E+000   2.3106582396E+000
  -8.5037675980E+000   2.6887901630E+000
  -8.3491536417E+000   2.3119527502E+000
  -8.1945396853E+000   1.5599887670E+000
  -8.0399257290E+000   9.5396935066E-001
  -7.8853117727E+000   6.0116597769E-001
  -7.7306978164E+000   4.1095968732E-001
  -7.5760838600E+000   3.0810008461E-001
  -7.4214699037E+000   2.5327822473E-001
  -7.2668559474E+000   2.2472419176E-001
  -7.1122419910E+000   2.0979895310E-001
  -6.9576280347E+000   2.0162424807E-001
  -6.8030140784E+000   1.9671947594E-001
  -6.6484001221E+000   1.9338623017E-001
  -6.4937861657E+000   1.9081413585E-001
  -6.3391722094E+000   1.8864428941E-001
  -6.1845582531E+000   1.8675472307E-001
  -6.0299442968E+000   1.8514351975E-001
  -5.8753303404E+000   1.8385826283E-001
  -5.7207163841E+000   1.8295145934E-001
  -5.5661024278E+000   1.8245505402E-001
  -5.4114884714E+000   1.8237053627E-001
  -5.2568745151E+000   1.8267117538E-001
  -5.1022605588E+000   1.8331715511E-001
  -4.9476466025E+000   1.8428726664E-001
  -4.7930326461E+000   1.8563077330E-001
  -4.6384186898E+000   1.8754958210E-001
  -4.4838047335E+000   1.9053862940E-001
  -4.3291907772E+000   1.9565434963E-001
  -4.1745768208E+000   2.0507106697E-001
  -4.0199628645E+000   2.2318906336E-001
  -3.8653489082E+000   2.5850871201E-001
  -3.7107349518E+000   3.2621578079E-001
  -3.5561209955E+000   4.5244874383E-001
  -3.4015070392E+000   6.8619709005E-001
  -3.2468930829E+000   1.1159939753E+000
  -3.0922791265E+000   1.8026222428E+000
  -2.9376651702E+000   2.5010862260E+000
  -2.7830512139E+000   2.6323727475E+000
  -2.6284372576E+000   2.0589599729E+000
  -2.4738233012E+000   1.3158418968E+000
  -2.3192093449E+000   7.9812713576E-001
  -2.1645953886E+000   5.0920479514E-001
  -2.0099814323E+000   3.5277508880E-001
  -1.8553674759E+000   2.6766718671E-001
  -1.7007535196E+000   2.2210900253E-001
  -1.5461395633E+000   1.9795450199E-001
  -1.3915256069E+000   1.8481586150E-001
  -1.2369116506E+000   1.7718907002E-001
  -1.0822976943E+000   1.7233070837E-001
  -9.2768373796E-001   1.6890736243E-001
  -7.7306978164E-001   1.6628747669E-001
  -6.1845582531E-001   1.6420019358E-001
  -4.6384186898E-001   1.6256341824E-001
  -3.0922791265E-001   1.6138707689E-001
  -1.5461395633E-001   1.6071353092E-001
   0.0000000000E+000   1.6058033359E-001
   1.5461395633E-001   1.6100050986E-001
   3.0922791265E-001   1.6195670943E-001
   4.6384186898E-001   1.6340685968E-001
   6.1845582531E-001   1.6530374516E-001
   7.7306978164E-001   1.6763220904E-001
   9.2768373796E-001   1.7046882910E-001
   1.0822976943E+000   1.7407888814E-001
   1.2369116506E+000   1.7908864403E-001
   1.3915256069E+000   1.8682689397E-001
   1.5461395633E+000   2.0003364635E-001
   1.7007535196E+000   2.2421157173E-001
   1.8553674759E+000   2.6975064908E-001
   2.0099814323E+000   3.5480420131E-001
   2.1645953886E+000   5.1115706023E-001
   2.3192093449E+000   7.9999498925E-001
   2.4738233012E+000   1.3176261051E+000
   2.6284372576E+000   2.0606530399E+000
   2.7830512139E+000   2.6339494212E+000
   2.9376651702E+000   2.5025091023E+000
   3.0922791265E+000   1.8038445323E+000
   3.2468930829E+000   1.1169733771E+000
   3.4015070392E+000   6.8691088473E-001
   3.5561209955E+000   4.5288475044E-001
   3.7107349518E+000   3.2635927153E-001
   3.8653489082E+000   2.5833969974E-001
   4.0199628645E+000   2.2268570218E-001
   4.1745768208E+000   2.0421413482E-001
   4.3291907772E+000   1.9443073636E-001
   4.4838047335E+000   1.8894351508E-001
   4.6384186898E+000   1.8558759427E-001
   4.7930326461E+000   1.8331637870E-001
   4.9476466025E+000   1.8164452391E-001
   5.1022605588E+000   1.8037893528E-001
   5.2568745151E+000   1.7947800094E-001
   5.4114884714E+000   1.7896920890E-001
   5.5661024278E+000   1.7889721167E-001
   5.7207163841E+000   1.7929214473E-001
   5.8753303404E+000   1.8015452226E-001
   6.0299442968E+000   1.8145300391E-001
   6.1845582531E+000   1.8313424806E-001
   6.3391722094E+000   1.8514833463E-001
   6.4937861657E+000   1.8749329597E-001
   6.6484001221E+000   1.9028569661E-001
   6.8030140784E+000   1.9387767453E-001
   6.9576280347E+000   1.9907177049E-001
   7.1122419910E+000   2.0755793027E-001
   7.2668559474E+000   2.2280841751E-001
   7.4214699037E+000   2.5169479275E-001
   7.5760838600E+000   3.0685386488E-001
   7.7306978164E+000   4.1006231065E-001
   7.8853117727E+000   6.0065320539E-001
   8.0399257290E+000   9.5393494841E-001
   8.1945396853E+000   1.5606062648E+000
   8.3491536417E+000   2.3133241806E+000
   8.5037675980E+000   2.6906165886E+000
   8.6583815543E+000   2.3123936823E+000
   8.8129955106E+000   1.5587111168E+000
   8.9676094670E+000   9.5102741179E-001
   9.1222234233E+000   5.9669074982E-001
   9.2768373796E+000   4.0501546644E-001
   9.4314513359E+000   3.0070891549E-001
   9.5860652923E+000   2.4445448275E-001
   9.7406792486E+000   2.1449062371E-001
   9.8952932049E+000   1.9819339197E-001
   1.0049907161E+001   1.8870220833E-001
   1.0204521118E+001   1.8255456340E-001
   1.0359135074E+001   1.7806929151E-001
   1.0513749030E+001   1.7445155313E-001
   1.0668362987E+001   1.7135567609E-001
   1.0822976943E+001   1.6867033432E-001
   1.0977590899E+001   1.6640172303E-001
   1.1132204856E+001   1.6460333484E-001
   1.1286818812E+001   1.6333182536E-001
   1.1441432768E+001   1.6262194161E-001
   1.1596046725E+001   1.6247691109E-001
   1.1750660681E+001   1.6287076188E-001
   1.1905274637E+001   1.6376332524E-001
   1.2059888594E+001   1.6513161600E-001
   1.2214502550E+001   1.6702130089E-001
   1.2369116506E+001   1.6962855213E-001
   1.2523730462E+001   1.7344038914E-001
   1.2678344419E+001   1.7950350248E-001
   1.2832958375E+001   1.8998131489E-001
   1.2987572331E+001   2.0926270108E-001
   1.3142186288E+001   2.4583641133E-001
   1.3296800244E+001   3.1487660336E-001
   1.3451414200E+001   4.4251272481E-001
   1.3606028157E+001   6.7773821856E-001
   1.3760642113E+001   1.1091157101E+000
   1.3915256069E+001   1.7974316605E+000
   1.4069870026E+001   2.4974851440E+000
   1.4224483982E+001   2.6298755376E+000
   1.4379097938E+001   2.0570690443E+000
   1.4533711895E+001   1.3145214798E+000
   1.4688325851E+001   7.9764998423E-001
   1.4842939807E+001   5.0983032401E-001
   1.4997553764E+001   3.5466411845E-001
   1.5152167720E+001   2.7090358316E-001
   1.5306781676E+001   2.2672011183E-001
   1.5461395633E+001   2.0392449023E-001
   1.5616009589E+001   1.9209635481E-001
   1.5770623545E+001   1.8570627771E-001
   1.5925237502E+001   1.8198948743E-001
   1.6079851458E+001   1.7959399137E-001
   1.6234465414E+001   1.7787244422E-001
   1.6389079371E+001   1.7654137535E-001
   1.6543693327E+001   1.7550945326E-001
   1.6698307283E+001   1.7478063917E-001
   1.6852921240E+001   1.7439430886E-001
   1.7007535196E+001   1.7438769368E-001
   1.7162149152E+001   1.7477594248E-001
   1.7316763109E+001   1.7554621151E-001
   1.7471377065E+001   1.7666340865E-001
   1.7625991021E+001   1.7808996912E-001
   1.7780604978E+001   1.7982325525E-001
   1.7935218934E+001   1.8195527961E-001
   1.8089832890E+001   1.8476939699E-001
   1.8244446847E+001   1.8891185507E-001
   1.8399060803E+001   1.9573229375E-001
   1.8553674759E+001   2.0799148508E-001
   1.8708288716E+001   2.3121281522E-001
   1.8862902672E+001   2.7580853973E-001
   1.9017516628E+001   3.5995848100E-001
   1.9172130585E+001   5.1548185965E-001
   1.9326744541E+001   8.0361842864E-001
   1.9481358497E+001   1.3207664101E+000
   1.9635972454E+001   2.0635792645E+000
   1.9790586410E+001   2.6367178747E+000
   1.9945200366E+001   2.5048187951E+000
   2.0099814323E+001   1.8054450134E+000
   2.0254428279E+001   1.1179441098E+000
   2.0409042235E+001   6.8744269826E-001
   2.0563656191E+001   4.5310500171E-001
   2.0718270148E+001   3.2633820720E-001
   2.0872884104E+001   2.5812312497E-001
   2.1027498060E+001   2.2230745725E-001
   2.1182112017E+001   2.0369874767E-001
   2.1336725973E+001   1.9379321720E-001
   2.1491339929E+001   1.8818813842E-001
   2.1645953886E+001   1.8470661767E-001
   2.1800567842E+001   1.8228937033E-001
   2.1955181798E+001   1.8043860969E-001
   2.2109795755E+001   1.7894998811E-001
   2.2264409711E+001   1.7777264795E-001
   2.2419023667E+001   1.7692750375E-001
   2.2573637624E+001   1.7645584195E-001
   2.2728251580E+001   1.7638808223E-001
   2.2882865536E+001   1.7672906188E-001
   2.3037479493E+001   1.7745613374E-001
   2.3192093449E+001   1.7852921631E-001
   2.3346707405E+001   1.7991615634E-001
   2.3501321362E+001   1.8163681537E-001
   2.3655935318E+001   1.8383272517E-001
   2.3810549274E+001   1.8688273736E-001
   2.3965163231E+001   1.9161613686E-001
   2.4119777187E+001   1.9974761946E-001
   2.4274391143E+001   2.1476929234E-001
   2.4429005100E+001   2.4356258660E-001
   2.4583619056E+001   2.9875636119E-001
   2.4738233012E+001   4.0209368208E-001
   2.4892846969E+001   5.9284621546E-001
   2.5047460925E+001   9.4624047867E-001
   2.5202074881E+001   1.5529116992E+000
   2.5356688838E+001   2.3055952602E+000
   2.5511302794E+001   2.6831155872E+000
   2.5665916750E+001   2.3055947074E+000
   2.5820530707E+001   1.5529105691E+000
   2.5975144663E+001   9.4623872850E-001
   2.6129758619E+001   5.9284379391E-001
   2.6284372576E+001   4.0209053830E-001
   2.6438986532E+001   2.9875245098E-001
   2.6593600488E+001   2.4355787547E-001
   2.6748214445E+001   2.1476375696E-001
   2.6902828401E+001   1.9974124931E-001
   2.7057442357E+001   1.9160893723E-001
   2.7212056314E+001   1.8687473381E-001
   2.7366670270E+001   1.8382396900E-001
   2.7521284226E+001   1.8162738969E-001
   2.7675898183E+001   1.7990618268E-001
   2.7830512139E+001   1.7851886177E-001
   2.7985126095E+001   1.7744561847E-001
   2.8139740052E+001   1.7671866729E-001
   2.8294354008E+001   1.7637815963E-001
   2.8448967964E+001   1.7644682123E-001
   2.8603581920E+001   1.7691990178E-001
   2.8758195877E+001   1.7776707631E-001
   2.8912809833E+001   1.7894715938E-001
   2.9067423789E+001   1.8043934147E-001
   2.9222037746E+001   1.8229458673E-001
   2.9376651702E+001   1.8471734769E-001
   2.9531265658E+001   1.8820550997E-001
   2.9685879615E+001   1.9381844536E-001
   2.9840493571E+001   2.0373311488E-001
   2.9995107527E+001   2.2235228344E-001
   3.0149721484E+001   2.5817973144E-001
   3.0304335440E+001   3.2640788942E-001
   3.0458949396E+001   4.5318902999E-001
   3.0613563353E+001   6.8754235402E-001
   3.0768177309E+001   1.1180608106E+000
   3.0922791265E+001   1.8055807753E+000
   3.1077405222E+001   2.5049772345E+000
   3.1232019178E+001   2.6369050385E+000
   3.1386633134E+001   2.0638030085E+000
   3.1541247091E+001   1.3210346537E+000
   3.1695861047E+001   8.0393813219E-001
   3.1850475003E+001   5.1585926216E-001
   3.2005088960E+001   3.6039958858E-001
   3.2159702916E+001   2.7631932062E-001
   3.2314316872E+001   2.3179930631E-001
   3.2468930829E+001   2.0865995543E-001
   3.2623544785E+001   1.9648940728E-001
   3.2778158741E+001   1.8976478409E-001
   3.2932772698E+001   1.8572590406E-001
   3.3087386654E+001   1.8302380245E-001
   3.3242000610E+001   1.8101301083E-001
   3.3396614567E+001   1.7941107348E-001
   3.3551228523E+001   1.7812699871E-001
   3.3705842479E+001   1.7716455159E-001
   3.3860456436E+001   1.7656249923E-001
