   0.000        -11.74938297        -11.74938297        -11.74938297         -7.09223080         -7.09223080         -7.09223080
   0.054        -11.68078899        -11.68078899        -11.68078899         -7.07800245         -7.07800245         -7.07800245
   0.108        -11.47826576        -11.47826576        -11.47826576         -7.08404875         -7.08404875         -7.08404875
   0.161        -11.15078354        -11.15078354        -11.15078354         -7.10968781         -7.10968781         -7.10968781
   0.215        -10.71274662        -10.71274662        -10.71274662         -7.15360212         -7.15360212         -7.15360212
   0.269        -10.18376446        -10.18376446        -10.18376446         -7.21392012         -7.21392012         -7.21392012
   0.323         -9.58655262         -9.58655262         -9.58655262         -7.28832483         -7.28832483         -7.28832483
   0.376         -8.94510460         -8.94510460         -8.94510460         -7.37414837         -7.37414837         -7.37414837
   0.430         -8.28246784         -8.28246784         -8.28246784         -7.46847105         -7.46847105         -7.46847105
   0.484         -7.61861515         -7.61861515         -7.61861515         -7.56820107         -7.56820107         -7.56820107
   0.538         -6.96960592         -6.96960592         -6.96960592         -7.67016363         -7.67016363         -7.67016363
   0.591         -6.34781408         -6.34781408         -6.34781408         -7.77119780         -7.77119780         -7.77119780
   0.645         -5.76285219         -5.76285219         -5.76285219         -7.86825228         -7.86825228         -7.86825228
   0.699         -5.22314787         -5.22314787         -5.22314787         -7.95849419         -7.95849419         -7.95849419
   0.753         -4.73690224         -4.73690224         -4.73690224         -8.03939533         -8.03939533         -8.03939533
   0.807         -4.31279898         -4.31279898         -4.31279898         -8.10880375         -8.10880375         -8.10880375
   0.860         -3.96003675         -3.96003675         -3.96003675         -8.16496468         -8.16496468         -8.16496468
   0.914         -3.68758273         -3.68758273         -3.68758273         -8.20652008         -8.20652008         -8.20652008
   0.968         -3.50325656         -3.50325656         -3.50325656         -8.23247814         -8.23247814         -8.23247814
   1.022         -3.41285181         -3.41285181         -3.41285181         -8.24217033         -8.24217033         -8.24217033
   1.075         -3.41936636         -3.41936636         -3.41936636         -8.23522186         -8.23522186         -8.23522186
   1.129         -3.52256775         -3.52256775         -3.52256775         -8.21151829         -8.21151829         -8.21151829
   1.183         -3.71908259         -3.71908259         -3.71908259         -8.17120838         -8.17120838         -8.17120838
   1.237         -4.00275326         -4.00275326         -4.00275326         -8.11470699         -8.11470699         -8.11470699
   1.290         -4.36551285         -4.36551285         -4.36551285         -8.04272366         -8.04272366         -8.04272366
   1.344         -4.79835606         -4.79835606         -4.79835606         -7.95629692         -7.95629692         -7.95629692
   1.398         -5.29213142         -5.29213142         -5.29213142         -7.85683918         -7.85683918         -7.85683918
   1.452         -5.83826447         -5.83826447         -5.83826447         -7.74615717         -7.74615717         -7.74615717
   1.506         -6.42854357         -6.42854357         -6.42854357         -7.62646008         -7.62646008         -7.62646008
   1.559         -7.05442762         -7.05442762         -7.05442762         -7.50032043         -7.50032043         -7.50032043
   1.613         -7.70598364         -7.70598364         -7.70598364         -7.37060499         -7.37060499         -7.37060499
   1.667         -8.37044811         -8.37044811         -8.37044811         -7.24038887         -7.24038887         -7.24038887
   1.721         -9.03122044         -9.03122044         -9.03122044         -7.11283970         -7.11283970         -7.11283970
   1.774         -9.66772461         -9.66772461         -9.66772461         -7.00518894         -7.00518894         -7.00518894
   1.828        -10.25687504        -10.25687504        -10.25687504         -6.90644598         -6.90644598         -6.90644598
   1.882        -10.77449894        -10.77449894        -10.77449894         -6.81950331         -6.81950331         -6.81950331
   1.936        -11.19816971        -11.19816971        -11.19816971         -6.74698496         -6.74698496         -6.74698496
   1.989        -11.50916672        -11.50916672        -11.50916672         -6.69115782         -6.69115782         -6.69115782
   2.043        -11.69357014        -11.69357014        -11.69357014         -6.65381861         -6.65381861         -6.65381861
   2.097        -11.74330521        -11.74330521        -11.74330521         -6.63620329         -6.63620329         -6.63620329
   2.151        -11.65622902        -11.65622902        -11.65622902         -6.63890553         -6.63890553         -6.63890553
   2.205        -11.43605042        -11.43605042        -11.43605042         -6.66182804         -6.66182804         -6.66182804
   2.258        -11.09260464        -11.09260464        -11.09260464         -6.70419979         -6.70419979         -6.70419979
   2.312        -10.64106178        -10.64106178        -10.64106178         -6.76462173         -6.76462173         -6.76462173
   2.366        -10.10146904        -10.10146904        -10.10146904         -6.84115648         -6.84115648         -6.84115648
   2.420         -9.49685860         -9.49685860         -9.49685860         -6.93143177         -6.93143177         -6.93143177
   2.473         -8.85135841         -8.85135841         -8.85135841         -7.03274202         -7.03274202         -7.03274202
   2.527         -8.18755913         -8.18755913         -8.18755913         -7.14213705         -7.14213705         -7.14213705
   2.581         -7.52494097         -7.52494097         -7.52494097         -7.25650978         -7.25650978         -7.25650978
   2.635         -6.87909460         -6.87909460         -6.87909460         -7.37268257         -7.37268257         -7.37268257
   2.688         -6.26184034         -6.26184034         -6.26184034         -7.48749971         -7.48749971         -7.48749971
   2.742         -5.68274117         -5.68274117         -5.68274117         -7.59793615         -7.59793615         -7.59793615
   2.796         -5.14986897         -5.14986897         -5.14986897         -7.70119476         -7.70119476         -7.70119476
   2.850         -4.67163134         -4.67163134         -4.67163134         -7.79479647         -7.79479647         -7.79479647
   2.904         -4.25686264         -4.25686264         -4.25686264         -7.87664270         -7.87664270         -7.87664270
   2.957         -3.91463113         -3.91463113         -3.91463113         -7.94503403         -7.94503403         -7.94503403
   3.011         -3.65381646         -3.65381646         -3.65381646         -7.99866295         -7.99866295         -7.99866295
   3.065         -3.48211527         -3.48211527         -3.48211527         -8.03658581         -8.03658581         -8.03658581
   3.119         -3.40492463         -3.40492463         -3.40492463         -8.05817604         -8.05817604         -8.05817604
   3.172         -3.42478180         -3.42478180         -3.42478180         -8.06309223         -8.06309223         -8.06309223
   3.226         -3.54107165         -3.54107165         -3.54107165         -8.05126095         -8.05126095         -8.05126095
   3.280         -3.74997354         -3.74997354         -3.74997354         -8.02286339         -8.02286339         -8.02286339
   3.334         -4.04501820         -4.04501820         -4.04501820         -7.97835159         -7.97835159         -7.97835159
   3.388         -4.41797352         -4.41797352         -4.41797352         -7.91847897         -7.91847897         -7.91847897
   3.441         -4.85973930         -4.85973930         -4.85973930         -7.84433460         -7.84433460         -7.84433460
   3.495         -5.36123514         -5.36123514         -5.36123514         -7.75738144         -7.75738144         -7.75738144
   3.549         -5.91393709         -5.91393709         -5.91393709         -7.65948296         -7.65948296         -7.65948296
   3.603         -6.50965643         -6.50965643         -6.50965643         -7.55289650         -7.55289650         -7.55289650
   3.656         -7.13977861         -7.13977861         -7.13977861         -7.44024467         -7.44024467         -7.44024467
   3.710         -7.79405403         -7.79405403         -7.79405403         -7.32442760         -7.32442760         -7.32442760
   3.764         -8.45915985         -8.45915985         -8.45915985         -7.20853710         -7.20853710         -7.20853710
   3.818         -9.11799908         -9.11799908         -9.11799908         -7.09574842         -7.09574842         -7.09574842
   3.871         -9.74955177         -9.74955177         -9.74955177         -6.98922253         -6.98922253         -6.98922253
   3.925        -10.33037376        -10.33037376        -10.33037376         -6.89201307         -6.89201307         -6.89201307
   3.979        -10.83659458        -10.83659458        -10.83659458         -6.80697966         -6.80697966         -6.80697966
   4.033        -11.24602032        -11.24602032        -11.24602032         -6.73670340         -6.73670340         -6.73670340
   4.087        -11.54049397        -11.54049397        -11.54049397         -6.68339157         -6.68339157         -6.68339157
   4.140        -11.70696926        -11.70696926        -11.70696926         -6.64877176         -6.64877176         -6.64877176
   4.194        -11.73819828        -11.73819828        -11.73819828         -6.63399553         -6.63399553         -6.63399553
   4.248        -11.63267040        -11.63267040        -11.63267040         -6.63956451         -6.63956451         -6.63956451
   4.302        -11.39509010        -11.39509010        -11.39509010         -6.66528797         -6.66528797         -6.66528797
   4.355        -11.03590298        -11.03590298        -11.03590298         -6.71030331         -6.71030331         -6.71030331
   4.409        -10.57117081        -10.57117081        -10.57117081         -6.77313471         -6.77313471         -6.77313471
   4.463        -10.02143192        -10.02143192        -10.02143192         -6.85177851         -6.85177851         -6.85177851
   4.517         -9.40989113         -9.40989113         -9.40989113         -6.94381046         -6.94381046         -6.94381046
   4.570         -8.76072693         -8.76072693         -8.76072693         -7.04648590         -7.04648590         -7.04648590
   4.624         -8.09610653         -8.09610653         -8.09610653         -7.15682936         -7.15682936         -7.15682936
   4.678         -7.43505239         -7.43505239         -7.43505239         -7.27171755         -7.27171755         -7.27171755
   4.732         -6.79256868         -6.79256868         -6.79256868         -7.38796949         -7.38796949         -7.38796949
   4.786         -6.18011713         -6.18011713         -6.18011713         -7.50244188         -7.50244188         -7.50244188
   4.839         -5.60682440         -5.60682440         -5.60682440         -7.61213398         -7.61213398         -7.61213398
   4.893         -5.08106089         -5.08106089         -5.08106089         -7.71428442         -7.71428442         -7.71428442
   4.947         -4.61106205         -4.61106205         -4.61106205         -7.80646753         -7.80646753         -7.80646753
   5.001         -4.20568800         -4.20568800         -4.20568800         -7.88663387         -7.88663387         -7.88663387
   5.054         -3.87413621         -3.87413621         -3.87413621         -7.95313978         -7.95313978         -7.95313978
   5.108         -3.62517142         -3.62517142         -3.62517142         -8.00472927         -8.00472927         -8.00472927
   5.162         -3.46618629         -3.46618629         -3.46618629         -8.04050255         -8.04050255         -8.04050255
   5.216         -3.40220976         -3.40220976         -3.40220976         -8.05987453         -8.05987453         -8.05987453
   5.269         -3.43541932         -3.43541932         -3.43541932         -8.06254292         -8.06254292         -8.06254292
   5.323         -3.56474328         -3.56474328         -3.56474328         -8.04846382         -8.04846382         -8.04846382
   5.377         -3.78589535         -3.78589535         -3.78589535         -8.01785374         -8.01785374         -8.01785374
   5.431         -4.09216452         -4.09216452         -4.09216452         -7.97120762         -7.97120762         -7.97120762
   5.485         -4.47513437         -4.47513437         -4.47513437         -7.90931606         -7.90931606         -7.90931606
   5.538         -4.92567682         -4.92567682         -4.92567682         -7.83331776         -7.83331776         -7.83331776
   5.592         -5.43476868         -5.43476868         -5.43476868         -7.74472809         -7.74472809         -7.74472809
   5.646         -5.99388504         -5.99388504         -5.99388504         -7.64546537         -7.64546537         -7.64546537
   5.700         -6.59490108         -6.59490108         -6.59490108         -7.53783989         -7.53783989         -7.53783989
   5.753         -7.22909164         -7.22909164         -7.22909164         -7.42451143         -7.42451143         -7.42451143
   5.807         -7.88576317         -7.88576317         -7.88576317         -7.30841446         -7.30841446         -7.30841446
   5.861         -8.55120945         -8.55120945         -8.55120945         -7.19265509         -7.19265509         -7.19265509
   5.915         -9.20772934         -9.20772934         -9.20772934         -7.08041143         -7.08041143         -7.08041143
   5.968         -9.83386707         -9.83386707         -9.83386707         -6.97483253         -6.97483253         -6.97483253
   6.022        -10.40595627        -10.40595627        -10.40595627         -6.87894964         -6.87894964         -6.87894964
   6.076        -10.90028381        -10.90028381        -10.90028381         -6.79558992         -6.79558992         -6.79558992
   6.130        -11.29502964        -11.29502964        -11.29502964         -6.72729063         -6.72729063         -6.72729063
   6.184        -11.57277393        -11.57277393        -11.57277393         -6.67619848         -6.67619848         -6.67619848
   6.237        -11.72113132        -11.72113132        -11.72113132         -6.64396954         -6.64396954         -6.64396954
   6.291        -11.73362160        -11.73362160        -11.73362160         -6.63167477         -6.63167477         -6.63167477
   6.345        -11.60969162        -11.60969162        -11.60969162         -6.63972425         -6.63972425         -6.63972425
   6.399        -11.35474682        -11.35474682        -11.35474682         -6.66783953         -6.66783953         -6.66783953
   6.452        -10.98005581        -10.98005581        -10.98005581         -6.71507359         -6.71507359         -6.71507359
   6.506        -10.50242424        -10.50242424        -10.50242424         -6.77987623         -6.77987623         -6.77987623
   6.560         -9.94259930         -9.94259930         -9.94259930         -6.86018562         -6.86018562         -6.86018562
   6.614         -9.32447720         -9.32447720         -9.32447720         -6.95353079         -6.95353079         -6.95353079
   6.667         -8.67171097         -8.67171097         -8.67171097         -7.05713224         -7.05713224         -7.05713224
   6.721         -8.00631523         -8.00631523         -8.00631523         -7.16798973         -7.16798973         -7.16798973
   6.775         -7.34679556         -7.34679556         -7.34679556         -7.28296804         -7.28296804         -7.28296804
   6.829         -6.70748758         -6.70748758         -6.70748758         -7.39888382         -7.39888382         -7.39888382
   6.883         -6.09958601         -6.09958601         -6.09958601         -7.51260662         -7.51260662         -7.51260662
   6.936         -5.53197384         -5.53197384         -5.53197384         -7.62116003         -7.62116003         -7.62116003
   6.990         -5.01286840         -5.01286840         -5.01286840         -7.72182274         -7.72182274         -7.72182274
   7.044         -4.55068636         -4.55068636         -4.55068636         -7.81221247         -7.81221247         -7.81221247
   7.098         -4.15434313         -4.15434313         -4.15434313         -7.89033222         -7.89033222         -7.89033222
   7.151         -3.83299685         -3.83299685         -3.83299685         -7.95458364         -7.95458364         -7.95458364
   7.205         -3.59528971         -3.59528971         -3.59528971         -8.00375366         -8.00375366         -8.00375366
   7.259         -3.44830036         -3.44830036         -3.44830036         -8.03697681         -8.03697681         -8.03697681
   7.313         -3.39676666         -3.39676666         -3.39676666         -8.05369473         -8.05369473         -8.05369473
   7.366         -3.44235516         -3.44235516         -3.44235516         -8.05362701         -8.05362701         -8.05362701
   7.420         -3.58357358         -3.58357358         -3.58357358         -8.03675461         -8.03675461         -8.03675461
   7.474         -3.81576371         -3.81576371         -3.81576371         -8.00331593         -8.00331593         -8.00331593
   7.528         -4.13188696         -4.13188696         -4.13188696         -7.95382881         -7.95382881         -7.95382881
   7.582         -4.52338457         -4.52338457         -4.52338457         -7.88912106         -7.88912106         -7.88912106
   7.635         -4.98115587         -4.98115587         -4.98115587         -7.81036806         -7.81036806         -7.81036806
   7.689         -5.49616385         -5.49616385         -5.49616385         -7.71913099         -7.71913099         -7.71913099
   7.743         -6.06006956         -6.06006956         -6.06006956         -7.61737394         -7.61737394         -7.61737394
   7.797         -6.66474628         -6.66474628         -6.66474628         -7.50745583         -7.50745583         -7.50745583
   7.850         -7.30127192         -7.30127192         -7.30127192         -7.39207411         -7.39207411         -7.39207411
   7.904         -7.95878363         -7.95878363         -7.95878363         -7.27419329         -7.27419329         -7.27419329
   7.958         -8.62301445         -8.62301445         -8.62301445         -7.15693951         -7.15693951         -7.15693951
   8.012         -9.27584267         -9.27584267         -9.27584267         -7.04349661         -7.04349661         -7.04349661
   8.065         -9.89548397         -9.89548397         -9.89548397         -6.93700981         -6.93700981         -6.93700981
   8.119        -10.45803642        -10.45803642        -10.45803642         -6.84049654         -6.84049654         -6.84049654
   8.173        -10.93994236        -10.93994236        -10.93994236         -6.75676107         -6.75676107         -6.75676107
   8.227        -11.31992054        -11.31992054        -11.31992054         -6.68830538         -6.68830538         -6.68830538
   8.281        -11.58094120        -11.58094120        -11.58094120         -6.63722801         -6.63722801         -6.63722801
   8.334        -11.71155834        -11.71155834        -11.71155834         -6.60512781         -6.60512781         -6.60512781
   8.388        -11.70592976        -11.70592976        -11.70592976         -6.59299755         -6.59299755         -6.59299755
   8.442        -11.56429768        -11.56429768        -11.56429768         -6.60116577         -6.60116577         -6.60116577
   8.496        -11.29275799        -11.29275799        -11.29275799         -6.62926435         -6.62926435         -6.62926435
   8.549        -10.90340900        -10.90340900        -10.90340900         -6.67625761         -6.67625761         -6.67625761
   8.603        -10.41360569        -10.41360569        -10.41360569         -6.74051046         -6.74051046         -6.74051046
   8.657         -9.84463024         -9.84463024         -9.84463024         -6.81987762         -6.81987762         -6.81987762
   8.711         -9.22037411         -9.22037411         -9.22037411         -6.91181517         -6.91181517         -6.91181517
   8.765         -8.56439590         -8.56439590         -8.56439590         -7.01347351         -7.01347351         -7.01347351
   8.818         -7.89800453         -7.89800453         -7.89800453         -7.12179184         -7.12179184         -7.12179184
   8.872         -7.23909426         -7.23909426         -7.23909426         -7.23358250         -7.23358250         -7.23358250
   8.926         -6.60140753         -6.60140753         -6.60140753         -7.34562635         -7.34562635         -7.34562635
   8.980         -5.99563408         -5.99563408         -5.99563408         -7.45477390         -7.45477390         -7.45477390
   9.033         -5.43042564         -5.43042564         -5.43042564         -7.55804682         -7.55804682         -7.55804682
   9.087         -4.91404963         -4.91404963         -4.91404963         -7.65273857         -7.65273857         -7.65273857
   9.141         -4.45483828         -4.45483828         -4.45483828         -7.73649120         -7.73649120         -7.73649120
   9.195         -4.06193113         -4.06193113         -4.06193113         -7.80732775         -7.80732775         -7.80732775
   9.248         -3.74447560         -3.74447560         -3.74447560         -7.86367083         -7.86367083         -7.86367083
   9.302         -3.51099849         -3.51099849         -3.51099849         -7.90430737         -7.90430737         -7.90430737
   9.356         -3.36850429         -3.36850429         -3.36850429         -7.92835283         -7.92835283         -7.92835283
   9.410         -3.32143641         -3.32143641         -3.32143641         -7.93520451         -7.93520451         -7.93520451
   9.464         -3.37116623         -3.37116623         -3.37116623         -7.92450905         -7.92450905         -7.92450905
   9.517         -3.51585579         -3.51585579         -3.51585579         -7.89614105         -7.89614105         -7.89614105
   9.571         -3.75067735         -3.75067735         -3.75067735         -7.85019779         -7.85019779         -7.85019779
   9.625         -4.06850719         -4.06850719         -4.06850719         -7.78701782         -7.78701782         -7.78701782
   9.679         -4.46078682         -4.46078682         -4.46078682         -7.70720196         -7.70720196         -7.70720196
   9.732         -4.91845989         -4.91845989         -4.91845989         -7.61165380         -7.61165380         -7.61165380
   9.786         -5.43281126         -5.43281126         -5.43281126         -7.50161886         -7.50161886         -7.50161886
   9.840         -5.99568844         -5.99568844         -5.99568844         -7.37870026         -7.37870026         -7.37870026
   9.894         -6.59888124         -6.59888124         -6.59888124         -7.24486351         -7.24486351         -7.24486351
   9.947         -7.23349762         -7.23349762         -7.23349762         -7.10239124         -7.10239124         -7.10239124
  10.001         -7.88818550         -7.88818550         -7.88818550         -6.95382452         -6.95382452         -6.95382452
  10.055         -8.54815865         -8.54815865         -8.54815865         -6.80188274         -6.80188274         -6.80188274
  10.109         -9.19444752         -9.19444752         -9.19444752         -6.64936399         -6.64936399         -6.64936399
  10.163         -9.80466366         -9.80466366         -9.80466366         -6.49906158         -6.49906158         -6.49906158
  10.216        -10.35435486        -10.35435486        -10.35435486         -6.35366869         -6.35366869         -6.35366869
  10.270        -10.81965542        -10.81965542        -10.81965542         -6.21567917         -6.21567917         -6.21567917
  10.324        -11.17912006        -11.17912006        -11.17912006         -6.08728743         -6.08728743         -6.08728743
  10.378        -11.41598320        -11.41598320        -11.41598320         -5.97027826         -5.97027826         -5.97027826
  10.431        -11.51901722        -11.51901722        -11.51901722         -5.86595011         -5.86595011         -5.86595011
  10.485        -11.48304081        -11.48304081        -11.48304081         -5.77504635         -5.77504635         -5.77504635
  10.539        -11.30897045        -11.30897045        -11.30897045         -5.69775963         -5.69775963         -5.69775963
  10.593        -11.00381660        -11.00381660        -11.00381660         -5.63376856         -5.63376856         -5.63376856
  10.646        -10.58070755        -10.58070755        -10.58070755         -5.58231544         -5.58231544         -5.58231544
  10.700        -10.05776405        -10.05776405        -10.05776405         -5.54230356         -5.54230356         -5.54230356
  10.754         -9.45705605         -9.45705605         -9.45705605         -5.51238298         -5.51238298         -5.51238298
  10.808         -8.80248260         -8.80248260         -8.80248260         -5.49102783         -5.49102783         -5.49102783
  10.862         -8.11714172         -8.11714172         -8.11714172         -5.47657919         -5.47657919         -5.47657919
  10.915         -7.42170620         -7.42170620         -7.42170620         -5.46728897         -5.46728897         -5.46728897
  10.969         -6.73262644         -6.73262644         -6.73262644         -5.46134663         -5.46134663         -5.46134663
  11.023         -6.06228256         -6.06228256         -6.06228256         -5.45691299         -5.45691299         -5.45691299
  11.077         -5.41963911         -5.41963911         -5.41963911         -5.45215750         -5.45215750         -5.45215750
  11.130         -4.81165886         -4.81165886         -4.81165886         -5.44529724         -5.44529724         -5.44529724
  11.184         -4.24451447         -4.24451447         -4.24451447         -5.43462801         -5.43462801         -5.43462801
  11.238         -3.72443891         -3.72443891         -3.72443891         -5.41855955         -5.41855955         -5.41855955
  11.292         -3.25774693         -3.25774693         -3.25774693         -5.39563513         -5.39563513         -5.39563513
  11.345         -2.85053849         -2.85053849         -2.85053849         -5.36454821         -5.36454821         -5.36454821
  11.399         -2.50796556         -2.50796556         -2.50796556         -5.32416105         -5.32416105         -5.32416105
  11.453         -2.23356986         -2.23356986         -2.23356986         -5.27350664         -5.27350664         -5.27350664
  11.507         -2.02871943         -2.02871943         -2.02871943         -5.21179581         -5.21179581         -5.21179581
  11.561         -1.89246297         -1.89246297         -1.89246297         -5.13840866         -5.13840866         -5.13840866
  11.614         -1.82170391         -1.82170391         -1.82170391         -5.05288553         -5.05288553         -5.05288553
  11.668         -1.81169069         -1.81169069         -1.81169069         -4.95493078         -4.95493078         -4.95493078
  11.722         -1.85664773         -1.85664773         -1.85664773         -4.84441423         -4.84441423         -4.84441423
  11.776         -1.95036066         -1.95036066         -1.95036066         -4.72140074         -4.72140074         -4.72140074
  11.829         -2.08659315         -2.08659315         -2.08659315         -4.58619404         -4.58619404         -4.58619404
  11.883         -2.25912189         -2.25912189         -2.25912189         -4.43938541         -4.43938541         -4.43938541
  11.937         -2.46145630         -2.46145630         -2.46145630         -4.28189945         -4.28189945         -4.28189945
  11.991         -2.68630052         -2.68630052         -2.68630052         -4.11501646         -4.11501646         -4.11501646
  12.044         -2.92505288         -2.92505288         -2.92505288         -3.94035602         -3.94035602         -3.94035602
  12.098         -3.16759610         -3.16759610         -3.16759610         -3.75984001         -3.75984001         -3.75984001
  12.152         -3.40256286         -3.40256286         -3.40256286         -3.57561350         -3.57561350         -3.57561350
  12.206         -3.61805439         -3.61805439         -3.61805439         -3.38995886         -3.38995886         -3.38995886
  12.260         -3.80257893         -3.80257893         -3.80257893         -3.20519567         -3.20519567         -3.20519567
  12.313         -3.94607663         -3.94607663         -3.94607663         -3.02358270         -3.02358270         -3.02358270
  12.367         -4.04060745         -4.04060745         -4.04060745         -2.84721732         -2.84721732         -2.84721732
  12.421         -4.08073378         -4.08073378         -4.08073378         -2.67793822         -2.67793822         -2.67793822
  12.475         -4.06368876         -4.06368876         -4.06368876         -2.51724744         -2.51724744         -2.51724744
  12.528         -3.98936415         -3.98936415         -3.98936415         -2.36625457         -2.36625457         -2.36625457
  12.582         -3.86028767         -3.86028767         -3.86028767         -2.22565484         -2.22565484         -2.22565484
  12.636         -3.68162394         -3.68162394         -3.68162394         -2.09575129         -2.09575129         -2.09575129
  12.690         -3.46072006         -3.46072006         -3.46072006         -1.97650528         -1.97650528         -1.97650528
  12.743         -3.20667577         -3.20667577         -3.20667577         -1.86761081         -1.86761081         -1.86761081
  12.797         -2.92940855         -2.92940855         -2.92940855         -1.76857030         -1.76857030         -1.76857030
  12.851         -2.63861132         -2.63861132         -2.63861132         -1.67875993         -1.67875993         -1.67875993
  12.905         -2.34278846         -2.34278846         -2.34278846         -1.59746933         -1.59746933         -1.59746933
  12.959         -2.04865575         -2.04865575         -2.04865575         -1.52392137         -1.52392137         -1.52392137
  13.012         -1.76114440         -1.76114440         -1.76114440         -1.45727694         -1.45727694         -1.45727694
  13.066         -1.48372138         -1.48372138         -1.48372138         -1.39663315         -1.39663315         -1.39663315
  13.120         -1.21892273         -1.21892273         -1.21892273         -1.34102368         -1.34102368         -1.34102368
  13.174         -0.96895736         -0.96895736         -0.96895736         -1.28942847         -1.28942847         -1.28942847
  13.227         -0.73597777         -0.73597777         -0.73597777         -1.24079180         -1.24079180         -1.24079180
  13.281         -0.52220863         -0.52220863         -0.52220863         -1.19404900         -1.19404900         -1.19404900
  13.335         -0.32977441         -0.32977441         -0.32977441         -1.14816117         -1.14816117         -1.14816117
  13.389         -0.16043600         -0.16043600         -0.16043600         -1.10214579         -1.10214579         -1.10214579
  13.442         -0.01535483         -0.01535483         -0.01535483         -1.05510354         -1.05510354         -1.05510354
  13.496          0.10508049          0.10508049          0.10508049         -1.00623512         -1.00623512         -1.00623512
  13.550          0.20129344          0.20129344          0.20129344         -0.95484936         -0.95484936         -0.95484936
  13.604          0.27443436          0.27443436          0.27443436         -0.90036315         -0.90036315         -0.90036315
  13.658          0.32618770          0.32618770          0.32618770         -0.84230089         -0.84230089         -0.84230089
  13.711          0.35860595          0.35860595          0.35860595         -0.78029639         -0.78029639         -0.78029639
  13.765          0.37391981          0.37391981          0.37391981         -0.71410364         -0.71410364         -0.71410364
  13.819          0.37450844          0.37450844          0.37450844         -0.64361411         -0.64361411         -0.64361411
  13.873          0.36289099          0.36289099          0.36289099         -0.56887925         -0.56887925         -0.56887925
  13.926          0.34179875          0.34179875          0.34179875         -0.49012831         -0.49012831         -0.49012831
  13.980          0.31426263          0.31426263          0.31426263         -0.40777564         -0.40777564         -0.40777564
  14.034          0.28357208          0.28357208          0.28357208         -0.32241514         -0.32241514         -0.32241514
  14.088          0.25317222          0.25317222          0.25317222         -0.23479792         -0.23479792         -0.23479792
  14.141          0.22644280          0.22644280          0.22644280         -0.14579910         -0.14579910         -0.14579910
  14.195          0.20648879          0.20648879          0.20648879         -0.05637982         -0.05637982         -0.05637982
  14.249          0.19590344          0.19590344          0.19590344          0.03245616          0.03245616          0.03245616
  14.303          0.19666575          0.19666575          0.19666575          0.11970494          0.11970494          0.11970494
  14.357          0.21005614          0.21005614          0.21005614          0.20440544          0.20440544          0.20440544
  14.410          0.23664384          0.23664384          0.23664384          0.28568313          0.28568313          0.28568313
  14.464          0.27630275          0.27630275          0.27630275          0.36278594          0.36278594          0.36278594
  14.518          0.32821298          0.32821298          0.32821298          0.43511447          0.43511447          0.43511447
  14.572          0.39093894          0.39093894          0.39093894          0.50223482          0.50223482          0.50223482
  14.625          0.46254450          0.46254450          0.46254450          0.56387562          0.56387562          0.56387562
  14.679          0.54080427          0.54080427          0.54080427          0.61990756          0.61990756          0.61990756
  14.733          0.62346685          0.62346685          0.62346685          0.67031473          0.67031473          0.67031473
  14.787          0.70846391          0.70846391          0.70846391          0.71516585          0.71516585          0.71516585
  14.841          0.79411304          0.79411304          0.79411304          0.75459224          0.75459224          0.75459224
  14.894          0.87919313          0.87919313          0.87919313          0.78877664          0.78877664          0.78877664
  14.948          0.96281570          0.96281570          0.96281570          0.81795388          0.81795388          0.81795388
  15.002          1.04435992          1.04435992          1.04435992          0.84241688          0.84241688          0.84241688
  15.056          1.12328124          1.12328124          1.12328124          0.86252475          0.86252475          0.86252475
  15.109          1.19901633          1.19901633          1.19901633          0.87870562          0.87870562          0.87870562
  15.163          1.27093303          1.27093303          1.27093303          0.89145231          0.89145231          0.89145231
  15.217          1.33833516          1.33833516          1.33833516          0.90130955          0.90130955          0.90130955
  15.271          1.40052259          1.40052259          1.40052259          0.90885615          0.90885615          0.90885615
  15.324          1.45686305          1.45686305          1.45686305          0.91468352          0.91468352          0.91468352
  15.378          1.50683093          1.50683093          1.50683093          0.91937435          0.91937435          0.91937435
  15.432          1.55003309          1.55003309          1.55003309          0.92348415          0.92348415          0.92348415
  15.486          1.58626580          1.58626580          1.58626580          0.92752475          0.92752475          0.92752475
  15.540          1.61542964          1.61542964          1.61542964          0.93195200          0.93195200          0.93195200
  15.593          1.63749671          1.63749671          1.63749671          0.93715549          0.93715549          0.93715549
  15.647          1.65251732          1.65251732          1.65251732          0.94345069          0.94345069          0.94345069
  15.701          1.66049147          1.66049147          1.66049147          0.95107377          0.95107377          0.95107377
  15.755          1.66143155          1.66143155          1.66143155          0.96017849          0.96017849          0.96017849
  15.808          1.65531504          1.65531504          1.65531504          0.97083831          0.97083831          0.97083831
  15.862          1.64210057          1.64210057          1.64210057          0.98305005          0.98305005          0.98305005
  15.916          1.62181973          1.62181973          1.62181973          0.99674278          0.99674278          0.99674278
  15.970          1.59456241          1.59456241          1.59456241          1.01178670          1.01178670          1.01178670
  16.023          1.56054509          1.56054509          1.56054509          1.02800429          1.02800429          1.02800429
  16.077          1.52014589          1.52014589          1.52014589          1.04518068          1.04518068          1.04518068
  16.131          1.47386432          1.47386432          1.47386432          1.06307328          1.06307328          1.06307328
  16.185          1.42234814          1.42234814          1.42234814          1.08142161          1.08142161          1.08142161
  16.239          1.36629343          1.36629343          1.36629343          1.09995723          1.09995723          1.09995723
  16.292          1.30639577          1.30639577          1.30639577          1.11841500          1.11841500          1.11841500
  16.346          1.24325109          1.24325109          1.24325109          1.13654387          1.13654387          1.13654387
  16.400          1.17740154          1.17740154          1.17740154          1.15411675          1.15411675          1.15411675
  16.454          1.10933053          1.10933053          1.10933053          1.17093885          1.17093885          1.17093885
  16.507          1.03956592          1.03956592          1.03956592          1.18685031          1.18685031          1.18685031
  16.561          0.96888304          0.96888304          0.96888304          1.20172763          1.20172763          1.20172763
  16.615          0.89838290          0.89838290          0.89838290          1.21548009          1.21548009          1.21548009
  16.669          0.82965481          0.82965481          0.82965481          1.22804475          1.22804475          1.22804475
  16.722          0.76469457          0.76469457          0.76469457          1.23938358          1.23938358          1.23938358
  16.776          0.70580393          0.70580393          0.70580393          1.24947870          1.24947870          1.24947870
  16.830          0.65534812          0.65534812          0.65534812          1.25833297          1.25833297          1.25833297
  16.884          0.61550778          0.61550778          0.61550778          1.26596785          1.26596785          1.26596785
  16.938          0.58806270          0.58806270          0.58806270          1.27242494          1.27242494          1.27242494
  16.991          0.57424462          0.57424462          0.57424462          1.27776456          1.27776456          1.27776456
  17.045          0.57464951          0.57464951          0.57464951          1.28206456          1.28206456          1.28206456
  17.099          0.58921319          0.58921319          0.58921319          1.28541780          1.28541780          1.28541780
  17.153          0.61720115          0.61720115          0.61720115          1.28792787          1.28792787          1.28792787
  17.206          0.65726292          0.65726292          0.65726292          1.28970671          1.28970671          1.28970671
  17.260          0.70753282          0.70753282          0.70753282          1.29086924          1.29086924          1.29086924
  17.314          0.76578450          0.76578450          0.76578450          1.29153121          1.29153121          1.29153121
  17.368          0.82967269          0.82967269          0.82967269          1.29180777          1.29180777          1.29180777
  17.421          0.89697027          0.89697027          0.89697027          1.29181123          1.29181123          1.29181123
  17.475          0.96579689          0.96579689          0.96579689          1.29165208          1.29165208          1.29165208
  17.529          1.03472567          1.03472567          1.03472567          1.29143929          1.29143929          1.29143929
  17.583          1.10277605          1.10277605          1.10277605          1.29128158          1.29128158          1.29128158
  17.637          1.16929686          1.16929686          1.16929686          1.29128659          1.29128659          1.29128659
  17.690          1.23383665          1.23383665          1.23383665          1.29156172          1.29156172          1.29156172
  17.744          1.29595387          1.29595387          1.29595387          1.29221308          1.29221308          1.29221308
  17.798          1.35518324          1.35518324          1.35518324          1.29334235          1.29334235          1.29334235
  17.852          1.41093254          1.41093254          1.41093254          1.29504693          1.29504693          1.29504693
  17.905          1.46258235          1.46258235          1.46258235          1.29741669          1.29741669          1.29741669
  17.959          1.50950944          1.50950944          1.50950944          1.30053318          1.30053318          1.30053318
  18.013          1.55118692          1.55118692          1.55118692          1.30446827          1.30446827          1.30446827
  18.067          1.58721185          1.58721185          1.58721185          1.30928445          1.30928445          1.30928445
  18.120          1.61741304          1.61741304          1.61741304          1.31503582          1.31503582          1.31503582
  18.174          1.64180350          1.64180350          1.64180350          1.32176876          1.32176876          1.32176876
  18.228          1.66061270          1.66061270          1.66061270          1.32952154          1.32952154          1.32952154
  18.282          1.67426991          1.67426991          1.67426991          1.33832228          1.33832228          1.33832228
  18.336          1.68333185          1.68333185          1.68333185          1.34818399          1.34818399          1.34818399
  18.389          1.68849909          1.68849909          1.68849909          1.35909688          1.35909688          1.35909688
  18.443          1.69045317          1.69045317          1.69045317          1.37101960          1.37101960          1.37101960
  18.497          1.68995166          1.68995166          1.68995166          1.38387203          1.38387203          1.38387203
  18.551          1.68765593          1.68765593          1.68765593          1.39752829          1.39752829          1.39752829
  18.604          1.68418825          1.68418825          1.68418825          1.41181457          1.41181457          1.41181457
  18.658          1.68007171          1.68007171          1.68007171          1.42651272          1.42651272          1.42651272
  18.712          1.67573035          1.67573035          1.67573035          1.44136584          1.44136584          1.44136584
  18.766          1.67146945          1.67146945          1.67146945          1.45608759          1.45608759          1.45608759
  18.819          1.66747355          1.66747355          1.66747355          1.47037446          1.47037446          1.47037446
  18.873          1.66388297          1.66388297          1.66388297          1.48391843          1.48391843          1.48391843
  18.927          1.66066837          1.66066837          1.66066837          1.49642015          1.49642015          1.49642015
  18.981          1.65780258          1.65780258          1.65780258          1.50760186          1.50760186          1.50760186
  19.035          1.65519428          1.65519428          1.65519428          1.51721907          1.51721907          1.51721907
  19.088          1.65273178          1.65273178          1.65273178          1.52506864          1.52506864          1.52506864
  19.142          1.65030563          1.65030563          1.65030563          1.53099310          1.53099310          1.53099310
  19.196          1.64781857          1.64781857          1.64781857          1.53487980          1.53487980          1.53487980
  19.250          1.64520872          1.64520872          1.64520872          1.53665507          1.53665507          1.53665507
  19.303          1.64242303          1.64242303          1.64242303          1.53627658          1.53627658          1.53627658
  19.357          1.63943374          1.63943374          1.63943374          1.53372443          1.53372443          1.53372443
  19.411          1.63622892          1.63622892          1.63622892          1.52899599          1.52899599          1.52899599
  19.465          1.63281751          1.63281751          1.63281751          1.52210307          1.52210307          1.52210307
  19.518          1.62923324          1.62923324          1.62923324          1.51307511          1.51307511          1.51307511
  19.572          1.62554121          1.62554121          1.62554121          1.50196552          1.50196552          1.50196552
  19.626          1.62180579          1.62180579          1.62180579          1.48886037          1.48886037          1.48886037
  19.680          1.61814070          1.61814070          1.61814070          1.47388530          1.47388530          1.47388530
  19.734          1.61462486          1.61462486          1.61462486          1.45721126          1.45721126          1.45721126
  19.787          1.61133981          1.61133981          1.61133981          1.43905306          1.43905306          1.43905306
  19.841          1.60830820          1.60830820          1.60830820          1.41966510          1.41966510          1.41966510
  19.895          1.60551286          1.60551286          1.60551286          1.39933240          1.39933240          1.39933240
  19.949          1.60281372          1.60281372          1.60281372          1.37835789          1.37835789          1.37835789
  20.002          1.60002589          1.60002589          1.60002589          1.35705066          1.35705066          1.35705066
  20.056          1.59680831          1.59680831          1.59680831          1.33571160          1.33571160          1.33571160
  20.110          1.59271431          1.59271431          1.59271431          1.31462240          1.31462240          1.31462240
  20.164          1.58725262          1.58725262          1.58725262          1.29403329          1.29403329          1.29403329
  20.218          1.57980037          1.57980037          1.57980037          1.27415478          1.27415478          1.27415478
  20.271          1.56967390          1.56967390          1.56967390          1.25515115          1.25515115          1.25515115
  20.325          1.55619049          1.55619049          1.55619049          1.23713934          1.23713934          1.23713934
  20.379          1.53865826          1.53865826          1.53865826          1.22019160          1.22019160          1.22019160
  20.433          1.51643646          1.51643646          1.51643646          1.20434129          1.20434129          1.20434129
  20.486          1.48901212          1.48901212          1.48901212          1.18959153          1.18959153          1.18959153
  20.540          1.45603073          1.45603073          1.45603073          1.17592442          1.17592442          1.17592442
  20.594          1.41730821          1.41730821          1.41730821          1.16330755          1.16330755          1.16330755
  20.648          1.37289608          1.37289608          1.37289608          1.15169740          1.15169740          1.15169740
  20.701          1.32303309          1.32303309          1.32303309          1.14104342          1.14104342          1.14104342
  20.755          1.26815760          1.26815760          1.26815760          1.13128686          1.13128686          1.13128686
  20.809          1.20883739          1.20883739          1.20883739          1.12235940          1.12235940          1.12235940
  20.863          1.14571404          1.14571404          1.14571404          1.11418414          1.11418414          1.11418414
  20.917          1.07941461          1.07941461          1.07941461          1.10667396          1.10667396          1.10667396
  20.970          1.01049769          1.01049769          1.01049769          1.09973335          1.09973335          1.09973335
  21.024          0.93944246          0.93944246          0.93944246          1.09326041          1.09326041          1.09326041
  21.078          0.86667919          0.86667919          0.86667919          1.08714724          1.08714724          1.08714724
  21.132          0.79269588          0.79269588          0.79269588          1.08128333          1.08128333          1.08128333
  21.185          0.71817303          0.71817303          0.71817303          1.07555664          1.07555664          1.07555664
  21.239          0.64417398          0.64417398          0.64417398          1.06985450          1.06985450          1.06985450
  21.293          0.57219785          0.57219785          0.57219785          1.06406355          1.06406355          1.06406355
  21.347          0.50417972          0.50417972          0.50417972          1.05806983          1.05806983          1.05806983
  21.400          0.44236517          0.44236517          0.44236517          1.05175769          1.05175769          1.05175769
  21.454          0.38905728          0.38905728          0.38905728          1.04500961          1.04500961          1.04500961
  21.508          0.34639311          0.34639311          0.34639311          1.03770685          1.03770685          1.03770685
  21.562          0.31611565          0.31611565          0.31611565          1.02973092          1.02973092          1.02973092
  21.616          0.29943648          0.29943648          0.29943648          1.02096629          1.02096629          1.02096629
  21.669          0.29693922          0.29693922          0.29693922          1.01130259          1.01130259          1.01130259
  21.723          0.30857044          0.30857044          0.30857044          1.00064015          1.00064015          1.00064015
  21.777          0.33362949          0.33362949          0.33362949          0.98889184          0.98889184          0.98889184
  21.831          0.37079310          0.37079310          0.37079310          0.97598684          0.97598684          0.97598684
  21.884          0.41822922          0.41822922          0.41822922          0.96187353          0.96187353          0.96187353
  21.938          0.47371691          0.47371691          0.47371691          0.94651884          0.94651884          0.94651884
  21.992          0.53490722          0.53490722          0.53490722          0.92990977          0.92990977          0.92990977
  22.046          0.59953362          0.59953362          0.59953362          0.91205281          0.91205281          0.91205281
  22.099          0.66565228          0.66565228          0.66565228          0.89297557          0.89297557          0.89297557
  22.153          0.73175633          0.73175633          0.73175633          0.87272924          0.87272924          0.87272924
  22.207          0.79677886          0.79677886          0.79677886          0.85139287          0.85139287          0.85139287
  22.261          0.85998291          0.85998291          0.85998291          0.82907820          0.82907820          0.82907820
  22.315          0.92083353          0.92083353          0.92083353          0.80593258          0.80593258          0.80593258
  22.368          0.97881901          0.97881901          0.97881901          0.78214133          0.78214133          0.78214133
  22.422          1.03337586          1.03337586          1.03337586          0.75792360          0.75792360          0.75792360
  22.476          1.08384323          1.08384323          1.08384323          0.73352718          0.73352718          0.73352718
  22.530          1.12950552          1.12950552          1.12950552          0.70921749          0.70921749          0.70921749
  22.583          1.16964805          1.16964805          1.16964805          0.68526739          0.68526739          0.68526739
  22.637          1.20363009          1.20363009          1.20363009          0.66194618          0.66194618          0.66194618
  22.691          1.23093200          1.23093200          1.23093200          0.63950908          0.63950908          0.63950908
  22.745          1.25117958          1.25117958          1.25117958          0.61818832          0.61818832          0.61818832
  22.798          1.26414132          1.26414132          1.26414132          0.59818393          0.59818393          0.59818393
  22.852          1.26972878          1.26972878          1.26972878          0.57965505          0.57965505          0.57965505
  22.906          1.26788688          1.26788688          1.26788688          0.56271046          0.56271046          0.56271046
  22.960          1.25861549          1.25861549          1.25861549          0.54740053          0.54740053          0.54740053
  23.014          1.24194193          1.24194193          1.24194193          0.53370905          0.53370905          0.53370905
  23.067          1.21782315          1.21782315          1.21782315          0.52154791          0.52154791          0.52154791
  23.121          1.18625677          1.18625677          1.18625677          0.51075464          0.51075464          0.51075464
  23.175          1.14724469          1.14724469          1.14724469          0.50109142          0.50109142          0.50109142
  23.229          1.10088754          1.10088754          1.10088754          0.49224827          0.49224827          0.49224827
  23.282          1.04736948          1.04736948          1.04736948          0.48384646          0.48384646          0.48384646
  23.336          0.98704451          0.98704451          0.98704451          0.47544491          0.47544491          0.47544491
  23.390          0.92041612          0.92041612          0.92041612          0.46654817          0.46654817          0.46654817
  23.444          0.84812200          0.84812200          0.84812200          0.45661679          0.45661679          0.45661679
  23.497          0.77089006          0.77089006          0.77089006          0.44508031          0.44508031          0.44508031
  23.551          0.68946254          0.68946254          0.68946254          0.43135515          0.43135515          0.43135515
  23.605          0.60455596          0.60455596          0.60455596          0.41486445          0.41486445          0.41486445
  23.659          0.51681364          0.51681364          0.51681364          0.39505944          0.39505944          0.39505944
  23.713          0.42682806          0.42682806          0.42682806          0.37143874          0.37143874          0.37143874
  23.766          0.33524853          0.33524853          0.33524853          0.34356257          0.34356257          0.34356257
  23.820          0.24289230          0.24289230          0.24289230          0.31105942          0.31105942          0.31105942
  23.874          0.15091425          0.15091425          0.15091425          0.27362511          0.27362511          0.27362511
  23.928          0.06086700          0.06086700          0.06086700          0.23101585          0.23101585          0.23101585
  23.981         -0.02528649         -0.02528649         -0.02528649          0.18303870          0.18303870          0.18303870
  24.035         -0.10533572         -0.10533572         -0.10533572          0.12954740          0.12954740          0.12954740
  24.089         -0.17703065         -0.17703065         -0.17703065          0.07044557          0.07044557          0.07044557
  24.143         -0.23834056         -0.23834056         -0.23834056          0.00570115          0.00570115          0.00570115
  24.196         -0.28766319         -0.28766319         -0.28766319         -0.06462705         -0.06462705         -0.06462705
  24.250         -0.32396603         -0.32396603         -0.32396603         -0.14036013         -0.14036013         -0.14036013
  24.304         -0.34684271         -0.34684271         -0.34684271         -0.22117119         -0.22117119         -0.22117119
  24.358         -0.35655951         -0.35655951         -0.35655951         -0.30656841         -0.30656841         -0.30656841
  24.412         -0.35403046         -0.35403046         -0.35403046         -0.39589784         -0.39589784         -0.39589784
  24.465         -0.34083542         -0.34083542         -0.34083542         -0.48835871         -0.48835871         -0.48835871
  24.519         -0.31917238         -0.31917238         -0.31917238         -0.58303565         -0.58303565         -0.58303565
  24.573         -0.29175720         -0.29175720         -0.29175720         -0.67893779         -0.67893779         -0.67893779
  24.627         -0.26166305         -0.26166305         -0.26166305         -0.77504075         -0.77504075         -0.77504075
  24.680         -0.23208277         -0.23208277         -0.23208277         -0.87032968         -0.87032968         -0.87032968
  24.734         -0.20611028         -0.20611028         -0.20611028         -0.96384209         -0.96384209         -0.96384209
  24.788         -0.18659027         -0.18659027         -0.18659027         -1.05470943         -1.05470943         -1.05470943
  24.842         -0.17607774         -0.17607774         -0.17607774         -1.14219439         -1.14219439         -1.14219439
  24.895         -0.17691129         -0.17691129         -0.17691129         -1.22572339         -1.22572339         -1.22572339
  24.949         -0.19132830         -0.19132830         -0.19132830         -1.30490410         -1.30490410         -1.30490410
  25.003         -0.22158018         -0.22158018         -0.22158018         -1.37953269         -1.37953269         -1.37953269
  25.057         -0.26995009         -0.26995009         -0.26995009         -1.44958186         -1.44958186         -1.44958186
  25.111         -0.33867252         -0.33867252         -0.33867252         -1.51518250         -1.51518250         -1.51518250
  25.164         -0.42976305         -0.42976305         -0.42976305         -1.57660353         -1.57660353         -1.57660353
  25.218         -0.54478121         -0.54478121         -0.54478121         -1.63423193         -1.63423193         -1.63423193
  25.272         -0.68460894         -0.68460894         -0.68460894         -1.68856633         -1.68856633         -1.68856633
  25.326         -0.84929502         -0.84929502         -0.84929502         -1.74021316         -1.74021316         -1.74021316
  25.379         -1.03800750         -1.03800750         -1.03800750         -1.78988719         -1.78988719         -1.78988719
  25.433         -1.24917376         -1.24917376         -1.24917376         -1.83841145         -1.83841145         -1.83841145
  25.487         -1.48067307         -1.48067307         -1.48067307         -1.88670802         -1.88670802         -1.88670802
  25.541         -1.73014247         -1.73014247         -1.73014247         -1.93578267         -1.93578267         -1.93578267
  25.594         -1.99523926         -1.99523926         -1.99523926         -1.98670101         -1.98670101         -1.98670101
  25.648         -2.27375817         -2.27375817         -2.27375817         -2.04055858         -2.04055858         -2.04055858
  25.702         -2.56345701         -2.56345701         -2.56345701         -2.09845233         -2.09845233         -2.09845233
  25.756         -2.86168408         -2.86168408         -2.86168408         -2.16145229         -2.16145229         -2.16145229
  25.810         -3.16482687         -3.16482687         -3.16482687         -2.23058009         -2.23058009         -2.23058009
  25.863         -3.46763062         -3.46763062         -3.46763062         -2.30679655         -2.30679655         -2.30679655
  25.917         -3.76307392         -3.76307392         -3.76307392         -2.39099455         -2.39099455         -2.39099455
  25.971         -4.04239798         -4.04239798         -4.04239798         -2.48399544         -2.48399544         -2.48399544
  26.025         -4.29577875         -4.29577875         -4.29577875         -2.58653951         -2.58653951         -2.58653951
  26.078         -4.51345396         -4.51345396         -4.51345396         -2.69926572         -2.69926572         -2.69926572
  26.132         -4.68656015         -4.68656015         -4.68656015         -2.82266855         -2.82266855         -2.82266855
  26.186         -4.80814934         -4.80814934         -4.80814934         -2.95703530         -2.95703530         -2.95703530
  26.240         -4.87359381         -4.87359381         -4.87359381         -3.10237217         -3.10237217         -3.10237217
  26.294         -4.88085032         -4.88085032         -4.88085032         -3.25832915         -3.25832915         -3.25832915
  26.347         -4.83060884         -4.83060884         -4.83060884         -3.42415047         -3.42415047         -3.42415047
  26.401         -4.72617912         -4.72617912         -4.72617912         -3.59866023         -3.59866023         -3.59866023
  26.455         -4.57356834         -4.57356834         -4.57356834         -3.78028774         -3.78028774         -3.78028774
  26.509         -4.38121891         -4.38121891         -4.38121891         -3.96713114         -3.96713114         -3.96713114
  26.562         -4.15958786         -4.15958786         -4.15958786         -4.15703869         -4.15703869         -4.15703869
  26.616         -3.92033744         -3.92033744         -3.92033744         -4.34771156         -4.34771156         -4.34771156
  26.670         -3.67534137         -3.67534137         -3.67534137         -4.53679705         -4.53679705         -4.53679705
  26.724         -3.43576884         -3.43576884         -3.43576884         -4.72198915         -4.72198915         -4.72198915
  26.777         -3.21140933         -3.21140933         -3.21140933         -4.90112352         -4.90112352         -4.90112352
  26.831         -3.01052213         -3.01052213         -3.01052213         -5.07226562         -5.07226562         -5.07226562
  26.885         -2.84010100         -2.84010100         -2.84010100         -5.23377705         -5.23377705         -5.23377705
  26.939         -2.70651579         -2.70651579         -2.70651579         -5.38436413         -5.38436413         -5.38436413
  26.993         -2.61592793         -2.61592793         -2.61592793         -5.52308941         -5.52308941         -5.52308941
  27.046         -2.57458520         -2.57458520         -2.57458520         -5.64935493         -5.64935493         -5.64935493
  27.100         -2.58873677         -2.58873677         -2.58873677         -5.76285696         -5.76285696         -5.76285696
  27.154         -2.66414857         -2.66414857         -2.66414857         -5.86353731         -5.86353731         -5.86353731
  27.208         -2.80552983         -2.80552983         -2.80552983         -5.95153856         -5.95153856         -5.95153856
  27.261         -3.01588416         -3.01588416         -3.01588416         -6.02717781         -6.02717781         -6.02717781
  27.315         -3.29598451         -3.29598451         -3.29598451         -6.09093428         -6.09093428         -6.09093428
  27.369         -3.64433622         -3.64433622         -3.64433622         -6.14345169         -6.14345169         -6.14345169
  27.423         -4.05728006         -4.05728006         -4.05728006         -6.18554640         -6.18554640         -6.18554640
  27.476         -4.52951765         -4.52951765         -4.52951765         -6.21820831         -6.21820831         -6.21820831
  27.530         -5.05488443         -5.05488443         -5.05488443         -6.24260283         -6.24260283         -6.24260283
  27.584         -5.62701559         -5.62701559         -5.62701559         -6.26006365         -6.26006365         -6.26006365
  27.638         -6.23971415         -6.23971415         -6.23971415         -6.27208090         -6.27208090         -6.27208090
  27.692         -6.88679552         -6.88679552         -6.88679552         -6.28028345         -6.28028345         -6.28028345
  27.745         -7.56130981         -7.56130981         -7.56130981         -6.28641605         -6.28641605         -6.28641605
  27.799         -8.25434875         -8.25434875         -8.25434875         -6.29230309         -6.29230309         -6.29230309
  27.853         -8.95350742         -8.95350742         -8.95350742         -6.29981852         -6.29981852         -6.29981852
  27.907         -9.64239788         -9.64239788         -9.64239788         -6.31083488         -6.31083488         -6.31083488
  27.960        -10.30041599        -10.30041599        -10.30041599         -6.32719469         -6.32719469         -6.32719469
  28.014        -10.90432644        -10.90432644        -10.90432644         -6.35066605         -6.35066605         -6.35066605
  28.068        -11.43027878        -11.43027878        -11.43027878         -6.38291931         -6.38291931         -6.38291931
  28.122        -11.85624313        -11.85624313        -11.85624313         -6.42548561         -6.42548561         -6.42548561
  28.175        -12.16407585        -12.16407585        -12.16407585         -6.47970486         -6.47970486         -6.47970486
  28.229        -12.34070396        -12.34070396        -12.34070396         -6.54665899         -6.54665899         -6.54665899
  28.283        -12.37911034        -12.37911034        -12.37911034         -6.62707901         -6.62707901         -6.62707901
  28.337        -12.27836704        -12.27836704        -12.27836704         -6.72125530         -6.72125530         -6.72125530
  28.391        -12.04364014        -12.04364014        -12.04364014         -6.82895899         -6.82895899         -6.82895899
  28.444        -11.68620110        -11.68620110        -11.68620110         -6.94940710         -6.94940710         -6.94940710
  28.498        -11.22303009        -11.22303009        -11.22303009         -7.08127356         -7.08127356         -7.08127356
  28.552        -10.67542553        -10.67542553        -10.67542553         -7.22274637         -7.22274637         -7.22274637
  28.606        -10.06733608        -10.06733608        -10.06733608         -7.37161160         -7.37161160         -7.37161160
  28.659         -9.42322826         -9.42322826         -9.42322826         -7.52536011         -7.52536011         -7.52536011
  28.713         -8.76559639         -8.76559639         -8.76559639         -7.68129158         -7.68129158         -7.68129158
  28.767         -8.11341953         -8.11341953         -8.11341953         -7.83660078         -7.83660078         -7.83660078
  28.821         -7.48153496         -7.48153496         -7.48153496         -7.98847866         -7.98847866         -7.98847866
  28.874         -6.88125467         -6.88125467         -6.88125467         -8.13419724         -8.13419724         -8.13419724
  28.928         -6.32159758         -6.32159758         -6.32159758         -8.27120399         -8.27120399         -8.27120399
  28.982         -5.81053495         -5.81053495         -5.81053495         -8.39720058         -8.39720058         -8.39720058
  29.036         -5.35637331         -5.35637331         -5.35637331         -8.51021576         -8.51021576         -8.51021576
  29.090         -4.96781254         -4.96781254         -4.96781254         -8.60863495         -8.60863495         -8.60863495
  29.143         -4.65381622         -4.65381622         -4.65381622         -8.69121170         -8.69121170         -8.69121170
  29.197         -4.42294502         -4.42294502         -4.42294502         -8.75703907         -8.75703907         -8.75703907
  29.251         -4.28230762         -4.28230762         -4.28230762         -8.80551529         -8.80551529         -8.80551529
  29.305         -4.23674917         -4.23674917         -4.23674917         -8.83630657         -8.83630657         -8.83630657
  29.358         -4.28804016         -4.28804016         -4.28804016         -8.84932137         -8.84932137         -8.84932137
  29.412         -4.43483782         -4.43483782         -4.43483782         -8.84468842         -8.84468842         -8.84468842
  29.466         -4.67260695         -4.67260695         -4.67260695         -8.82276630         -8.82276630         -8.82276630
  29.520         -4.99440956         -4.99440956         -4.99440956         -8.78416157         -8.78416157         -8.78416157
  29.573         -5.39163589         -5.39163589         -5.39163589         -8.72976494         -8.72976494         -8.72976494
  29.627         -5.85511923         -5.85511923         -5.85511923         -8.66079426         -8.66079426         -8.66079426
  29.681         -6.37577724         -6.37577724         -6.37577724         -8.57883358         -8.57883358         -8.57883358
  29.735         -6.94506741         -6.94506741         -6.94506741         -8.48585796         -8.48585796         -8.48585796
  29.789         -7.55479765         -7.55479765         -7.55479765         -8.38423347         -8.38423347         -8.38423347
  29.842         -8.19623089         -8.19623089         -8.19623089         -8.27667046         -8.27667046         -8.27667046
  29.896         -8.85861969         -8.85861969         -8.85861969         -8.16615009         -8.16615009         -8.16615009
  29.950         -9.52810764         -9.52810764         -9.52810764         -8.05582428         -8.05582428         -8.05582428
  30.004        -10.18681526        -10.18681526        -10.18681526         -7.94891691         -7.94891691         -7.94891691
  30.057        -10.81338406        -10.81338406        -10.81338406         -7.84861803         -7.84861803         -7.84861803
  30.111        -11.38404655        -11.38404655        -11.38404655         -7.75799084         -7.75799084         -7.75799084
  30.165        -11.87524033        -11.87524033        -11.87524033         -7.67988729         -7.67988729         -7.67988729
  30.219        -12.26561165        -12.26561165        -12.26561165         -7.61685658         -7.61685658         -7.61685658
  30.272        -12.53787613        -12.53787613        -12.53787613         -7.57104111         -7.57104111         -7.57104111
  30.326        -12.68005848        -12.68005848        -12.68005848         -7.54407692         -7.54407692         -7.54407692
  30.380        -12.68609428        -12.68609428        -12.68609428         -7.53699970         -7.53699970         -7.53699970
  30.434        -12.55575275        -12.55575275        -12.55575275         -7.55017900         -7.55017900         -7.55017900
  30.488        -12.29477406        -12.29477406        -12.29477406         -7.58328247         -7.58328247         -7.58328247
  30.541        -11.91474915        -11.91474915        -11.91474915         -7.63531351         -7.63531351         -7.63531351
  30.595        -11.43254185        -11.43254185        -11.43254185         -7.70467329         -7.70467329         -7.70467329
  30.649        -10.86932278        -10.86932278        -10.86932278         -7.78925991         -7.78925991         -7.78925991
  30.703        -10.24882698        -10.24882698        -10.24882698         -7.88656664         -7.88656664         -7.88656664
  30.756         -9.59486008         -9.59486008         -9.59486008         -7.99378824         -7.99378824         -7.99378824
  30.810         -8.92926025         -8.92926025         -8.92926025         -8.10790443         -8.10790443         -8.10790443
  30.864         -8.27019405         -8.27019405         -8.27019405         -8.22576904         -8.22576904         -8.22576904
  30.918         -7.63198185         -7.63198185         -7.63198185         -8.34419441         -8.34419441         -8.34419441
  30.971         -7.02558470         -7.02558470         -7.02558470         -8.46005344         -8.46005344         -8.46005344
  31.025         -6.45995569         -6.45995569         -6.45995569         -8.57037926         -8.57037926         -8.57037926
  31.079         -5.94319296         -5.94319296         -5.94319296         -8.67247391         -8.67247391         -8.67247391
  31.133         -5.48378515         -5.48378515         -5.48378515         -8.76397800         -8.76397800         -8.76397800
  31.187         -5.09066200         -5.09066200         -5.09066200         -8.84292412         -8.84292412         -8.84292412
  31.240         -4.77303505         -4.77303505         -4.77303505         -8.90775394         -8.90775394         -8.90775394
  31.294         -4.53939772         -4.53939772         -4.53939772         -8.95728779         -8.95728779         -8.95728779
  31.348         -4.39687634         -4.39687634         -4.39687634         -8.99070263         -8.99070263         -8.99070263
  31.402         -4.34998941         -4.34998941         -4.34998941         -9.00747871         -9.00747871         -9.00747871
  31.455         -4.40033388         -4.40033388         -4.40033388         -9.00737762         -9.00737762         -9.00737762
  31.509         -4.54619932         -4.54619932         -4.54619932         -8.99042225         -8.99042225         -8.99042225
  31.563         -4.78286123         -4.78286123         -4.78286123         -8.95689487         -8.95689487         -8.95689487
  31.617         -5.10324430         -5.10324430         -5.10324430         -8.90735626         -8.90735626         -8.90735626
  31.671         -5.49862862         -5.49862862         -5.49862862         -8.84267712         -8.84267712         -8.84267712
  31.724         -5.95995140         -5.95995140         -5.95995140         -8.76407719         -8.76407719         -8.76407719
  31.778         -6.47822714         -6.47822714         -6.47822714         -8.67315960         -8.67315960         -8.67315960
  31.832         -7.04500961         -7.04500961         -7.04500961         -8.57192516         -8.57192516         -8.57192516
  31.886         -7.65224314         -7.65224314         -7.65224314         -8.46277046         -8.46277046         -8.46277046
  31.939         -8.29083252         -8.29083252         -8.29083252         -8.34841919         -8.34841919         -8.34841919
  31.993         -8.94969273         -8.94969273         -8.94969273         -8.23185349         -8.23185349         -8.23185349
  32.047         -9.61443138         -9.61443138         -9.61443138         -8.11620712         -8.11620712         -8.11620712
  32.101        -10.26664066        -10.26664066        -10.26664066         -8.00467014         -8.00467014         -8.00467014
  32.154        -10.88425636        -10.88425636        -10.88425636         -7.90037727         -7.90037727         -7.90037727
  32.208        -11.44342232        -11.44342232        -11.44342232         -7.80633068         -7.80633068         -7.80633068
  32.262        -11.92054939        -11.92054939        -11.92054939         -7.72531462         -7.72531462         -7.72531462
  32.316        -12.29480839        -12.29480839        -12.29480839         -7.65979958         -7.65979958         -7.65979958
  32.370        -12.54925251        -12.54925251        -12.54925251         -7.61185408         -7.61185408         -7.61185408
  32.423        -12.67270374        -12.67270374        -12.67270374         -7.58303213         -7.58303213         -7.58303213
  32.477        -12.65986919        -12.65986919        -12.65986919         -7.57428503         -7.57428503         -7.57428503
  32.531        -12.51112080        -12.51112080        -12.51112080         -7.58589411         -7.58589411         -7.58589411
  32.585        -12.23301315        -12.23301315        -12.23301315         -7.61745214         -7.61745214         -7.61745214
  32.638        -11.83788395        -11.83788395        -11.83788395         -7.66789389         -7.66789389         -7.66789389
  32.692        -11.34322929        -11.34322929        -11.34322929         -7.73556471         -7.73556471         -7.73556471
  32.746        -10.77080059        -10.77080059        -10.77080059         -7.81831694         -7.81831694         -7.81831694
  32.800        -10.14426041        -10.14426041        -10.14426041         -7.91361332         -7.91361332         -7.91361332
  32.853         -9.48740292         -9.48740292         -9.48740292         -8.01862621         -8.01862621         -8.01862621
  32.907         -8.82170200         -8.82170200         -8.82170200         -8.13032627         -8.13032627         -8.13032627
  32.961         -8.16463757         -8.16463757         -8.16463757         -8.24556255         -8.24556255         -8.24556255
  33.015         -7.53016281         -7.53016281         -7.53016281         -8.36115456         -8.36115456         -8.36115456
  33.069         -6.92878914         -6.92878914         -6.92878914         -8.47399521         -8.47399521         -8.47399521
  33.122         -6.36935234         -6.36935234         -6.36935234         -8.58114815         -8.58114815         -8.58114815
  33.176         -5.85991716         -5.85991716         -5.85991716         -8.67995358         -8.67995358         -8.67995358
  33.230         -5.40906429         -5.40906429         -5.40906429         -8.76809883         -8.76809883         -8.76809883
  33.284         -5.02574158         -5.02574158         -5.02574158         -8.84366417         -8.84366417         -8.84366417
  33.337         -4.71915531         -4.71915531         -4.71915531         -8.90513515         -8.90513515         -8.90513515
  33.391         -4.49765015         -4.49765015         -4.49765015         -8.95137215         -8.95137215         -8.95137215
  33.445         -4.36803198         -4.36803198         -4.36803198         -8.98157978         -8.98157978         -8.98157978
  33.499         -4.33447695         -4.33447695         -4.33447695         -8.99526691         -8.99526691         -8.99526691
  33.552         -4.39810705         -4.39810705         -4.39810705         -8.99221516         -8.99221516         -8.99221516
  33.606         -4.55677223         -4.55677223         -4.55677223         -8.97246552         -8.97246552         -8.97246552
  33.660         -4.80541086         -4.80541086         -4.80541086         -8.93631935         -8.93631935         -8.93631935
  33.714         -5.13662577         -5.13662577         -5.13662577         -8.88436413         -8.88436413         -8.88436413
  33.768         -5.54163361         -5.54163361         -5.54163361         -8.81749725         -8.81749725         -8.81749725
  33.821         -6.01131344         -6.01131344         -6.01131344         -8.73697567         -8.73697567         -8.73697567
  33.875         -6.53679562         -6.53679562         -6.53679562         -8.64444065         -8.64444065         -8.64444065
  33.929         -7.10969734         -7.10969734         -7.10969734         -8.54193974         -8.54193974         -8.54193974
  33.983         -7.72183800         -7.72183800         -7.72183800         -8.43190384         -8.43190384         -8.43190384
  34.036         -8.36398697         -8.36398697         -8.36398697         -8.31709003         -8.31709003         -8.31709003
  34.090         -9.02471733         -9.02471733         -9.02471733         -8.20049763         -8.20049763         -8.20049763
  34.144         -9.68902206         -9.68902206         -9.68902206         -8.08527184         -8.08527184         -8.08527184
  34.198        -10.33783627        -10.33783627        -10.33783627         -7.97459459         -7.97459459         -7.97459459
  34.251        -10.94898891        -10.94898891        -10.94898891         -7.87158346         -7.87158346         -7.87158346
  34.305        -11.49846268        -11.49846268        -11.49846268         -7.77921724         -7.77921724         -7.77921724
  34.359        -11.96287632        -11.96287632        -11.96287632         -7.70024061         -7.70024061         -7.70024061
  34.413        -12.32170868        -12.32170868        -12.32170868         -7.63707638         -7.63707638         -7.63707638
  34.467        -12.55893230        -12.55893230        -12.55893230         -7.59172773         -7.59172773         -7.59172773
  34.520        -12.66407585        -12.66407585        -12.66407585         -7.56567144         -7.56567144         -7.56567144
  34.574        -12.63260174        -12.63260174        -12.63260174         -7.55977154         -7.55977154         -7.55977154
  34.628        -12.46576118        -12.46576118        -12.46576118         -7.57421589         -7.57421589         -7.57421589
  34.682        -12.17096901        -12.17096901        -12.17096901         -7.60850286         -7.60850286         -7.60850286
  34.735        -11.76117039        -11.76117039        -11.76117039         -7.66148376         -7.66148376         -7.66148376
  34.789        -11.25467777        -11.25467777        -11.25467777         -7.73142767         -7.73142767         -7.73142767
  34.843        -10.67354202        -10.67354202        -10.67354202         -7.81613016         -7.81613016         -7.81613016
  34.897        -10.04161167        -10.04161167        -10.04161167         -7.91300869         -7.91300869         -7.91300869
  34.950         -9.38246059         -9.38246059         -9.38246059         -8.01920128         -8.01920128         -8.01920128
  35.004         -8.71695709         -8.71695709         -8.71695709         -8.13165665         -8.13165665         -8.13165665
  35.058         -8.06239605         -8.06239605         -8.06239605         -8.24721622         -8.24721622         -8.24721622
  35.112         -7.43196678         -7.43196678         -7.43196678         -8.36270046         -8.36270046         -8.36270046
  35.166         -6.83592272         -6.83592272         -6.83592272         -8.47502136         -8.47502136         -8.47502136
  35.219         -6.28289223         -6.28289223         -6.28289223         -8.58127308         -8.58127308         -8.58127308
  35.273         -5.78103304         -5.78103304         -5.78103304         -8.67883968         -8.67883968         -8.67883968
  35.327         -5.33891678         -5.33891678         -5.33891678         -8.76546001         -8.76546001         -8.76546001
  35.381         -4.96566343         -4.96566343         -4.96566343         -8.83927250         -8.83927250         -8.83927250
  35.434         -4.67024374         -4.67024374         -4.67024374         -8.89881229         -8.89881229         -8.89881229
  35.488         -4.46104145         -4.46104145         -4.46104145         -8.94298935         -8.94298935         -8.94298935
  35.542         -4.34442377         -4.34442377         -4.34442377         -8.97105503         -8.97105503         -8.97105503
  35.596         -4.32420588         -4.32420588         -4.32420588         -8.98255348         -8.98255348         -8.98255348
  35.649         -4.40107584         -4.40107584         -4.40107584         -8.97730541         -8.97730541         -8.97730541
  35.703         -4.57246017         -4.57246017         -4.57246017         -8.95538330         -8.95538330         -8.95538330
  35.757         -4.83291578         -4.83291578         -4.83291578         -8.91712856         -8.91712856         -8.91712856
  35.811         -5.17481422         -5.17481422         -5.17481422         -8.86316586         -8.86316586         -8.86316586
  35.865         -5.58930159         -5.58930159         -5.58930159         -8.79444218         -8.79444218         -8.79444218
  35.918         -6.06716919         -6.06716919         -6.06716919         -8.71226311         -8.71226311         -8.71226311
  35.972         -6.59969616         -6.59969616         -6.59969616         -8.61832809         -8.61832809         -8.61832809
  36.026         -7.17849684         -7.17849684         -7.17849684         -8.51473713         -8.51473713         -8.51473713
  36.080         -7.79539251         -7.79539251         -7.79539251         -8.40396786         -8.40396786         -8.40396786
  36.133         -8.44090652         -8.44090652         -8.44090652         -8.28881836         -8.28881836         -8.28881836
  36.187         -9.10315609         -9.10315609         -9.10315609         -8.17231369         -8.17231369         -8.17231369
  36.241         -9.76665401         -9.76665401         -9.76665401         -8.05760765         -8.05760765         -8.05760765
  36.295        -10.41183090        -10.41183090        -10.41183090         -7.94788074         -7.94788074         -7.94788074
  36.348        -11.01607895        -11.01607895        -11.01607895         -7.84623718         -7.84623718         -7.84623718
  36.402        -11.55542946        -11.55542946        -11.55542946         -7.75563049         -7.75563049         -7.75563049
  36.456        -12.00656891        -12.00656891        -12.00656891         -7.67876244         -7.67876244         -7.67876244
  36.510        -12.34975243        -12.34975243        -12.34975243         -7.61800861         -7.61800861         -7.61800861
  36.564        -12.56955051        -12.56955051        -12.56955051         -7.57530499         -7.57530499         -7.57530499
  36.617        -12.65628052        -12.65628052        -12.65628052         -7.55204773         -7.55204773         -7.55204773
  36.671        -12.60620975        -12.60620975        -12.60620975         -7.54901314         -7.54901314         -7.54901314
  36.725        -12.42149925        -12.42149925        -12.42149925         -7.56629610         -7.56629610         -7.56629610
  36.779        -12.11021137        -12.11021137        -12.11021137         -7.60330343         -7.60330343         -7.60330343
  36.832        -11.68614292        -11.68614292        -11.68614292         -7.65879869         -7.65879869         -7.65879869
  36.886        -11.16816711        -11.16816711        -11.16816711         -7.73098135         -7.73098135         -7.73098135
  36.940        -10.57875252        -10.57875252        -10.57875252         -7.81759071         -7.81759071         -7.81759071
  36.994         -9.94185257         -9.94185257         -9.94185257         -7.91600037         -7.91600037         -7.91600037
  37.047         -9.28075695         -9.28075695         -9.28075695         -8.00925541         -8.00925541         -8.00925541
  37.101         -8.61594105         -8.61594105         -8.61594105         -8.10834694         -8.10834694         -8.10834694
  37.155         -7.96401024         -7.96401024         -7.96401024         -8.21010685         -8.21010685         -8.21010685
  37.209         -7.33783674         -7.33783674         -7.33783674         -8.31136417         -8.31136417         -8.31136417
  37.263         -6.74727774         -6.74727774         -6.74727774         -8.40904713         -8.40904713         -8.40904713
  37.316         -6.20083666         -6.20083666         -6.20083666         -8.50028706         -8.50028706         -8.50028706
  37.370         -5.70667076         -5.70667076         -5.70667076         -8.58251190         -8.58251190         -8.58251190
  37.424         -5.27350807         -5.27350807         -5.27350807         -8.65351200         -8.65351200         -8.65351200
  37.478         -4.91040659         -4.91040659         -4.91040659         -8.71148109         -8.71148109         -8.71148109
  37.531         -4.62641191         -4.62641191         -4.62641191         -8.75500774         -8.75500774         -8.75500774
  37.585         -4.42955875         -4.42955875         -4.42955875         -8.78305054         -8.78305054         -8.78305054
  37.639         -4.32601213         -4.32601213         -4.32601213         -8.79490280         -8.79490280         -8.79490280
  37.693         -4.31917048         -4.31917048         -4.31917048         -8.79014874         -8.79014874         -8.79014874
  37.747         -4.40923929         -4.40923929         -4.40923929         -8.76863956         -8.76863956         -8.76863956
  37.800         -4.59324265         -4.59324265         -4.59324265         -8.73048973         -8.73048973         -8.73048973
  37.854         -4.86535740         -4.86535740         -4.86535740         -8.67607307         -8.67607307         -8.67607307
  37.908         -5.21777534         -5.21777534         -5.21777534         -8.60606003         -8.60606003         -8.60606003
  37.962         -5.64153910         -5.64153910         -5.64153910         -8.52144146         -8.52144146         -8.52144146
  38.015         -6.12745142         -6.12745142         -6.12745142         -8.42357540         -8.42357540         -8.42357540
  38.069         -6.66686392         -6.66686392         -6.66686392         -8.31421566         -8.31421566         -8.31421566
  38.123         -7.25145006         -7.25145006         -7.25145006         -8.19551849         -8.19551849         -8.19551849
  38.177         -7.87293768         -7.87293768         -7.87293768         -8.07000542         -8.07000542         -8.07000542
  38.230         -8.52160168         -8.52160168         -8.52160168         -7.94051361         -7.94051361         -7.94051361
  38.284         -9.18511772         -9.18511772         -9.18511772         -7.81009197         -7.81009197         -7.81009197
  38.338         -9.84742451         -9.84742451         -9.84742451         -7.68190432         -7.68190432         -7.68190432
  38.392        -10.48856831        -10.48856831        -10.48856831         -7.55912495         -7.55912495         -7.55912495
  38.446        -11.08538055        -11.08538055        -11.08538055         -7.44484282         -7.44484282         -7.44484282
  38.499        -11.61406803        -11.61406803        -11.61406803         -7.34197855         -7.34197855         -7.34197855
  38.553        -12.05171013        -12.05171013        -12.05171013         -7.25320339         -7.25320339         -7.25320339
  38.607        -12.37891483        -12.37891483        -12.37891483         -7.18083239         -7.18083239         -7.18083239
  38.661        -12.58110619        -12.58110619        -12.58110619         -7.12673521         -7.12673521         -7.12673521
