     1   -9.18653488
     2   -9.14207268
     3   -9.01011467
     4   -8.79394341
     5   -8.49896622
     6   -8.13260937
     7   -7.70417023
     8   -7.22460127
     9   -6.70621872
    10   -6.16232586
    11   -5.60675907
    12   -5.05337095
    13   -4.51549339
    14   -4.00541592
    15   -3.53392053
    16   -3.10994244
    17   -2.74040294
    18   -2.43016911
    19   -2.18219948
    20   -1.99776506
    21   -1.87669694
    22   -1.81762576
    23   -1.81818807
    24   -1.87516451
    25   -1.98450530
    26   -2.14130306
    27   -2.33976865
    28   -2.57321548
    29   -2.83409476
    30   -3.11410332
    31   -3.40435481
    32   -3.69560385
    33   -3.97853208
    34   -4.24405670
    35   -4.48363781
    36   -4.68956995
    37   -4.85523701
    38   -4.97532177
    39   -5.04597425
    40   -5.06493092
    41   -5.03158188
    42   -4.94699192
    43   -4.81386757
    44   -4.63647127
    45   -4.42049217
    46   -4.17286968
    47   -3.90156054
    48   -3.61528301
    49   -3.32321644
    50   -3.03468990
    51   -2.75887394
    52   -2.50451899
    53   -2.27973604
    54   -2.09184551
    55   -1.94729137
    56   -1.85161805
    57   -1.80949652
    58   -1.82474947
    59   -1.90037012
    60   -2.03846622
    61   -2.24010396
    62   -2.50508451
    63   -2.83169794
    64   -3.21648741
    65   -3.65403271
    66   -4.13685513
    67   -4.65548992
    68   -5.19870424
    69   -5.75387430
    70   -6.30747461
    71   -6.84560394
    72   -7.35451937
    73   -7.82114983
    74   -8.23351288
    75   -8.58108425
    76   -8.85505676
    77   -9.04854107
    78   -9.15670490
    79   -9.17685699
    80   -9.10849571
    81   -8.95332146
    82   -8.71520329
    83   -8.40010834
    84   -8.01599026
    85   -7.57262421
    86   -7.08136559
    87   -6.55484295
    88   -6.00655174
    89   -5.45038605
    90   -4.90010786
    91   -4.36881876
    92   -3.86843657
    93   -3.40926719
    94   -2.99970841
    95   -2.64611721
    96   -2.35281968
    97   -2.12229228
    98   -1.95538902
    99   -1.85158908
   100   -1.80923748
   101   -1.82572687
   102   -1.89761364
   103   -2.02061868
   104   -2.18959761
   105   -2.39851737
   106   -2.64045024
   107   -2.90762734
   108   -3.19156837
   109   -3.48326325
   110   -3.77341771
   111   -4.05274725
   112   -4.31228304
   113   -4.54368639
   114   -4.73952055
   115   -4.89350367
   116   -5.00070095
   117   -5.05768156
   118   -5.06262493
   119   -5.01537514
   120   -4.91744518
   121   -4.77197313
   122   -4.58361912
   123   -4.35842896
   124   -4.10363722
   125   -3.82743311
   126   -3.53868318
   127   -3.24663281
   128   -2.96058822
   129   -2.68962240
   130   -2.44232035
   131   -2.22658062
   132   -2.04947901
   133   -1.91720235
   134   -1.83504415
   135   -1.80742753
   136   -1.83794045
   137   -1.92934036
   138   -2.08346534
   139   -2.30106282
   140   -2.58155704
   141   -2.92280126
   142   -3.32084131
   143   -3.76972985
   144   -4.26147366
   145   -4.78614712
   146   -5.33215094
   147   -5.88662195
   148   -6.43593502
   149   -6.96623135
   150   -7.46394491
   151   -7.91627407
   152   -8.31160831
   153   -8.63984489
   154   -8.89264297
   155   -9.06361294
   156   -9.14843464
   157   -9.14494991
   158   -9.05319309
   159   -8.87540150
   160   -8.61596489
   161   -8.28135204
   162   -7.87996960
   163   -7.42199183
   164   -6.91908884
   165   -6.38409758
   166   -5.83060598
   167   -5.27246380
   168   -4.72325373
   169   -4.19577169
   170   -3.70151806
   171   -3.25030661
   172   -2.85001349
   173   -2.50647712
   174   -2.22355986
   175   -2.00334811
   176   -1.84637821
   177   -1.75188673
   178   -1.71802592
   179   -1.74201202
   180   -1.82019365
   181   -1.94805729
   182   -2.12019610
   183   -2.33028555
   184   -2.57108831
   185   -2.83452868
   186   -3.11182737
   187   -3.39371991
   188   -3.67073011
   189   -3.93347144
   190   -4.17295027
   191   -4.38088083
   192   -4.54995632
   193   -4.67408228
   194   -4.74855947
   195   -4.77021790
   196   -4.73749065
   197   -4.65043259
   198   -4.51066875
   199   -4.32131672
   200   -4.08684349
   201   -3.81287789
   202   -3.50597882
   203   -3.17336011
   204   -2.82258821
   205   -2.46126890
   206   -2.09671855
   207   -1.73569298
   208   -1.38414907
   209   -1.04708815
   210   -0.72845817
   211   -0.43114096
   212   -0.15701237
   213    0.09294719
   214    0.31850696
   215    0.52002257
   216    0.69830686
   217    0.85450816
   218    0.99000555
   219    1.10632455
   220    1.20507145
   221    1.28788197
   222    1.35638261
   223    1.41216087
   224    1.45674515
   225    1.49158621
   226    1.51804829
   227    1.53739703
   228    1.55079818
   229    1.55931461
   230    1.56390440
   231    1.56542003
   232    1.56460917
   233    1.56212163
   234    1.55851829
   235    1.55427504
   236    1.54978645
   237    1.54536915
   238    1.54127324
   239    1.53769088
   240    1.53476632
   241    1.53259635
   242    1.53124356
   243    1.53073859
   244    1.53107369
   245    1.53221512
   246    1.53410995
   247    1.53669024
   248    1.53988469
   249    1.54362643
   250    1.54785025
   251    1.55249739
   252    1.55751038
   253    1.56282055
   254    1.56836581
   255    1.57409537
   256    1.57996571
   257    1.58594310
   258    1.59199977
   259    1.59811544
   260    1.60427439
   261    1.61046541
   262    1.61668086
   263    1.62291539
   264    1.62916625
   265    1.63543129
   266    1.64170945
   267    1.64799964
   268    1.65430093
   269    1.66061091
   270    1.66692686
   271    1.67324460
   272    1.67955816
   273    1.68586075
   274    1.69214535
   275    1.69840562
   276    1.70463467
   277    1.71082640
   278    1.71697390
   279    1.72307062
   280    1.72910964
   281    1.73508430
   282    1.74098837
   283    1.74681520
   284    1.75255990
   285    1.75821614
   286    1.76377857
   287    1.76924229
   288    1.77460194
   289    1.77985239
   290    1.78498912
   291    1.79000652
   292    1.79490137
   293    1.79966807
   294    1.80430269
   295    1.80880141
   296    1.81316006
   297    1.81737530
   298    1.82144356
   299    1.82536149
   300    1.82912683
   301    1.83273673
   302    1.83618903
   303    1.83948135
   304    1.84261167
   305    1.84557939
   306    1.84838307
   307    1.85102177
   308    1.85349512
   309    1.85580313
   310    1.85794508
   311    1.85992217
   312    1.86173487
   313    1.86338341
   314    1.86487007
   315    1.86619580
   316    1.86736178
   317    1.86837125
   318    1.86922479
   319    1.86992610
   320    1.87047720
   321    1.87088001
   322    1.87113893
   323    1.87125564
   324    1.87123406
   325    1.87107682
   326    1.87078762
   327    1.87036955
   328    1.86982620
   329    1.86916077
   330    1.86837649
   331    1.86747718
   332    1.86646616
   333    1.86534572
   334    1.86412013
   335    1.86279237
   336    1.86136508
   337    1.85984147
   338    1.85822439
   339    1.85651636
   340    1.85472059
   341    1.85283840
   342    1.85087276
   343    1.84882629
   344    1.84670031
   345    1.84449720
   346    1.84221876
   347    1.83986700
   348    1.83744299
   349    1.83494806
   350    1.83238411
   351    1.82975256
   352    1.82705379
   353    1.82428920
   354    1.82146060
   355    1.81856763
   356    1.81561232
   357    1.81259465
   358    1.80951524
   359    1.80637550
   360    1.80317521
   361    1.79991579
   362    1.79659688
   363    1.79321945
   364    1.78978348
   365    1.78628993
   366    1.78273821
   367    1.77912939
   368    1.77546299
   369    1.77173889
   370    1.76795793
   371    1.76411939
   372    1.76022315
   373    1.75626886
   374    1.75225592
   375    1.74818385
   376    1.74405193
   377    1.73985994
   378    1.73560560
   379    1.73128891
   380    1.72690773
   381    1.72246075
   382    1.71794605
   383    1.71336246
   384    1.70870697
   385    1.70397735
   386    1.69917130
   387    1.69428658
   388    1.68931925
   389    1.68426681
   390    1.67912602
   391    1.67389369
   392    1.66856527
   393    1.66313756
   394    1.65760684
   395    1.65196908
   396    1.64621997
   397    1.64035535
   398    1.63437104
   399    1.62826312
   400    1.62202680
   401    1.61565840
   402    1.60915327
   403    1.60250759
   404    1.59571719
   405    1.58877814
   406    1.58168638
   407    1.57443905
   408    1.56703162
   409    1.55946147
   410    1.55172527
   411    1.54382002
   412    1.53574324
   413    1.52749240
   414    1.51906514
   415    1.51046026
   416    1.50167549
   417    1.49270940
   418    1.48356223
   419    1.47423172
   420    1.46471786
   421    1.45502162
   422    1.44514203
   423    1.43508041
   424    1.42483711
   425    1.41441369
   426    1.40381181
   427    1.39303327
   428    1.38207996
   429    1.37095475
   430    1.35966015
   431    1.34819925
   432    1.33657563
   433    1.32479239
   434    1.31285405
   435    1.30076444
   436    1.28852808
   437    1.27614987
   438    1.26363456
   439    1.25098789
   440    1.23821533
   441    1.22532308
   442    1.21231771
   443    1.19920683
   444    1.18599749
   445    1.17269886
   446    1.15931892
   447    1.14586651
   448    1.13235068
   449    1.11878121
   450    1.10516810
   451    1.09152198
   452    1.07785439
   453    1.06417680
   454    1.05049849
   455    1.03682935
   456    1.02317750
   457    1.00955260
   458    0.99596334
   459    0.98241943
   460    0.96893239
   461    0.95551544
   462    0.94218302
   463    0.92895466
   464    0.91585165
   465    0.90290153
   466    0.89013678
   467    0.87759602
   468    0.86532444
   469    0.85337746
   470    0.84181672
   471    0.83071518
   472    0.82015085
   473    0.81019175
   474    0.80090606
   475    0.79236764
   476    0.78464955
   477    0.77782941
   478    0.77197909
   479    0.76715422
   480    0.76339066
   481    0.76069450
   482    0.75903457
   483    0.75834471
   484    0.75852180
   485    0.75941539
   486    0.76082349
   487    0.76248729
   488    0.76407784
   489    0.76518923
   490    0.76533252
   491    0.76393372
   492    0.76032889
   493    0.75375670
   494    0.74335158
   495    0.72814184
   496    0.70705152
   497    0.67890316
   498    0.64241827
   499    0.59622270
   500    0.53885293
   501    0.46877122
   502    0.38437933
   503    0.28404170
   504    0.16611260
   505    0.02897835
   506   -0.12889528
   507   -0.30889362
   508   -0.51217085
   509   -0.73954380
   510   -0.99137032
   511   -1.26742065
   512   -1.56671345
   513   -1.88736761
   514   -2.22649670
   515   -2.58014441
   516   -2.94329906
   517   -3.30998945
   518   -3.67344570
   519   -4.02633381
   520   -4.36103630
   521   -4.66997147
   522   -4.94591570
   523   -5.18230247
   524   -5.37349796
   525   -5.51503372
   526   -5.60379791
   527   -5.63816833
   528   -5.61809969
   529   -5.54517174
   530   -5.42257309
   531   -5.25501823
   532   -5.04861832
   533   -4.81069851
   534   -4.54956532
   535   -4.27422619
   536   -3.99409127
   537   -3.71865869
   538   -3.45720720
   539   -3.21852779
   540   -3.01070285
   541   -2.84097385
   542   -2.71566916
   543   -2.64019275
   544   -2.61905837
   545   -2.65590906
   546   -2.75352120
   547   -2.91373134
   548   -3.13728786
   549   -3.42363763
   550   -3.77067065
   551   -4.17449284
   552   -4.62923193
   553   -5.12697458
   554   -5.65786409
   555   -6.21035957
   556   -6.77163029
   557   -7.32805729
   558   -7.86576700
   559   -8.37116241
   560   -8.83140564
   561   -9.23484325
   562   -9.57132530
   563   -9.83247280
   564  -10.01184464
   565  -10.10506821
   566  -10.10990715
   567  -10.02631092
   568   -9.85640717
   569   -9.60447025
   570   -9.27684498
   571   -8.88182926
   572   -8.42949104
   573   -7.93143606
   574   -7.40046406
   575   -6.85016966
   576   -6.29445696
   577   -5.74699879
   578   -5.22071886
   579   -4.72727346
   580   -4.27664328
   581   -3.87686706
   582   -3.53393388
   583   -3.25182867
   584   -3.03272080
   585   -2.87719893
   586   -2.78452325
   587   -2.75285530
   588   -2.77943420
   589   -2.86066628
   590   -2.99211836
   591   -3.16848850
   592   -3.38357949
   593   -3.63030696
   594   -3.90076423
   595   -4.18635702
   596   -4.47800636
   597   -4.76639891
   598   -5.04228401
   599   -5.29678822
   600   -5.52171946
   601   -5.70983839
   602   -5.85509443
   603   -5.95282221
   604   -5.99988270
   605   -5.99475622
   606   -5.93759584
   607   -5.83022165
   608   -5.67605925
   609   -5.48004103
   610   -5.24844790
   611   -4.98871279
   612   -4.70917511
   613   -4.41879940
   614   -4.12687445
   615   -3.84269118
   616   -3.57526088
   617   -3.33306503
   618   -3.12387228
   619   -2.95461106
   620   -2.83131528
   621   -2.75912976
   622   -2.74233532
   623   -2.78437686
   624   -2.88786221
   625   -3.05444741
   626   -3.28465438
   627   -3.57762814
   628   -3.93089414
   629   -4.34012461
   630   -4.79896545
   631   -5.29901695
   632   -5.82997370
   633   -6.37991858
   634   -6.93575096
   635   -7.48370647
   636   -8.00989437
   637   -8.50081635
   638   -8.94384670
   639   -9.32762909
   640   -9.64238644
   641   -9.88016796
   642  -10.03500462
   643  -10.10302830
   644  -10.08253860
   645   -9.97403622
   646   -9.78021431
   647   -9.50590515
   648   -9.15799522
   649   -8.74529362
   650   -8.27832603
   651   -7.76907253
   652   -7.23060560
   653   -6.67666817
   654   -6.12115908
   655   -5.57760811
   656   -5.05863571
   657   -4.57547569
   658   -4.13759279
   659   -3.75246596
   660   -3.42551541
   661   -3.16019797
   662   -2.95822310
   663   -2.81979012
   664   -2.74383283
   665   -2.72824359
   666   -2.77002811
   667   -2.86536479
   668   -3.00958300
   669   -3.19713664
   670   -3.42158389
   671   -3.67560291
   672   -3.95108294
   673   -4.23927307
   674   -4.53100395
   675   -4.81694555
   676   -5.08791876
   677   -5.33520555
   678   -5.55084848
   679   -5.72791052
   680   -5.86069870
   681   -5.94495344
   682   -5.97796726
   683   -5.95867538
   684   -5.88768816
   685   -5.76726818
   686   -5.60126686
   687   -5.39499855
   688   -5.15508270
   689   -4.88922358
   690   -4.60595989
   691   -4.31437635
   692   -4.02379084
   693   -3.74344683
   694   -3.48223305
   695   -3.24845171
   696   -3.04965115
   697   -2.89251900
   698   -2.78284407
   699   -2.72553253
   700   -2.72463608
   701   -2.78337216
   702   -2.90410614
   703   -3.08820629
   704   -3.33584166
   705   -3.64574122
   706   -4.01494694
   707   -4.43859005
   708   -4.90975142
   709   -5.41949463
   710   -5.95703793
   711   -6.51009226
   712   -7.06532431
   713   -7.60888386
   714   -8.12693119
   715   -8.60616493
   716   -9.03427219
   717   -9.40029430
   718   -9.69493771
   719   -9.91077423
   720  -10.04239845
