   0.000          0.00438195          0.00438195          0.00468488          0.00468488          0.00468488
   0.111          0.00439245          0.00439245          0.00468488          0.00468488          0.00468488
   0.222          0.00442331          0.00442331          0.00468484          0.00468484          0.00468484
   0.333          0.00447226          0.00447226          0.00468448          0.00468448          0.00468448
   0.444          0.00453506          0.00453506          0.00468349          0.00468349          0.00468349
   0.555          0.00460559          0.00460559          0.00468156          0.00468156          0.00468156
   0.667          0.00467606          0.00467606          0.00467835          0.00467835          0.00467835
   0.778          0.00473837          0.00473837          0.00467369          0.00467369          0.00467369
   0.889          0.00478579          0.00478579          0.00466768          0.00466768          0.00466768
   1.000          0.00481609          0.00481609          0.00466090          0.00466090          0.00466090
   1.111          0.00483446          0.00483446          0.00465411          0.00465411          0.00465411
   1.222          0.00484390          0.00484390          0.00464803          0.00464803          0.00464803
   1.333          0.00484568          0.00484568          0.00464328          0.00464328          0.00464328
   1.444          0.00484518          0.00484518          0.00464027          0.00464027          0.00464027
   1.555          0.00484518          0.00484518          0.00463924          0.00463924          0.00463924
   1.666          0.00484568          0.00484568          0.00464027          0.00464027          0.00464027
   1.778          0.00484390          0.00484390          0.00464328          0.00464328          0.00464328
   1.889          0.00483446          0.00483446          0.00464803          0.00464803          0.00464803
   2.000          0.00481609          0.00481609          0.00465411          0.00465411          0.00465411
   2.111          0.00478579          0.00478579          0.00466090          0.00466090          0.00466090
   2.222          0.00473837          0.00473837          0.00466768          0.00466768          0.00466768
   2.333          0.00467606          0.00467606          0.00467369          0.00467369          0.00467369
   2.444          0.00460559          0.00460559          0.00467835          0.00467835          0.00467835
   2.555          0.00453506          0.00453506          0.00468156          0.00468156          0.00468156
   2.666          0.00447226          0.00447226          0.00468349          0.00468349          0.00468349
   2.777          0.00442331          0.00442331          0.00468448          0.00468448          0.00468448
   2.888          0.00439245          0.00439245          0.00468484          0.00468484          0.00468484
   3.000          0.00438195          0.00438195          0.00468488          0.00468488          0.00468488
   3.111          0.00439245          0.00439245          0.00468488          0.00468488          0.00468488
   3.222          0.00442331          0.00442331          0.00468484          0.00468484          0.00468484
   3.333          0.00447226          0.00447226          0.00468448          0.00468448          0.00468448
   3.444          0.00453506          0.00453506          0.00468349          0.00468349          0.00468349
   3.555          0.00460559          0.00460559          0.00468156          0.00468156          0.00468156
   3.666          0.00467606          0.00467606          0.00467835          0.00467835          0.00467835
   3.777          0.00473837          0.00473837          0.00467369          0.00467369          0.00467369
   3.888          0.00478579          0.00478579          0.00466768          0.00466768          0.00466768
   3.999          0.00481609          0.00481609          0.00466090          0.00466090          0.00466090
   4.111          0.00483446          0.00483446          0.00465411          0.00465411          0.00465411
   4.222          0.00484390          0.00484390          0.00464803          0.00464803          0.00464803
   4.333          0.00484568          0.00484568          0.00464328          0.00464328          0.00464328
   4.444          0.00484518          0.00484518          0.00464027          0.00464027          0.00464027
   4.555          0.00484518          0.00484518          0.00463924          0.00463924          0.00463924
   4.666          0.00484568          0.00484568          0.00464027          0.00464027          0.00464027
   4.777          0.00484390          0.00484390          0.00464328          0.00464328          0.00464328
   4.888          0.00483446          0.00483446          0.00464803          0.00464803          0.00464803
   4.999          0.00481609          0.00481609          0.00465411          0.00465411          0.00465411
   5.110          0.00478579          0.00478579          0.00466090          0.00466090          0.00466090
   5.221          0.00473837          0.00473837          0.00466768          0.00466768          0.00466768
   5.333          0.00467606          0.00467606          0.00467369          0.00467369          0.00467369
   5.444          0.00460559          0.00460559          0.00467835          0.00467835          0.00467835
   5.555          0.00453506          0.00453506          0.00468156          0.00468156          0.00468156
   5.666          0.00447226          0.00447226          0.00468349          0.00468349          0.00468349
   5.777          0.00442331          0.00442331          0.00468448          0.00468448          0.00468448
   5.888          0.00439245          0.00439245          0.00468484          0.00468484          0.00468484
   5.999          0.00438195          0.00438195          0.00468488          0.00468488          0.00468488
   6.110          0.00439245          0.00439245          0.00468488          0.00468488          0.00468488
   6.221          0.00442331          0.00442331          0.00468484          0.00468484          0.00468484
   6.332          0.00447226          0.00447226          0.00468448          0.00468448          0.00468448
   6.444          0.00453506          0.00453506          0.00468349          0.00468349          0.00468349
   6.555          0.00460559          0.00460559          0.00468156          0.00468156          0.00468156
   6.666          0.00467606          0.00467606          0.00467835          0.00467835          0.00467835
   6.777          0.00473837          0.00473837          0.00467369          0.00467369          0.00467369
   6.888          0.00478579          0.00478579          0.00466768          0.00466768          0.00466768
   6.999          0.00481609          0.00481609          0.00466090          0.00466090          0.00466090
   7.110          0.00483446          0.00483446          0.00465411          0.00465411          0.00465411
   7.221          0.00484390          0.00484390          0.00464803          0.00464803          0.00464803
   7.332          0.00484568          0.00484568          0.00464328          0.00464328          0.00464328
   7.443          0.00484518          0.00484518          0.00464027          0.00464027          0.00464027
   7.554          0.00484518          0.00484518          0.00463924          0.00463924          0.00463924
   7.666          0.00484568          0.00484568          0.00464027          0.00464027          0.00464027
   7.777          0.00484390          0.00484390          0.00464328          0.00464328          0.00464328
   7.888          0.00483446          0.00483446          0.00464803          0.00464803          0.00464803
   7.999          0.00481609          0.00481609          0.00465411          0.00465411          0.00465411
   8.110          0.00478579          0.00478579          0.00466090          0.00466090          0.00466090
   8.221          0.00473837          0.00473837          0.00466768          0.00466768          0.00466768
   8.332          0.00467606          0.00467606          0.00467369          0.00467369          0.00467369
   8.443          0.00460559          0.00460559          0.00467835          0.00467835          0.00467835
   8.554          0.00453506          0.00453506          0.00468156          0.00468156          0.00468156
   8.665          0.00447226          0.00447226          0.00468349          0.00468349          0.00468349
   8.777          0.00442331          0.00442331          0.00468448          0.00468448          0.00468448
   8.888          0.00439245          0.00439245          0.00468484          0.00468484          0.00468484
   8.999          0.00438195          0.00438195          0.00468488          0.00468488          0.00468488
   9.110          0.00439245          0.00439245          0.00468488          0.00468488          0.00468488
   9.221          0.00442331          0.00442331          0.00468484          0.00468484          0.00468484
   9.332          0.00447226          0.00447226          0.00468448          0.00468448          0.00468448
   9.443          0.00453506          0.00453506          0.00468349          0.00468349          0.00468349
   9.554          0.00460559          0.00460559          0.00468156          0.00468156          0.00468156
   9.665          0.00467606          0.00467606          0.00467835          0.00467835          0.00467835
   9.776          0.00473837          0.00473837          0.00467369          0.00467369          0.00467369
   9.887          0.00478579          0.00478579          0.00466768          0.00466768          0.00466768
   9.999          0.00481609          0.00481609          0.00466090          0.00466090          0.00466090
  10.110          0.00483446          0.00483446          0.00465411          0.00465411          0.00465411
  10.221          0.00484390          0.00484390          0.00464803          0.00464803          0.00464803
  10.332          0.00484568          0.00484568          0.00464328          0.00464328          0.00464328
  10.443          0.00484518          0.00484518          0.00464027          0.00464027          0.00464027
  10.554          0.00484518          0.00484518          0.00463924          0.00463924          0.00463924
  10.665          0.00484568          0.00484568          0.00464027          0.00464027          0.00464027
  10.776          0.00484390          0.00484390          0.00464328          0.00464328          0.00464328
  10.887          0.00483446          0.00483446          0.00464803          0.00464803          0.00464803
  10.998          0.00481609          0.00481609          0.00465411          0.00465411          0.00465411
  11.109          0.00478579          0.00478579          0.00466090          0.00466090          0.00466090
  11.221          0.00473837          0.00473837          0.00466768          0.00466768          0.00466768
  11.332          0.00467606          0.00467606          0.00467369          0.00467369          0.00467369
  11.443          0.00460559          0.00460559          0.00467835          0.00467835          0.00467835
  11.554          0.00453506          0.00453506          0.00468156          0.00468156          0.00468156
  11.665          0.00447226          0.00447226          0.00468349          0.00468349          0.00468349
  11.776          0.00442331          0.00442331          0.00468448          0.00468448          0.00468448
  11.887          0.00439245          0.00439245          0.00468484          0.00468484          0.00468484
