  -2.3810549274E+001   4.5418172779E-001
  -2.3655935318E+001   4.6597341000E-001
  -2.3501321362E+001   5.0235693210E-001
  -2.3346707405E+001   5.6648521316E-001
  -2.3192093449E+001   6.6376908258E-001
  -2.3037479493E+001   8.0203339060E-001
  -2.2882865536E+001   9.9207081170E-001
  -2.2728251580E+001   1.2474704263E+000
  -2.2573637624E+001   1.5813846356E+000
  -2.2419023667E+001   1.9982299715E+000
  -2.2264409711E+001   2.4798514475E+000
  -2.2109795755E+001   2.9732758642E+000
  -2.1955181798E+001   3.3989806945E+000
  -2.1800567842E+001   3.6902831015E+000
  -2.1645953886E+001   3.8363360049E+000
  -2.1491339929E+001   3.8827675674E+000
  -2.1336725973E+001   3.8883380327E+000
  -2.1182112017E+001   3.8873050587E+000
  -2.1027498060E+001   3.8883921935E+000
  -2.0872884104E+001   3.8858417228E+000
  -2.0718270148E+001   3.8527701450E+000
  -2.0563656191E+001   3.7344175025E+000
  -2.0409042235E+001   3.4769735349E+000
  -2.0254428279E+001   3.0764783711E+000
  -2.0099814323E+001   2.5909074909E+000
  -1.9945200366E+001   2.1011811768E+000
  -1.9790586410E+001   1.6671395019E+000
  -1.9635972454E+001   1.3142667390E+000
  -1.9481358497E+001   1.0426134998E+000
  -1.9326744541E+001   8.3956489241E-001
  -1.9172130585E+001   6.9060475881E-001
  -1.9017516628E+001   5.8485535454E-001
  -1.8862902672E+001   5.1419525805E-001
  -1.8708288716E+001   4.7197829122E-001
  -1.8553674759E+001   4.5455082878E-001
  -1.8399060803E+001   4.6121548359E-001
  -1.8244446847E+001   4.9226428458E-001
  -1.8089832890E+001   5.4964234350E-001
  -1.7935218934E+001   6.3873147687E-001
  -1.7780604978E+001   7.6732224031E-001
  -1.7625991021E+001   9.4485980983E-001
  -1.7471377065E+001   1.1841785336E+000
  -1.7316763109E+001   1.4998159925E+000
  -1.7162149152E+001   1.8991272435E+000
  -1.7007535196E+001   2.3694660302E+000
  -1.6852921240E+001   2.8662488115E+000
  -1.6698307283E+001   3.3142553038E+000
  -1.6543693327E+001   3.6390504183E+000
  -1.6389079371E+001   3.8146408974E+000
  -1.6234465414E+001   3.8776030909E+000
  -1.6079851458E+001   3.8885395895E+000
  -1.5925237502E+001   3.8875981067E+000
  -1.5770623545E+001   3.8878074428E+000
  -1.5616009589E+001   3.8874541809E+000
  -1.5461395633E+001   3.8655108115E+000
  -1.5306781676E+001   3.7714686845E+000
  -1.5152167720E+001   3.5472579414E+000
  -1.4997553764E+001   3.1755701705E+000
  -1.4842939807E+001   2.7021404123E+000
  -1.4688325851E+001   2.2066957449E+000
  -1.4533711895E+001   1.7568089308E+000
  -1.4379097938E+001   1.3855744075E+000
  -1.4224483982E+001   1.0967337838E+000
  -1.4069870026E+001   8.7938770992E-001
  -1.3915256069E+001   7.1956440905E-001
  -1.3760642113E+001   6.0531222258E-001
  -1.3606028157E+001   5.2736880876E-001
  -1.3451414200E+001   4.7908279275E-001
  -1.3296800244E+001   4.5654524819E-001
  -1.3142186288E+001   4.5797332354E-001
  -1.2987572331E+001   4.8323798607E-001
  -1.2832958375E+001   5.3447597709E-001
  -1.2678344419E+001   6.1631950892E-001
  -1.2523730462E+001   7.3537610677E-001
  -1.2369116506E+001   9.0082371134E-001
  -1.2214502550E+001   1.1253804685E+000
  -1.2059888594E+001   1.4232846830E+000
  -1.1905274637E+001   1.8039731887E+000
  -1.1750660681E+001   2.2610810875E+000
  -1.1596046725E+001   2.7580742424E+000
  -1.1441432768E+001   3.2241099541E+000
  -1.1286818812E+001   3.5802685447E+000
  -1.1132204856E+001   3.7875541246E+000
  -1.0977590899E+001   3.8703361199E+000
  -1.0822976943E+001   3.8877034620E+000
  -1.0668362987E+001   3.8869148191E+000
  -1.0513749030E+001   3.8867645386E+000
  -1.0359135074E+001   3.8878020044E+000
  -1.0204521118E+001   3.8740933033E+000
  -1.0049907161E+001   3.8021249372E+000
  -9.8952932049E+000   3.6118077877E+000
  -9.7406792486E+000   3.2720204023E+000
  -9.5860652923E+000   2.8152148353E+000
  -9.4314513359E+000   2.3186474971E+000
  -9.2768373796E+000   1.8555113032E+000
  -9.1222234233E+000   1.4660587591E+000
  -8.9676094670E+000   1.1597795751E+000
  -8.8129955106E+000   9.2839630195E-001
  -8.6583815543E+000   7.5728131066E-001
  -8.5037675980E+000   6.3350106175E-001
  -8.3491536417E+000   5.4800423277E-001
  -8.1945396853E+000   4.9366666733E-001
  -8.0399257290E+000   4.6519470302E-001
  -7.8853117727E+000   4.6053673842E-001
  -7.7306978164E+000   4.7985379249E-001
  -7.5760838600E+000   5.2430083587E-001
  -7.4214699037E+000   5.9749256043E-001
  -7.2668559474E+000   7.0629742984E-001
  -7.1122419910E+000   8.5956336714E-001
  -6.9576280347E+000   1.0684889775E+000
  -6.8030140784E+000   1.3473372439E+000
  -6.6484001221E+000   1.7082371076E+000
  -6.4937861657E+000   2.1492861861E+000
  -6.3391722094E+000   2.6408086830E+000
  -6.1845582531E+000   3.1190941742E+000
  -6.0299442968E+000   3.5044125977E+000
  -5.8753303404E+000   3.7460244205E+000
  -5.7207163841E+000   3.8560595555E+000
  -5.5661024278E+000   3.8908136488E+000
  -5.4114884714E+000   3.9002599571E+000
  -5.2568745151E+000   3.9040498671E+000
  -5.1022605588E+000   3.9040817485E+000
  -4.9476466025E+000   3.8916289196E+000
  -4.7930326461E+000   3.8327305182E+000
  -4.6384186898E+000   3.6690508089E+000
  -4.4838047335E+000   3.3590153292E+000
  -4.3291907772E+000   2.9201630462E+000
  -4.1745768208E+000   2.4225356875E+000
  -4.0199628645E+000   1.9437004593E+000
  -3.8653489082E+000   1.5331610444E+000
  -3.7107349518E+000   1.2066966231E+000
  -3.5561209955E+000   9.5819062993E-001
  -3.4015070392E+000   7.7367993709E-001
  -3.2468930829E+000   6.4009746132E-001
  -3.0922791265E+000   5.4716138478E-001
  -2.9376651702E+000   4.8676589092E-001
  -2.7830512139E+000   4.5363300382E-001
  -2.6284372576E+000   4.4537091433E-001
  -2.4738233012E+000   4.6107092630E-001
  -2.3192093449E+000   5.0143053225E-001
  -2.1645953886E+000   5.7008148027E-001
  -2.0099814323E+000   6.7305304847E-001
  -1.8553674759E+000   8.1801083943E-001
  -1.7007535196E+000   1.0157755332E+000
  -1.5461395633E+000   1.2804668381E+000
  -1.3915256069E+000   1.6244864955E+000
  -1.2369116506E+000   2.0493632412E+000
  -1.0822976943E+000   2.5330166222E+000
  -9.2768373796E-001   3.0190291975E+000
  -7.7306978164E-001   3.4280986889E+000
  -6.1845582531E-001   3.7011738317E+000
  -4.6384186898E-001   3.8389944513E+000
  -3.0922791265E-001   3.8914950481E+000
  -1.5461395633E-001   3.9091860491E+000
   0.0000000000E+000   3.9139986906E+000
   1.5461395633E-001   3.9091860488E+000
   3.0922791265E-001   3.8914950475E+000
   4.6384186898E-001   3.8389944506E+000
   6.1845582531E-001   3.7011738310E+000
   7.7306978164E-001   3.4280986883E+000
   9.2768373796E-001   3.0190291970E+000
   1.0822976943E+000   2.5330166218E+000
   1.2369116506E+000   2.0493632409E+000
   1.3915256069E+000   1.6244864953E+000
   1.5461395633E+000   1.2804668382E+000
   1.7007535196E+000   1.0157755334E+000
   1.8553674759E+000   8.1801083975E-001
   2.0099814323E+000   6.7305304891E-001
   2.1645953886E+000   5.7008148081E-001
   2.3192093449E+000   5.0143053284E-001
   2.4738233012E+000   4.6107092692E-001
   2.6284372576E+000   4.4537091494E-001
   2.7830512139E+000   4.5363300440E-001
   2.9376651702E+000   4.8676589145E-001
   3.0922791265E+000   5.4716138525E-001
   3.2468930829E+000   6.4009746172E-001
   3.4015070392E+000   7.7367993739E-001
   3.5561209955E+000   9.5819063013E-001
   3.7107349518E+000   1.2066966231E+000
   3.8653489082E+000   1.5331610444E+000
   4.0199628645E+000   1.9437004591E+000
   4.1745768208E+000   2.4225356871E+000
   4.3291907772E+000   2.9201630458E+000
   4.4838047335E+000   3.3590153287E+000
   4.6384186898E+000   3.6690508082E+000
   4.7930326461E+000   3.8327305175E+000
   4.9476466025E+000   3.8916289188E+000
   5.1022605588E+000   3.9040817476E+000
   5.2568745151E+000   3.9040498662E+000
   5.4114884714E+000   3.9002599564E+000
   5.5661024278E+000   3.8908136482E+000
   5.7207163841E+000   3.8560595551E+000
   5.8753303404E+000   3.7460244202E+000
   6.0299442968E+000   3.5044125974E+000
   6.1845582531E+000   3.1190941740E+000
   6.3391722094E+000   2.6408086828E+000
   6.4937861657E+000   2.1492861859E+000
   6.6484001221E+000   1.7082371074E+000
   6.8030140784E+000   1.3473372436E+000
   6.9576280347E+000   1.0684889771E+000
   7.1122419910E+000   8.5956336673E-001
   7.2668559474E+000   7.0629742936E-001
   7.4214699037E+000   5.9749255990E-001
   7.5760838600E+000   5.2430083528E-001
   7.7306978164E+000   4.7985379185E-001
   7.8853117727E+000   4.6053673774E-001
   8.0399257290E+000   4.6519470231E-001
   8.1945396853E+000   4.9366666659E-001
   8.3491536417E+000   5.4800423202E-001
   8.5037675980E+000   6.3350106100E-001
   8.6583815543E+000   7.5728130992E-001
   8.8129955106E+000   9.2839630124E-001
   8.9676094670E+000   1.1597795744E+000
   9.1222234233E+000   1.4660587585E+000
   9.2768373796E+000   1.8555113026E+000
   9.4314513359E+000   2.3186474967E+000
   9.5860652923E+000   2.8152148349E+000
   9.7406792486E+000   3.2720204021E+000
   9.8952932049E+000   3.6118077876E+000
   1.0049907161E+001   3.8021249372E+000
   1.0204521118E+001   3.8740933034E+000
   1.0359135074E+001   3.8878020046E+000
   1.0513749030E+001   3.8867645389E+000
   1.0668362987E+001   3.8869148195E+000
   1.0822976943E+001   3.8877034625E+000
   1.0977590899E+001   3.8703361204E+000
   1.1132204856E+001   3.7875541252E+000
   1.1286818812E+001   3.5802685453E+000
   1.1441432768E+001   3.2241099548E+000
   1.1596046725E+001   2.7580742431E+000
   1.1750660681E+001   2.2610810882E+000
   1.1905274637E+001   1.8039731894E+000
   1.2059888594E+001   1.4232846837E+000
   1.2214502550E+001   1.1253804693E+000
   1.2369116506E+001   9.0082371212E-001
   1.2523730462E+001   7.3537610758E-001
   1.2678344419E+001   6.1631950976E-001
   1.2832958375E+001   5.3447597795E-001
   1.2987572331E+001   4.8323798695E-001
   1.3142186288E+001   4.5797332444E-001
   1.3296800244E+001   4.5654524911E-001
   1.3451414200E+001   4.7908279369E-001
   1.3606028157E+001   5.2736880972E-001
   1.3760642113E+001   6.0531222355E-001
   1.3915256069E+001   7.1956441003E-001
   1.4069870026E+001   8.7938771091E-001
   1.4224483982E+001   1.0967337848E+000
   1.4379097938E+001   1.3855744085E+000
   1.4533711895E+001   1.7568089318E+000
   1.4688325851E+001   2.2066957460E+000
   1.4842939807E+001   2.7021404134E+000
   1.4997553764E+001   3.1755701716E+000
   1.5152167720E+001   3.5472579425E+000
   1.5306781676E+001   3.7714686855E+000
   1.5461395633E+001   3.8655108126E+000
   1.5616009589E+001   3.8874541820E+000
   1.5770623545E+001   3.8878074439E+000
   1.5925237502E+001   3.8875981078E+000
   1.6079851458E+001   3.8885395906E+000
   1.6234465414E+001   3.8776030919E+000
   1.6389079371E+001   3.8146408985E+000
   1.6543693327E+001   3.6390504194E+000
   1.6698307283E+001   3.3142553049E+000
   1.6852921240E+001   2.8662488126E+000
   1.7007535196E+001   2.3694660313E+000
   1.7162149152E+001   1.8991272446E+000
   1.7316763109E+001   1.4998159936E+000
   1.7471377065E+001   1.1841785347E+000
   1.7625991021E+001   9.4485981087E-001
   1.7780604978E+001   7.6732224133E-001
   1.7935218934E+001   6.3873147789E-001
   1.8089832890E+001   5.4964234450E-001
   1.8244446847E+001   4.9226428557E-001
   1.8399060803E+001   4.6121548456E-001
   1.8553674759E+001   4.5455082974E-001
   1.8708288716E+001   4.7197829216E-001
   1.8862902672E+001   5.1419525897E-001
   1.9017516628E+001   5.8485535544E-001
   1.9172130585E+001   6.9060475970E-001
   1.9326744541E+001   8.3956489328E-001
   1.9481358497E+001   1.0426135007E+000
   1.9635972454E+001   1.3142667399E+000
   1.9790586410E+001   1.6671395027E+000
   1.9945200366E+001   2.1011811776E+000
   2.0099814323E+001   2.5909074917E+000
   2.0254428279E+001   3.0764783719E+000
   2.0409042235E+001   3.4769735356E+000
   2.0563656191E+001   3.7344175032E+000
   2.0718270148E+001   3.8527701456E+000
   2.0872884104E+001   3.8858417234E+000
   2.1027498060E+001   3.8883921941E+000
   2.1182112017E+001   3.8873050592E+000
   2.1336725973E+001   3.8883380333E+000
   2.1491339929E+001   3.8827675679E+000
   2.1645953886E+001   3.8363360053E+000
   2.1800567842E+001   3.6902831019E+000
   2.1955181798E+001   3.3989806950E+000
   2.2109795755E+001   2.9732758646E+000
   2.2264409711E+001   2.4798514479E+000
   2.2419023667E+001   1.9982299718E+000
   2.2573637624E+001   1.5813846359E+000
   2.2728251580E+001   1.2474704266E+000
   2.2882865536E+001   9.9207081190E-001
   2.3037479493E+001   8.0203339076E-001
   2.3192093449E+001   6.6376908271E-001
   2.3346707405E+001   5.6648521326E-001
   2.3501321362E+001   5.0235693217E-001
   2.3655935318E+001   4.6597341003E-001
