  -2.3810549274E+001   4.5418709149E-001
  -2.3655935318E+001   4.6597876301E-001
  -2.3501321362E+001   5.0236225368E-001
  -2.3346707405E+001   5.6649048453E-001
  -2.3192093449E+001   6.6377428806E-001
  -2.3037479493E+001   8.0203851848E-001
  -2.2882865536E+001   9.9207585479E-001
  -2.2728251580E+001   1.2474753818E+000
  -2.2573637624E+001   1.5813895036E+000
  -2.2419023667E+001   1.9982347520E+000
  -2.2264409711E+001   2.4798561331E+000
  -2.2109795755E+001   2.9732804291E+000
  -2.1955181798E+001   3.3989850824E+000
  -2.1800567842E+001   3.6902872215E+000
  -2.1645953886E+001   3.8363397503E+000
  -2.1491339929E+001   3.8827708602E+000
  -2.1336725973E+001   3.8883408737E+000
  -2.1182112017E+001   3.8873075427E+000
  -2.1027498060E+001   3.8883944669E+000
  -2.0872884104E+001   3.8858439052E+000
  -2.0718270148E+001   3.8527722720E+000
  -2.0563656191E+001   3.7344195256E+000
  -2.0409042235E+001   3.4769753660E+000
  -2.0254428279E+001   3.0764799314E+000
  -2.0099814323E+001   2.5909087347E+000
  -1.9945200366E+001   2.1011820917E+000
  -1.9790586410E+001   1.6671400977E+000
  -1.9635972454E+001   1.3142670371E+000
  -1.9481358497E+001   1.0426135248E+000
  -1.9326744541E+001   8.3956466859E-001
  -1.9172130585E+001   6.9060430758E-001
  -1.9017516628E+001   5.8485469373E-001
  -1.8862902672E+001   5.1419440175E-001
  -1.8708288716E+001   4.7197725012E-001
  -1.8553674759E+001   4.5454961086E-001
  -1.8399060803E+001   4.6121409520E-001
  -1.8244446847E+001   4.9226273168E-001
  -1.8089832890E+001   5.4964063300E-001
  -1.7935218934E+001   6.3872961840E-001
  -1.7780604978E+001   7.6732024771E-001
  -1.7625991021E+001   9.4485770230E-001
  -1.7471377065E+001   1.1841763363E+000
  -1.7316763109E+001   1.4998137359E+000
  -1.7162149152E+001   1.8991249591E+000
  -1.7007535196E+001   2.3694637427E+000
  -1.6852921240E+001   2.8662465290E+000
  -1.6698307283E+001   3.3142530131E+000
  -1.6543693327E+001   3.6390480939E+000
  -1.6389079371E+001   3.8146385247E+000
  -1.6234465414E+001   3.8776006854E+000
  -1.6079851458E+001   3.8885371960E+000
  -1.5925237502E+001   3.8875957829E+000
  -1.5770623545E+001   3.8878052473E+000
  -1.5616009589E+001   3.8874521708E+000
  -1.5461395633E+001   3.8655090363E+000
  -1.5306781676E+001   3.7714671713E+000
  -1.5152167720E+001   3.5472566842E+000
  -1.4997553764E+001   3.1755691385E+000
  -1.4842939807E+001   2.7021395731E+000
  -1.4688325851E+001   2.2066950813E+000
  -1.4533711895E+001   1.7568084428E+000
  -1.4379097938E+001   1.3855741044E+000
  -1.4224483982E+001   1.0967336744E+000
  -1.4069870026E+001   8.7938779710E-001
  -1.3915256069E+001   7.1956468746E-001
  -1.3760642113E+001   6.0531267909E-001
  -1.3606028157E+001   5.2736942346E-001
  -1.3451414200E+001   4.7908354042E-001
  -1.3296800244E+001   4.5654610022E-001
  -1.3142186288E+001   4.5797424961E-001
  -1.2987572331E+001   4.8323895552E-001
  -1.2832958375E+001   5.3447696054E-001
  -1.2678344419E+001   6.1632047971E-001
  -1.2523730462E+001   7.3537704156E-001
  -1.2369116506E+001   9.0082459042E-001
  -1.2214502550E+001   1.1253812759E+000
  -1.2059888594E+001   1.4232854053E+000
  -1.1905274637E+001   1.8039738123E+000
  -1.1750660681E+001   2.2610815957E+000
  -1.1596046725E+001   2.7580746174E+000
  -1.1441432768E+001   3.2241101910E+000
  -1.1286818812E+001   3.5802686826E+000
  -1.1132204856E+001   3.7875542753E+000
  -1.0977590899E+001   3.8703364498E+000
  -1.0822976943E+001   3.8877041117E+000
  -1.0668362987E+001   3.8869158139E+000
  -1.0513749030E+001   3.8867657701E+000
  -1.0359135074E+001   3.8878032984E+000
  -1.0204521118E+001   3.8740945138E+000
  -1.0049907161E+001   3.8021259977E+000
  -9.8952932049E+000   3.6118087067E+000
  -9.7406792486E+000   3.2720212331E+000
  -9.5860652923E+000   2.8152156508E+000
  -9.4314513359E+000   2.3186483735E+000
  -9.2768373796E+000   1.8555123062E+000
  -9.1222234233E+000   1.4660599347E+000
  -8.9676094670E+000   1.1597809468E+000
  -8.8129955106E+000   9.2839787411E-001
  -8.6583815543E+000   7.5728307248E-001
  -8.5037675980E+000   6.3350299113E-001
  -8.3491536417E+000   5.4800629862E-001
  -8.1945396853E+000   4.9366883029E-001
  -8.0399257290E+000   4.6519691627E-001
  -7.8853117727E+000   4.6053894931E-001
  -7.7306978164E+000   4.7985594423E-001
  -7.5760838600E+000   5.2430286965E-001
  -7.4214699037E+000   5.9749441917E-001
  -7.2668559474E+000   7.0629906373E-001
  -7.1122419910E+000   8.5956474101E-001
  -6.9576280347E+000   1.0684900805E+000
  -6.8030140784E+000   1.3473381015E+000
  -6.6484001221E+000   1.7082377942E+000
  -6.4937861657E+000   2.1492868320E+000
  -6.3391722094E+000   2.6408094632E+000
  -6.1845582531E+000   3.1190952683E+000
  -6.0299442968E+000   3.5044141263E+000
  -5.8753303404E+000   3.7460263969E+000
  -5.7207163841E+000   3.8560618919E+000
  -5.5661024278E+000   3.8908162136E+000
  -5.4114884714E+000   3.9002626303E+000
  -5.2568745151E+000   3.9040525522E+000
  -5.1022605588E+000   3.9040843517E+000
  -4.9476466025E+000   3.8916313210E+000
  -4.7930326461E+000   3.8327325643E+000
  -4.6384186898E+000   3.6690523468E+000
  -4.4838047335E+000   3.3590162703E+000
  -4.3291907772E+000   2.9201634082E+000
  -4.1745768208E+000   2.4225355814E+000
  -4.0199628645E+000   1.9437000379E+000
  -3.8653489082E+000   1.5331604511E+000
  -3.7107349518E+000   1.2066959663E+000
  -3.5561209955E+000   9.5818997999E-001
  -3.4015070392E+000   7.7367933237E-001
  -3.2468930829E+000   6.4009691606E-001
  -3.0922791265E+000   5.4716089635E-001
  -2.9376651702E+000   4.8676544666E-001
  -2.7830512139E+000   4.5363258564E-001
  -2.6284372576E+000   4.4537050147E-001
  -2.4738233012E+000   4.6107049769E-001
  -2.3192093449E+000   5.0143006783E-001
  -2.1645953886E+000   5.7008096094E-001
  -2.0099814323E+000   6.7305245697E-001
  -1.8553674759E+000   8.1801016286E-001
  -1.7007535196E+000   1.0157747655E+000
  -1.5461395633E+000   1.2804659835E+000
  -1.3915256069E+000   1.6244855743E+000
  -1.2369116506E+000   2.0493622952E+000
  -1.0822976943E+000   2.5330157135E+000
  -9.2768373796E-001   3.0190283963E+000
  -7.7306978164E-001   3.4280980492E+000
  -6.1845582531E-001   3.7011733649E+000
  -4.6384186898E-001   3.8389941197E+000
  -3.0922791265E-001   3.8914947900E+000
  -1.5461395633E-001   3.9091858154E+000
   0.0000000000E+000   3.9139984604E+000
   1.5461395633E-001   3.9091858151E+000
   3.0922791265E-001   3.8914947894E+000
   4.6384186898E-001   3.8389941190E+000
   6.1845582531E-001   3.7011733641E+000
   7.7306978164E-001   3.4280980485E+000
   9.2768373796E-001   3.0190283957E+000
   1.0822976943E+000   2.5330157130E+000
   1.2369116506E+000   2.0493622948E+000
   1.3915256069E+000   1.6244855741E+000
   1.5461395633E+000   1.2804659834E+000
   1.7007535196E+000   1.0157747656E+000
   1.8553674759E+000   8.1801016311E-001
   2.0099814323E+000   6.7305245735E-001
   2.1645953886E+000   5.7008096140E-001
   2.3192093449E+000   5.0143006836E-001
   2.4738233012E+000   4.6107049825E-001
   2.6284372576E+000   4.4537050202E-001
   2.7830512139E+000   4.5363258617E-001
   2.9376651702E+000   4.8676544715E-001
   3.0922791265E+000   5.4716089678E-001
   3.2468930829E+000   6.4009691642E-001
   3.4015070392E+000   7.7367933265E-001
   3.5561209955E+000   9.5818998017E-001
   3.7107349518E+000   1.2066959664E+000
   3.8653489082E+000   1.5331604510E+000
   4.0199628645E+000   1.9437000377E+000
   4.1745768208E+000   2.4225355811E+000
   4.3291907772E+000   2.9201634078E+000
   4.4838047335E+000   3.3590162697E+000
   4.6384186898E+000   3.6690523462E+000
   4.7930326461E+000   3.8327325638E+000
   4.9476466025E+000   3.8916313204E+000
   5.1022605588E+000   3.9040843510E+000
   5.2568745151E+000   3.9040525517E+000
   5.4114884714E+000   3.9002626299E+000
   5.5661024278E+000   3.8908162133E+000
   5.7207163841E+000   3.8560618917E+000
   5.8753303404E+000   3.7460263968E+000
   6.0299442968E+000   3.5044141263E+000
   6.1845582531E+000   3.1190952683E+000
   6.3391722094E+000   2.6408094633E+000
   6.4937861657E+000   2.1492868321E+000
   6.6484001221E+000   1.7082377942E+000
   6.8030140784E+000   1.3473381014E+000
   6.9576280347E+000   1.0684900804E+000
   7.1122419910E+000   8.5956474089E-001
   7.2668559474E+000   7.0629906355E-001
   7.4214699037E+000   5.9749441893E-001
   7.5760838600E+000   5.2430286935E-001
   7.7306978164E+000   4.7985594387E-001
   7.8853117727E+000   4.6053894891E-001
   8.0399257290E+000   4.6519691582E-001
   8.1945396853E+000   4.9366882981E-001
   8.3491536417E+000   5.4800629811E-001
   8.5037675980E+000   6.3350299060E-001
   8.6583815543E+000   7.5728307194E-001
   8.8129955106E+000   9.2839787358E-001
   8.9676094670E+000   1.1597809463E+000
   9.1222234233E+000   1.4660599342E+000
   9.2768373796E+000   1.8555123058E+000
   9.4314513359E+000   2.3186483731E+000
   9.5860652923E+000   2.8152156505E+000
   9.7406792486E+000   3.2720212329E+000
   9.8952932049E+000   3.6118087067E+000
   1.0049907161E+001   3.8021259977E+000
   1.0204521118E+001   3.8740945139E+000
   1.0359135074E+001   3.8878032987E+000
   1.0513749030E+001   3.8867657705E+000
   1.0668362987E+001   3.8869158143E+000
   1.0822976943E+001   3.8877041121E+000
   1.0977590899E+001   3.8703364502E+000
   1.1132204856E+001   3.7875542757E+000
   1.1286818812E+001   3.5802686830E+000
   1.1441432768E+001   3.2241101914E+000
   1.1596046725E+001   2.7580746177E+000
   1.1750660681E+001   2.2610815960E+000
   1.1905274637E+001   1.8039738126E+000
   1.2059888594E+001   1.4232854057E+000
   1.2214502550E+001   1.1253812763E+000
   1.2369116506E+001   9.0082459077E-001
   1.2523730462E+001   7.3537704192E-001
   1.2678344419E+001   6.1632048007E-001
   1.2832958375E+001   5.3447696092E-001
   1.2987572331E+001   4.8323895591E-001
   1.3142186288E+001   4.5797425000E-001
   1.3296800244E+001   4.5654610063E-001
   1.3451414200E+001   4.7908354084E-001
   1.3606028157E+001   5.2736942388E-001
   1.3760642113E+001   6.0531267952E-001
   1.3915256069E+001   7.1956468789E-001
   1.4069870026E+001   8.7938779754E-001
   1.4224483982E+001   1.0967336749E+000
   1.4379097938E+001   1.3855741048E+000
   1.4533711895E+001   1.7568084433E+000
   1.4688325851E+001   2.2066950818E+000
   1.4842939807E+001   2.7021395736E+000
   1.4997553764E+001   3.1755691390E+000
   1.5152167720E+001   3.5472566846E+000
   1.5306781676E+001   3.7714671718E+000
   1.5461395633E+001   3.8655090368E+000
   1.5616009589E+001   3.8874521712E+000
   1.5770623545E+001   3.8878052478E+000
   1.5925237502E+001   3.8875957834E+000
   1.6079851458E+001   3.8885371965E+000
   1.6234465414E+001   3.8776006859E+000
   1.6389079371E+001   3.8146385252E+000
   1.6543693327E+001   3.6390480944E+000
   1.6698307283E+001   3.3142530136E+000
   1.6852921240E+001   2.8662465295E+000
   1.7007535196E+001   2.3694637432E+000
   1.7162149152E+001   1.8991249596E+000
   1.7316763109E+001   1.4998137364E+000
   1.7471377065E+001   1.1841763368E+000
   1.7625991021E+001   9.4485770278E-001
   1.7780604978E+001   7.6732024819E-001
   1.7935218934E+001   6.3872961888E-001
   1.8089832890E+001   5.4964063347E-001
   1.8244446847E+001   4.9226273214E-001
   1.8399060803E+001   4.6121409566E-001
   1.8553674759E+001   4.5454961131E-001
   1.8708288716E+001   4.7197725056E-001
   1.8862902672E+001   5.1419440219E-001
   1.9017516628E+001   5.8485469415E-001
   1.9172130585E+001   6.9060430800E-001
   1.9326744541E+001   8.3956466900E-001
   1.9481358497E+001   1.0426135252E+000
   1.9635972454E+001   1.3142670374E+000
   1.9790586410E+001   1.6671400981E+000
   1.9945200366E+001   2.1011820921E+000
   2.0099814323E+001   2.5909087351E+000
   2.0254428279E+001   3.0764799318E+000
   2.0409042235E+001   3.4769753664E+000
   2.0563656191E+001   3.7344195259E+000
   2.0718270148E+001   3.8527722723E+000
   2.0872884104E+001   3.8858439055E+000
   2.1027498060E+001   3.8883944672E+000
   2.1182112017E+001   3.8873075430E+000
   2.1336725973E+001   3.8883408740E+000
   2.1491339929E+001   3.8827708605E+000
   2.1645953886E+001   3.8363397506E+000
   2.1800567842E+001   3.6902872217E+000
   2.1955181798E+001   3.3989850826E+000
   2.2109795755E+001   2.9732804293E+000
   2.2264409711E+001   2.4798561333E+000
   2.2419023667E+001   1.9982347521E+000
   2.2573637624E+001   1.5813895038E+000
   2.2728251580E+001   1.2474753819E+000
   2.2882865536E+001   9.9207585488E-001
   2.3037479493E+001   8.0203851856E-001
   2.3192093449E+001   6.6377428812E-001
   2.3346707405E+001   5.6649048457E-001
   2.3501321362E+001   5.0236225371E-001
   2.3655935318E+001   4.6597876303E-001
