  -2.3810549274E+001   4.5526495454E-001
  -2.3655935318E+001   4.6704359052E-001
  -2.3501321362E+001   5.0338575432E-001
  -2.3346707405E+001   5.6743793163E-001
  -2.3192093449E+001   6.6460089802E-001
  -2.3037479493E+001   8.0268674314E-001
  -2.2882865536E+001   9.9247419116E-001
  -2.2728251580E+001   1.2475401361E+000
  -2.2573637624E+001   1.5810331554E+000
  -2.2419023667E+001   1.9973889310E+000
  -2.2264409711E+001   2.4785211851E+000
  -2.2109795755E+001   2.9716082034E+000
  -2.1955181798E+001   3.3973725326E+000
  -2.1800567842E+001   3.6894024322E+000
  -2.1645953886E+001   3.8369661969E+000
  -2.1491339929E+001   3.8854344734E+000
  -2.1336725973E+001   3.8928949199E+000
  -2.1182112017E+001   3.8928098371E+000
  -2.1027498060E+001   3.8934767253E+000
  -2.0872884104E+001   3.8893778473E+000
  -2.0718270148E+001   3.8543626705E+000
  -2.0563656191E+001   3.7344116811E+000
  -2.0409042235E+001   3.4760847450E+000
  -2.0254428279E+001   3.0753890600E+000
  -2.0099814323E+001   2.5900633354E+000
  -1.9945200366E+001   2.1007851741E+000
  -1.9790586410E+001   1.6672329393E+000
  -1.9635972454E+001   1.3148103100E+000
  -1.9481358497E+001   1.0435390098E+000
  -1.9326744541E+001   8.4080128738E-001
  -1.9172130585E+001   6.9208928433E-001
  -1.9017516628E+001   5.8653683728E-001
  -1.8862902672E+001   5.1603372388E-001
  -1.8708288716E+001   4.7394323736E-001
  -1.8553674759E+001   4.5661782423E-001
  -1.8399060803E+001   4.6336121421E-001
  -1.8244446847E+001   4.9446151876E-001
  -1.8089832890E+001   5.5185411724E-001
  -1.7935218934E+001   6.4090362916E-001
  -1.7780604978E+001   7.6937703471E-001
  -1.7625991021E+001   9.4669246688E-001
  -1.7471377065E+001   1.1856567087E+000
  -1.7316763109E+001   1.5007896110E+000
  -1.7162149152E+001   1.8994628707E+000
  -1.7007535196E+001   2.3691120692E+000
  -1.6852921240E+001   2.8653144318E+000
  -1.6698307283E+001   3.3130469910E+000
  -1.6543693327E+001   3.6379902762E+000
  -1.6389079371E+001   3.8140693651E+000
  -1.6234465414E+001   3.8776102472E+000
  -1.6079851458E+001   3.8889705681E+000
  -1.5925237502E+001   3.8881874423E+000
  -1.5770623545E+001   3.8882771620E+000
  -1.5616009589E+001   3.8875308638E+000
  -1.5461395633E+001   3.8649701739E+000
  -1.5306781676E+001   3.7702603950E+000
  -1.5152167720E+001   3.5455929374E+000
  -1.4997553764E+001   3.1738417630E+000
  -1.4842939807E+001   2.7007290028E+000
  -1.4688325851E+001   2.2058202199E+000
  -1.4533711895E+001   1.7565058722E+000
  -1.4379097938E+001   1.3857617435E+000
  -1.4224483982E+001   1.0972866238E+000
  -1.4069870026E+001   8.8018735724E-001
  -1.3915256069E+001   7.2051556550E-001
  -1.3760642113E+001   6.0634365851E-001
  -1.3606028157E+001   5.2843118254E-001
  -1.3451414200E+001   4.8014315379E-001
  -1.3296800244E+001   4.5757768439E-001
  -1.3142186288E+001   4.5895248723E-001
  -1.2987572331E+001   4.8413520420E-001
  -1.2832958375E+001   5.3525193689E-001
  -1.2678344419E+001   6.1691785970E-001
  -1.2523730462E+001   7.3572458478E-001
  -1.2369116506E+001   9.0083767715E-001
  -1.2214502550E+001   1.1249683119E+000
  -1.2059888594E+001   1.4223713198E+000
  -1.1905274637E+001   1.8025532979E+000
  -1.1750660681E+001   2.2592942282E+000
  -1.1596046725E+001   2.7562688557E+000
  -1.1441432768E+001   3.2228095689E+000
  -1.1286818812E+001   3.5799447075E+000
  -1.1132204856E+001   3.7882977879E+000
  -1.0977590899E+001   3.8717629003E+000
  -1.0822976943E+001   3.8892870295E+000
  -1.0668362987E+001   3.8884300273E+000
  -1.0513749030E+001   3.8883387992E+000
  -1.0359135074E+001   3.8895423810E+000
  -1.0204521118E+001   3.8757528871E+000
  -1.0049907161E+001   3.8031845751E+000
  -9.8952932049E+000   3.6118611374E+000
  -9.7406792486E+000   3.2710533920E+000
  -9.5860652923E+000   2.8135553187E+000
  -9.4314513359E+000   2.3167291758E+000
  -9.2768373796E+000   1.8536926005E+000
  -9.1222234233E+000   1.4645679163E+000
  -8.9676094670E+000   1.1587336885E+000
  -8.8129955106E+000   9.2784529339E-001
  -8.6583815543E+000   7.5724469409E-001
  -8.5037675980E+000   6.3398006764E-001
  -8.3491536417E+000   5.4898427297E-001
  -8.1945396853E+000   4.9512709323E-001
  -8.0399257290E+000   4.6711534218E-001
  -7.8853117727E+000   4.6289381472E-001
  -7.7306978164E+000   4.8261754703E-001
  -7.5760838600E+000   5.2743584607E-001
  -7.4214699037E+000   6.0094926214E-001
  -7.2668559474E+000   7.1000062516E-001
  -7.1122419910E+000   8.6340966850E-001
  -6.9576280347E+000   1.0723471923E+000
  -6.8030140784E+000   1.3510483914E+000
  -6.6484001221E+000   1.7116295131E+000
  -6.4937861657E+000   2.1522134615E+000
  -6.3391722094E+000   2.6431982312E+000
  -6.1845582531E+000   3.1209844303E+000
  -6.0299442968E+000   3.5059415923E+000
  -5.8753303404E+000   3.7473425773E+000
  -5.7207163841E+000   3.8572252134E+000
  -5.5661024278E+000   3.8917865055E+000
  -5.4114884714E+000   3.9009997166E+000
  -5.2568745151E+000   3.9045834195E+000
  -5.1022605588E+000   3.9044539360E+000
  -4.9476466025E+000   3.8918277506E+000
  -4.7930326461E+000   3.8327095626E+000
  -4.6384186898E+000   3.6688249996E+000
  -4.4838047335E+000   3.3587054177E+000
  -4.3291907772E+000   2.9199359313E+000
  -4.1745768208E+000   2.4225099084E+000
  -4.0199628645E+000   1.9439033383E+000
  -3.8653489082E+000   1.5335505305E+000
  -3.7107349518E+000   1.2072054145E+000
  -3.5561209955E+000   9.5875726153E-001
  -3.4015070392E+000   7.7426197677E-001
  -3.2468930829E+000   6.4067389740E-001
  -3.0922791265E+000   5.4772808007E-001
  -2.9376651702E+000   4.8732845196E-001
  -2.7830512139E+000   4.5420239381E-001
  -2.6284372576E+000   4.4596105379E-001
  -2.4738233012E+000   4.6169493009E-001
  -2.3192093449E+000   5.0209752573E-001
  -2.1645953886E+000   5.7079563576E-001
  -2.0099814323E+000   6.7381090084E-001
  -1.8553674759E+000   8.1879629387E-001
  -1.7007535196E+000   1.0165574077E+000
  -1.5461395633E+000   1.2811977249E+000
  -1.3915256069E+000   1.6250978636E+000
  -1.2369116506E+000   2.0497622725E+000
  -1.0822976943E+000   2.5330998858E+000
  -9.2768373796E-001   3.0187301792E+000
  -7.7306978164E-001   3.4274792997E+000
  -6.1845582531E-001   3.7005180807E+000
  -4.6384186898E-001   3.8387776777E+000
  -3.0922791265E-001   3.8921332939E+000
  -1.5461395633E-001   3.9106951236E+000
   0.0000000000E+000   3.9158773947E+000
   1.5461395633E-001   3.9106951231E+000
   3.0922791265E-001   3.8921332932E+000
   4.6384186898E-001   3.8387776767E+000
   6.1845582531E-001   3.7005180796E+000
   7.7306978164E-001   3.4274792986E+000
   9.2768373796E-001   3.0187301783E+000
   1.0822976943E+000   2.5330998852E+000
   1.2369116506E+000   2.0497622723E+000
   1.3915256069E+000   1.6250978639E+000
   1.5461395633E+000   1.2811977259E+000
   1.7007535196E+000   1.0165574094E+000
   1.8553674759E+000   8.1879629633E-001
   2.0099814323E+000   6.7381090406E-001
   2.1645953886E+000   5.7079563974E-001
   2.3192093449E+000   5.0209753044E-001
   2.4738233012E+000   4.6169493550E-001
   2.6284372576E+000   4.4596105983E-001
   2.7830512139E+000   4.5420240042E-001
   2.9376651702E+000   4.8732845906E-001
   3.0922791265E+000   5.4772808756E-001
   3.2468930829E+000   6.4067390515E-001
   3.4015070392E+000   7.7426198462E-001
   3.5561209955E+000   9.5875726928E-001
   3.7107349518E+000   1.2072054219E+000
   3.8653489082E+000   1.5335505372E+000
   4.0199628645E+000   1.9439033439E+000
   4.1745768208E+000   2.4225099125E+000
   4.3291907772E+000   2.9199359335E+000
   4.4838047335E+000   3.3587054179E+000
   4.6384186898E+000   3.6688249980E+000
   4.7930326461E+000   3.8327095594E+000
   4.9476466025E+000   3.8918277463E+000
   5.1022605588E+000   3.9044539308E+000
   5.2568745151E+000   3.9045834135E+000
   5.4114884714E+000   3.9009997097E+000
   5.5661024278E+000   3.8917864978E+000
   5.7207163841E+000   3.8572252052E+000
   5.8753303404E+000   3.7473425690E+000
   6.0299442968E+000   3.5059415845E+000
   6.1845582531E+000   3.1209844233E+000
   6.3391722094E+000   2.6431982250E+000
   6.4937861657E+000   2.1522134560E+000
   6.6484001221E+000   1.7116295079E+000
   6.8030140784E+000   1.3510483863E+000
   6.9576280347E+000   1.0723471874E+000
   7.1122419910E+000   8.6340966379E-001
   7.2668559474E+000   7.1000062073E-001
   7.4214699037E+000   6.0094925808E-001
   7.5760838600E+000   5.2743584243E-001
   7.7306978164E+000   4.8261754382E-001
   7.8853117727E+000   4.6289381194E-001
   8.0399257290E+000   4.6711533980E-001
   8.1945396853E+000   4.9512709125E-001
   8.3491536417E+000   5.4898427141E-001
   8.5037675980E+000   6.3398006655E-001
   8.6583815543E+000   7.5724469358E-001
   8.8129955106E+000   9.2784529362E-001
   8.9676094670E+000   1.1587336897E+000
   9.1222234233E+000   1.4645679187E+000
   9.2768373796E+000   1.8536926043E+000
   9.4314513359E+000   2.3167291812E+000
   9.5860652923E+000   2.8135553257E+000
   9.7406792486E+000   3.2710534003E+000
   9.8952932049E+000   3.6118611465E+000
   1.0049907161E+001   3.8031845847E+000
   1.0204521118E+001   3.8757528968E+000
   1.0359135074E+001   3.8895423908E+000
   1.0513749030E+001   3.8883388093E+000
   1.0668362987E+001   3.8884300379E+000
   1.0822976943E+001   3.8892870406E+000
   1.0977590899E+001   3.8717629121E+000
   1.1132204856E+001   3.7882978004E+000
   1.1286818812E+001   3.5799447204E+000
   1.1441432768E+001   3.2228095815E+000
   1.1596046725E+001   2.7562688676E+000
   1.1750660681E+001   2.2592942391E+000
   1.1905274637E+001   1.8025533079E+000
   1.2059888594E+001   1.4223713289E+000
   1.2214502550E+001   1.1249683203E+000
   1.2369116506E+001   9.0083768497E-001
   1.2523730462E+001   7.3572459215E-001
   1.2678344419E+001   6.1691786672E-001
   1.2832958375E+001   5.3525194363E-001
   1.2987572331E+001   4.8413521073E-001
   1.3142186288E+001   4.5895249361E-001
   1.3296800244E+001   4.5757769067E-001
   1.3451414200E+001   4.8014316002E-001
   1.3606028157E+001   5.2843118880E-001
   1.3760642113E+001   6.0634366485E-001
   1.3915256069E+001   7.2051557202E-001
   1.4069870026E+001   8.8018736403E-001
   1.4224483982E+001   1.0972866310E+000
   1.4379097938E+001   1.3857617513E+000
   1.4533711895E+001   1.7565058806E+000
   1.4688325851E+001   2.2058202292E+000
   1.4842939807E+001   2.7007290128E+000
   1.4997553764E+001   3.1738417737E+000
   1.5152167720E+001   3.5455929483E+000
   1.5306781676E+001   3.7702604057E+000
   1.5461395633E+001   3.8649701840E+000
   1.5616009589E+001   3.8875308734E+000
   1.5770623545E+001   3.8882771712E+000
   1.5925237502E+001   3.8881874513E+000
   1.6079851458E+001   3.8889705773E+000
   1.6234465414E+001   3.8776102568E+000
   1.6389079371E+001   3.8140693751E+000
   1.6543693327E+001   3.6379902862E+000
   1.6698307283E+001   3.3130470008E+000
   1.6852921240E+001   2.8653144408E+000
   1.7007535196E+001   2.3691120773E+000
   1.7162149152E+001   1.8994628777E+000
   1.7316763109E+001   1.5007896170E+000
   1.7471377065E+001   1.1856567139E+000
   1.7625991021E+001   9.4669247137E-001
   1.7780604978E+001   7.6937703863E-001
   1.7935218934E+001   6.4090363261E-001
   1.8089832890E+001   5.5185412030E-001
   1.8244446847E+001   4.9446152150E-001
   1.8399060803E+001   4.6336121668E-001
   1.8553674759E+001   4.5661782648E-001
   1.8708288716E+001   4.7394323943E-001
   1.8862902672E+001   5.1603372580E-001
   1.9017516628E+001   5.8653683909E-001
   1.9172130585E+001   6.9208928607E-001
   1.9326744541E+001   8.4080128909E-001
   1.9481358497E+001   1.0435390115E+000
   1.9635972454E+001   1.3148103117E+000
   1.9790586410E+001   1.6672329411E+000
   1.9945200366E+001   2.1007851760E+000
   2.0099814323E+001   2.5900633374E+000
   2.0254428279E+001   3.0753890620E+000
   2.0409042235E+001   3.4760847470E+000
   2.0563656191E+001   3.7344116829E+000
   2.0718270148E+001   3.8543626718E+000
   2.0872884104E+001   3.8893778480E+000
   2.1027498060E+001   3.8934767255E+000
   2.1182112017E+001   3.8928098371E+000
   2.1336725973E+001   3.8928949202E+000
   2.1491339929E+001   3.8854344740E+000
   2.1645953886E+001   3.8369661979E+000
   2.1800567842E+001   3.6894024336E+000
   2.1955181798E+001   3.3973725341E+000
   2.2109795755E+001   2.9716082048E+000
   2.2264409711E+001   2.4785211864E+000
   2.2419023667E+001   1.9973889321E+000
   2.2573637624E+001   1.5810331562E+000
   2.2728251580E+001   1.2475401368E+000
   2.2882865536E+001   9.9247419171E-001
   2.3037479493E+001   8.0268674356E-001
   2.3192093449E+001   6.6460089833E-001
   2.3346707405E+001   5.6743793185E-001
   2.3501321362E+001   5.0338575445E-001
   2.3655935318E+001   4.6704359059E-001
