  -2.3810549274E+001   4.5424903500E-001
  -2.3655935318E+001   4.6604021269E-001
  -2.3501321362E+001   5.0242230354E-001
  -2.3346707405E+001   5.6654847863E-001
  -2.3192093449E+001   6.6383000581E-001
  -2.3037479493E+001   8.0209238687E-001
  -2.2882865536E+001   9.9212918892E-001
  -2.2728251580E+001   1.2475306384E+000
  -2.2573637624E+001   1.5814504892E+000
  -2.2419023667E+001   1.9983066349E+000
  -2.2264409711E+001   2.4799449974E+000
  -2.2109795755E+001   2.9733920798E+000
  -2.1955181798E+001   3.3991231083E+000
  -2.1800567842E+001   3.6904510927E+000
  -2.1645953886E+001   3.8365245166E+000
  -2.1491339929E+001   3.8829695717E+000
  -2.1336725973E+001   3.8885486072E+000
  -2.1182112017E+001   3.8875237497E+000
  -2.1027498060E+001   3.8886212019E+000
  -2.0872884104E+001   3.8860813617E+000
  -2.0718270148E+001   3.8530159188E+000
  -2.0563656191E+001   3.7346615087E+000
  -2.0409042235E+001   3.4772085751E+000
  -2.0254428279E+001   3.0767011176E+000
  -2.0099814323E+001   2.5911188479E+000
  -1.9945200366E+001   2.1013846494E+000
  -1.9790586410E+001   1.6673392286E+000
  -1.9635972454E+001   1.3144661453E+000
  -1.9481358497E+001   1.0428146932E+000
  -1.9326744541E+001   8.3976854793E-001
  -1.9172130585E+001   6.9081022900E-001
  -1.9017516628E+001   5.8506085785E-001
  -1.8862902672E+001   5.1439807591E-001
  -1.8708288716E+001   4.7217494143E-001
  -1.8553674759E+001   4.5473722159E-001
  -1.8399060803E+001   4.6138707501E-001
  -1.8244446847E+001   4.9241622942E-001
  -1.8089832890E+001   5.4976967325E-001
  -1.7935218934E+001   6.3882933564E-001
  -1.7780604978E+001   7.6738617419E-001
  -1.7625991021E+001   9.4488610834E-001
  -1.7471377065E+001   1.1841646297E+000
  -1.7316763109E+001   1.4997608181E+000
  -1.7162149152E+001   1.8990313006E+000
  -1.7007535196E+001   2.3693309468E+000
  -1.6852921240E+001   2.8660763764E+000
  -1.6698307283E+001   3.3140465097E+000
  -1.6543693327E+001   3.6388054897E+000
  -1.6389079371E+001   3.8143605733E+000
  -1.6234465414E+001   3.8772898015E+000
  -1.6079851458E+001   3.8881970436E+000
  -1.5925237502E+001   3.8872299254E+000
  -1.5770623545E+001   3.8874167493E+000
  -1.5616009589E+001   3.8870444366E+000
  -1.5461395633E+001   3.8650862295E+000
  -1.5306781676E+001   3.7710332602E+000
  -1.5152167720E+001   3.5468143595E+000
  -1.4997553764E+001   3.1751201618E+000
  -1.4842939807E+001   2.7016861267E+000
  -1.4688325851E+001   2.2062404830E+000
  -1.4533711895E+001   1.7563566232E+000
  -1.4379097938E+001   1.3851285624E+000
  -1.4224483982E+001   1.0962967047E+000
  -1.4069870026E+001   8.7896026798E-001
  -1.3915256069E+001   7.1914626779E-001
  -1.3760642113E+001   6.0490221706E-001
  -1.3606028157E+001   5.2696526438E-001
  -1.3451414200E+001   4.7868381399E-001
  -1.3296800244E+001   4.5614900977E-001
  -1.3142186288E+001   4.5757828002E-001
  -1.2987572331E+001   4.8284302657E-001
  -1.2832958375E+001   5.3408063923E-001
  -1.2678344419E+001   6.1592419654E-001
  -1.2523730462E+001   7.3498221426E-001
  -1.2369116506E+001   9.0043373275E-001
  -1.2214502550E+001   1.1249980791E+000
  -1.2059888594E+001   1.4229144828E+000
  -1.1905274637E+001   1.8036198044E+000
  -1.1750660681E+001   2.2607475367E+000
  -1.1596046725E+001   2.7577598223E+000
  -1.1441432768E+001   3.2238089623E+000
  -1.1286818812E+001   3.5799719364E+000
  -1.1132204856E+001   3.7872541970E+000
  -1.0977590899E+001   3.8700306167E+000
  -1.0822976943E+001   3.8873958649E+000
  -1.0668362987E+001   3.8866128037E+000
  -1.0513749030E+001   3.8864806999E+000
  -1.0359135074E+001   3.8875562268E+000
  -1.0204521118E+001   3.8739118175E+000
  -1.0049907161E+001   3.8020336185E+000
  -9.8952932049E+000   3.6118235046E+000
  -9.7406792486E+000   3.2721468377E+000
  -9.5860652923E+000   2.8154451681E+000
  -9.4314513359E+000   2.3189704218E+000
  -9.2768373796E+000   1.8559156812E+000
  -9.1222234233E+000   1.4665353852E+000
  -8.9676094670E+000   1.1603210325E+000
  -8.8129955106E+000   9.2899610141E-001
  -8.6583815543E+000   7.5793316559E-001
  -8.5037675980E+000   6.3419869083E-001
  -8.3491536417E+000   5.4874136295E-001
  -8.1945396853E+000   4.9443682100E-001
  -8.0399257290E+000   4.6599090069E-001
  -7.8853117727E+000   4.6135129117E-001
  -7.7306978164E+000   4.8067802101E-001
  -7.5760838600E+000   5.2512473792E-001
  -7.4214699037E+000   5.9830469110E-001
  -7.2668559474E+000   7.0708493762E-001
  -7.1122419910E+000   8.6031198315E-001
  -6.9576280347E+000   1.0691830574E+000
  -6.8030140784E+000   1.3479598278E+000
  -6.6484001221E+000   1.7087696380E+000
  -6.4937861657E+000   2.1497082013E+000
  -6.3391722094E+000   2.6410990273E+000
  -6.1845582531E+000   3.1192353556E+000
  -6.0299442968E+000   3.5043980323E+000
  -5.8753303404E+000   3.7458649394E+000
  -5.7207163841E+000   3.8557838223E+000
  -5.5661024278E+000   3.8904609414E+000
  -5.4114884714E+000   3.8998701025E+000
  -5.2568745151E+000   3.9036562251E+000
  -5.1022605588E+000   3.9037096232E+000
  -4.9476466025E+000   3.8912988677E+000
  -4.7930326461E+000   3.8324622117E+000
  -4.6384186898E+000   3.6688606665E+000
  -4.4838047335E+000   3.3589080674E+000
  -4.3291907772E+000   2.9201265215E+000
  -4.1745768208E+000   2.4225454952E+000
  -4.0199628645E+000   1.9437303211E+000
  -3.8653489082E+000   1.5331911960E+000
  -3.7107349518E+000   1.2067166337E+000
  -3.5561209955E+000   9.5819794269E-001
  -3.4015070392E+000   7.7367692654E-001
  -3.2468930829E+000   6.4008878758E-001
  -3.0922791265E+000   5.4715208369E-001
  -2.9376651702E+000   4.8676016608E-001
  -2.7830512139E+000   4.5363366373E-001
  -2.6284372576E+000   4.4537925800E-001
  -2.4738233012E+000   4.6108684653E-001
  -2.3192093449E+000   5.0145275705E-001
  -2.1645953886E+000   5.7010786657E-001
  -2.0099814323E+000   6.7308077069E-001
  -1.8553674759E+000   8.1803645281E-001
  -1.7007535196E+000   1.0157949944E+000
  -1.5461395633E+000   1.2804754740E+000
  -1.3915256069E+000   1.6244789591E+000
  -1.2369116506E+000   2.0493337548E+000
  -1.0822976943E+000   2.5329598920E+000
  -9.2768373796E-001   3.0189420758E+000
  -7.7306978164E-001   3.4279819363E+000
  -6.1845582531E-001   3.7010326065E+000
  -4.6384186898E-001   3.8388365968E+000
  -3.0922791265E-001   3.8913281203E+000
  -1.5461395633E-001   3.9090152654E+000
   0.0000000000E+000   3.9138269263E+000
   1.5461395633E-001   3.9090152648E+000
   3.0922791265E-001   3.8913281192E+000
   4.6384186898E-001   3.8388365954E+000
   6.1845582531E-001   3.7010326049E+000
   7.7306978164E-001   3.4279819346E+000
   9.2768373796E-001   3.0189420742E+000
   1.0822976943E+000   2.5329598906E+000
   1.2369116506E+000   2.0493337537E+000
   1.3915256069E+000   1.6244789583E+000
   1.5461395633E+000   1.2804754737E+000
   1.7007535196E+000   1.0157949946E+000
   1.8553674759E+000   8.1803645347E-001
   2.0099814323E+000   6.7308077184E-001
   2.1645953886E+000   5.7010786819E-001
   2.3192093449E+000   5.0145275911E-001
   2.4738233012E+000   4.6108684900E-001
   2.6284372576E+000   4.4537926084E-001
   2.7830512139E+000   4.5363366689E-001
   2.9376651702E+000   4.8676016953E-001
   3.0922791265E+000   5.4715208737E-001
   3.2468930829E+000   6.4008879143E-001
   3.4015070392E+000   7.7367693051E-001
   3.5561209955E+000   9.5819794669E-001
   3.7107349518E+000   1.2067166376E+000
   3.8653489082E+000   1.5331911998E+000
   4.0199628645E+000   1.9437303247E+000
   4.1745768208E+000   2.4225454983E+000
   4.3291907772E+000   2.9201265241E+000
   4.4838047335E+000   3.3589080691E+000
   4.6384186898E+000   3.6688606672E+000
   4.7930326461E+000   3.8324622112E+000
   4.9476466025E+000   3.8912988658E+000
   5.1022605588E+000   3.9037096201E+000
   5.2568745151E+000   3.9036562213E+000
   5.4114884714E+000   3.8998700986E+000
   5.5661024278E+000   3.8904609380E+000
   5.7207163841E+000   3.8557838196E+000
   5.8753303404E+000   3.7458649374E+000
   6.0299442968E+000   3.5043980308E+000
   6.1845582531E+000   3.1192353542E+000
   6.3391722094E+000   2.6410990257E+000
   6.4937861657E+000   2.1497081993E+000
   6.6484001221E+000   1.7087696354E+000
   6.8030140784E+000   1.3479598246E+000
   6.9576280347E+000   1.0691830537E+000
   7.1122419910E+000   8.6031197916E-001
   7.2668559474E+000   7.0708493343E-001
   7.4214699037E+000   5.9830468684E-001
   7.5760838600E+000   5.2512473370E-001
   7.7306978164E+000   4.8067801691E-001
   7.8853117727E+000   4.6135128725E-001
   8.0399257290E+000   4.6599089701E-001
   8.1945396853E+000   4.9443681759E-001
   8.3491536417E+000   5.4874135986E-001
   8.5037675980E+000   6.3419868811E-001
   8.6583815543E+000   7.5793316329E-001
   8.8129955106E+000   9.2899609959E-001
   8.9676094670E+000   1.1603210312E+000
   9.1222234233E+000   1.4665353845E+000
   9.2768373796E+000   1.8559156810E+000
   9.4314513359E+000   2.3189704221E+000
   9.5860652923E+000   2.8154451688E+000
   9.7406792486E+000   3.2721468387E+000
   9.8952932049E+000   3.6118235057E+000
   1.0049907161E+001   3.8020336196E+000
   1.0204521118E+001   3.8739118189E+000
   1.0359135074E+001   3.8875562287E+000
   1.0513749030E+001   3.8864807024E+000
   1.0668362987E+001   3.8866128072E+000
   1.0822976943E+001   3.8873958695E+000
   1.0977590899E+001   3.8700306224E+000
   1.1132204856E+001   3.7872542037E+000
   1.1286818812E+001   3.5799719438E+000
   1.1441432768E+001   3.2238089702E+000
   1.1596046725E+001   2.7577598305E+000
   1.1750660681E+001   2.2607475451E+000
   1.1905274637E+001   1.8036198129E+000
   1.2059888594E+001   1.4229144914E+000
   1.2214502550E+001   1.1249980877E+000
   1.2369116506E+001   9.0043374136E-001
   1.2523730462E+001   7.3498222286E-001
   1.2678344419E+001   6.1592420511E-001
   1.2832958375E+001   5.3408064776E-001
   1.2987572331E+001   4.8284303505E-001
   1.3142186288E+001   4.5757828844E-001
   1.3296800244E+001   4.5614901813E-001
   1.3451414200E+001   4.7868382229E-001
   1.3606028157E+001   5.2696527262E-001
   1.3760642113E+001   6.0490222523E-001
   1.3915256069E+001   7.1914627591E-001
   1.4069870026E+001   8.7896027603E-001
   1.4224483982E+001   1.0962967127E+000
   1.4379097938E+001   1.3851285703E+000
   1.4533711895E+001   1.7563566311E+000
   1.4688325851E+001   2.2062404908E+000
   1.4842939807E+001   2.7016861344E+000
   1.4997553764E+001   3.1751201694E+000
   1.5152167720E+001   3.5468143671E+000
   1.5306781676E+001   3.7710332677E+000
   1.5461395633E+001   3.8650862369E+000
   1.5616009589E+001   3.8870444439E+000
   1.5770623545E+001   3.8874167564E+000
   1.5925237502E+001   3.8872299324E+000
   1.6079851458E+001   3.8881970505E+000
   1.6234465414E+001   3.8772898082E+000
   1.6389079371E+001   3.8143605799E+000
   1.6543693327E+001   3.6388054961E+000
   1.6698307283E+001   3.3140465159E+000
   1.6852921240E+001   2.8660763824E+000
   1.7007535196E+001   2.3693309526E+000
   1.7162149152E+001   1.8990313062E+000
   1.7316763109E+001   1.4997608235E+000
   1.7471377065E+001   1.1841646349E+000
   1.7625991021E+001   9.4488611332E-001
   1.7780604978E+001   7.6738617897E-001
   1.7935218934E+001   6.3882934021E-001
   1.8089832890E+001   5.4976967762E-001
   1.8244446847E+001   4.9241623359E-001
   1.8399060803E+001   4.6138707900E-001
   1.8553674759E+001   4.5473722539E-001
   1.8708288716E+001   4.7217494505E-001
   1.8862902672E+001   5.1439807937E-001
   1.9017516628E+001   5.8506086115E-001
   1.9172130585E+001   6.9081023214E-001
   1.9326744541E+001   8.3976855092E-001
   1.9481358497E+001   1.0428146961E+000
   1.9635972454E+001   1.3144661480E+000
   1.9790586410E+001   1.6673392312E+000
   1.9945200366E+001   2.1013846519E+000
   2.0099814323E+001   2.5911188503E+000
   2.0254428279E+001   3.0767011198E+000
   2.0409042235E+001   3.4772085772E+000
   2.0563656191E+001   3.7346615106E+000
   2.0718270148E+001   3.8530159207E+000
   2.0872884104E+001   3.8860813635E+000
   2.1027498060E+001   3.8886212035E+000
   2.1182112017E+001   3.8875237513E+000
   2.1336725973E+001   3.8885486086E+000
   2.1491339929E+001   3.8829695731E+000
   2.1645953886E+001   3.8365245179E+000
   2.1800567842E+001   3.6904510939E+000
   2.1955181798E+001   3.3991231094E+000
   2.2109795755E+001   2.9733920808E+000
   2.2264409711E+001   2.4799449983E+000
   2.2419023667E+001   1.9983066357E+000
   2.2573637624E+001   1.5814504899E+000
   2.2728251580E+001   1.2475306391E+000
   2.2882865536E+001   9.9212918945E-001
   2.3037479493E+001   8.0209238731E-001
   2.3192093449E+001   6.6383000616E-001
   2.3346707405E+001   5.6654847889E-001
   2.3501321362E+001   5.0242230372E-001
   2.3655935318E+001   4.6604021278E-001
