   0.000          1.64751673          1.64751673          1.64751673          1.12498963          1.12498963          1.12498963
   0.054          1.64717150          1.64717150          1.64717150          1.12498951          1.12498951          1.12498951
   0.108          1.64623713          1.64623713          1.64623713          1.12659621          1.12659621          1.12659621
   0.161          1.64450932          1.64450932          1.64450932          1.12989986          1.12989986          1.12989986
   0.215          1.64031589          1.64031589          1.64031589          1.13503420          1.13503420          1.13503420
   0.269          1.62957668          1.62957668          1.62957668          1.14210534          1.14210534          1.14210534
   0.323          1.60612166          1.60612166          1.60612166          1.15112853          1.15112853          1.15112853
   0.376          1.56340754          1.56340754          1.56340754          1.16200221          1.16200221          1.16200221
   0.430          1.49698436          1.49698436          1.49698436          1.17451918          1.17451918          1.17451918
   0.484          1.40657735          1.40657735          1.40657735          1.18840742          1.18840742          1.18840742
   0.538          1.29668665          1.29668665          1.29668665          1.20337093          1.20337093          1.20337093
   0.591          1.17542124          1.17542124          1.17542124          1.21910810          1.21910810          1.21910810
   0.645          1.05234718          1.05234718          1.05234718          1.23529935          1.23529935          1.23529935
   0.699          0.93617862          0.93617862          0.93617862          1.25157058          1.25157058          1.25157058
   0.753          0.83336240          0.83336240          0.83336240          1.26745701          1.26745701          1.26745701
   0.807          0.74761838          0.74761838          0.74761838          1.28239465          1.28239465          1.28239465
   0.860          0.68031800          0.68031800          0.68031800          1.29574895          1.29574895          1.29574895
   0.914          0.63133371          0.63133371          0.63133371          1.30687821          1.30687821          1.30687821
   0.968          0.59979826          0.59979826          0.59979826          1.31520617          1.31520617          1.31520617
   1.022          0.58483291          0.58483291          0.58483291          1.32028711          1.32028711          1.32028711
   1.075          0.58592325          0.58592325          0.58592325          1.32184565          1.32184565          1.32184565
   1.129          0.60310322          0.60310322          0.60310322          1.31979752          1.31979752          1.31979752
   1.183          0.63696235          0.63696235          0.63696235          1.31425369          1.31425369          1.31425369
   1.237          0.68840331          0.68840331          0.68840331          1.30551398          1.30551398          1.30551398
   1.290          0.75823092          0.75823092          0.75823092          1.29404509          1.29404509          1.29404509
   1.344          0.84643608          0.84643608          0.84643608          1.28043628          1.28043628          1.28043628
   1.398          0.95134574          0.95134574          0.95134574          1.26533306          1.26533306          1.26533306
   1.452          1.06889820          1.06889820          1.06889820          1.24936318          1.24936318          1.24936318
   1.506          1.19228089          1.19228089          1.19228089          1.23307776          1.23307776          1.23307776
   1.559          1.31255031          1.31255031          1.31255031          1.21692789          1.21692789          1.21692789
   1.613          1.42019486          1.42019486          1.42019486          1.20127809          1.20127809          1.20127809
   1.667          1.50749576          1.50749576          1.50749576          1.18644369          1.18644369          1.18644369
   1.721          1.57056415          1.57056415          1.57056415          1.17272532          1.17272532          1.17272532
   1.774          1.61032343          1.61032343          1.61032343          1.16041744          1.16041744          1.16041744
   1.828          1.63163829          1.63163829          1.63163829          1.14978588          1.14978588          1.14978588
   1.882          1.64115262          1.64115262          1.64115262          1.14102530          1.14102530          1.14102530
   1.936          1.64482522          1.64482522          1.64482522          1.13422191          1.13422191          1.13422191
   1.989          1.64638793          1.64638793          1.64638793          1.12934470          1.12934470          1.12934470
   2.043          1.64726067          1.64726067          1.64726067          1.12627983          1.12627983          1.12627983
   2.097          1.64751709          1.64751709          1.64751709          1.12489581          1.12489581          1.12489581
   2.151          1.64707839          1.64707839          1.64707839          1.12511265          1.12511265          1.12511265
   2.205          1.64606345          1.64606345          1.64606345          1.12694383          1.12694383          1.12694383
   2.258          1.64414203          1.64414203          1.64414203          1.13048911          1.13048911          1.13048911
   2.312          1.63934588          1.63934588          1.63934588          1.13588285          1.13588285          1.13588285
   2.366          1.62728059          1.62728059          1.62728059          1.14322186          1.14322186          1.14322186
   2.420          1.60156870          1.60156870          1.60156870          1.15250623          1.15250623          1.15250623
   2.473          1.55580401          1.55580401          1.55580401          1.16361785          1.16361785          1.16361785
   2.527          1.48601556          1.48601556          1.48601556          1.17633867          1.17633867          1.17633867
   2.581          1.39258647          1.39258647          1.39258647          1.19039094          1.19039094          1.19039094
   2.635          1.28061152          1.28061152          1.28061152          1.20547771          1.20547771          1.20547771
   2.688          1.15853679          1.15853679          1.15853679          1.22129655          1.22129655          1.22129655
   2.742          1.03592753          1.03592753          1.03592753          1.23752260          1.23752260          1.23752260
   2.796          0.92126161          0.92126161          0.92126161          1.25377095          1.25377095          1.25377095
   2.850          0.82061833          0.82061833          0.82061833          1.26956332          1.26956332          1.26956332
   2.904          0.73734528          0.73734528          0.73734528          1.28432333          1.28432333          1.28432333
   2.957          0.67257619          0.67257619          0.67257619          1.29741144          1.29741144          1.29741144
   3.011          0.62602472          0.62602472          0.62602472          1.30819035          1.30819035          1.30819035
   3.065          0.59679580          0.59679580          0.59679580          1.31609845          1.31609845          1.31609845
   3.119          0.58404273          0.58404273          0.58404273          1.32071114          1.32071114          1.32071114
   3.172          0.58731198          0.58731198          0.58731198          1.32177854          1.32177854          1.32177854
   3.226          0.60672182          0.60672182          0.60672182          1.31924272          1.31924272          1.31924272
   3.280          0.64291948          0.64291948          0.64291948          1.31324136          1.31324136          1.31324136
   3.334          0.69683039          0.69683039          0.69683039          1.30409873          1.30409873          1.30409873
   3.388          0.76919633          0.76919633          0.76919633          1.29230154          1.29230154          1.29230154
   3.441          0.85981625          0.85981625          0.85981625          1.27845073          1.27845073          1.27845073
   3.495          0.96675801          0.96675801          0.96675801          1.26319337          1.26319337          1.26319337
   3.549          1.08555877          1.08555877          1.08555877          1.24715018          1.24715018          1.24715018
   3.603          1.20909333          1.20909333          1.20909333          1.23085904          1.23085904          1.23085904
   3.656          1.32816780          1.32816780          1.32816780          1.21475744          1.21475744          1.21475744
   3.710          1.43343556          1.43343556          1.43343556          1.19920075          1.19920075          1.19920075
   3.764          1.51754892          1.51754892          1.51754892          1.18450093          1.18450093          1.18450093
   3.818          1.57728374          1.57728374          1.57728374          1.17095757          1.17095757          1.17095757
   3.871          1.61417532          1.61417532          1.61417532          1.15886331          1.15886331          1.15886331
   3.925          1.63347876          1.63347876          1.63347876          1.14847744          1.14847744          1.14847744
   3.979          1.64188528          1.64188528          1.64188528          1.13998103          1.13998103          1.13998103
   4.033          1.64511895          1.64511895          1.64511895          1.13344419          1.13344419          1.13344419
   4.087          1.64654672          1.64654672          1.64654672          1.12882137          1.12882137          1.12882137
   4.140          1.64733219          1.64733219          1.64733219          1.12599266          1.12599266          1.12599266
   4.194          1.64749372          1.64749372          1.64749372          1.12482905          1.12482905          1.12482905
   4.248          1.64696693          1.64696693          1.64696693          1.12526202          1.12526202          1.12526202
   4.302          1.64587665          1.64587665          1.64587665          1.12731886          1.12731886          1.12731886
   4.355          1.64373434          1.64373434          1.64373434          1.13110757          1.13110757          1.13110757
   4.409          1.63827062          1.63827062          1.63827062          1.13676143          1.13676143          1.13676143
   4.463          1.62472665          1.62472665          1.62472665          1.14436686          1.14436686          1.14436686
   4.517          1.59663737          1.59663737          1.59663737          1.15390837          1.15390837          1.15390837
   4.570          1.54774308          1.54774308          1.54774308          1.16525233          1.16525233          1.16525233
   4.624          1.47460270          1.47460270          1.47460270          1.17816913          1.17816913          1.17816913
   4.678          1.37824810          1.37824810          1.37824810          1.19237733          1.19237733          1.19237733
   4.732          1.26435161          1.26435161          1.26435161          1.20757830          1.20757830          1.20757830
   4.786          1.14164400          1.14164400          1.14164400          1.22346866          1.22346866          1.22346866
   4.839          1.01965940          1.01965940          1.01965940          1.23971736          1.23971736          1.23971736
   4.893          0.90660918          0.90660918          0.90660918          1.25592852          1.25592852          1.25592852
   4.947          0.80818993          0.80818993          0.80818993          1.27160966          1.27160966          1.27160966
   5.001          0.72741938          0.72741938          0.72741938          1.28617334          1.28617334          1.28617334
   5.054          0.66517264          0.66517264          0.66517264          1.29897606          1.29897606          1.29897606
   5.108          0.62104261          0.62104261          0.62104261          1.30938625          1.30938625          1.30938625
   5.162          0.59410149          0.59410149          0.59410149          1.31685829          1.31685829          1.31685829
   5.216          0.58354610          0.58354610          0.58354610          1.32099009          1.32099009          1.32099009
   5.269          0.58899570          0.58899570          0.58899570          1.32155693          1.32155693          1.32155693
   5.323          0.61064559          0.61064559          0.61064559          1.31852818          1.31852818          1.31852818
   5.377          0.64919943          0.64919943          0.64919943          1.31206727          1.31206727          1.31206727
   5.431          0.70559746          0.70559746          0.70559746          1.30252302          1.30252302          1.30252302
   5.485          0.78048760          0.78048760          0.78048760          1.29040098          1.29040098          1.29040098
   5.538          0.87349486          0.87349486          0.87349486          1.27631283          1.27631283          1.27631283
   5.592          0.98237252          0.98237252          0.98237252          1.26090634          1.26090634          1.26090634
   5.646          1.10229349          1.10229349          1.10229349          1.24479294          1.24479294          1.24479294
   5.700          1.22576785          1.22576785          1.22576785          1.22849786          1.22849786          1.22849786
   5.753          1.34350061          1.34350061          1.34350061          1.21244526          1.21244526          1.21244526
   5.807          1.44624090          1.44624090          1.44624090          1.19698262          1.19698262          1.19698262
   5.861          1.52710307          1.52710307          1.52710307          1.18241858          1.18241858          1.18241858
   5.915          1.58352757          1.58352757          1.58352757          1.16905344          1.16905344          1.16905344
   5.968          1.61764443          1.61764443          1.61764443          1.15717733          1.15717733          1.15717733
   6.022          1.63506079          1.63506079          1.63506079          1.14704192          1.14704192          1.14704192
   6.076          1.64245546          1.64245546          1.64245546          1.13881552          1.13881552          1.13881552
   6.130          1.64528668          1.64528668          1.64528668          1.13255179          1.13255179          1.13255179
   6.184          1.64658535          1.64658535          1.64658535          1.12819338          1.12819338          1.12819338
   6.237          1.64726782          1.64726782          1.64726782          1.12561405          1.12561405          1.12561405
   6.291          1.64730072          1.64730072          1.64730072          1.12468922          1.12468922          1.12468922
   6.345          1.64666772          1.64666772          1.64666772          1.12536073          1.12536073          1.12536073
   6.399          1.64544749          1.64544749          1.64544749          1.12766719          1.12766719          1.12766719
   6.452          1.64300346          1.64300346          1.64300346          1.13172233          1.13172233          1.13172233
   6.506          1.63671267          1.63671267          1.63671267          1.13765538          1.13765538          1.13765538
   6.560          1.62155604          1.62155604          1.62155604          1.14554036          1.14554036          1.14554036
   6.614          1.59090638          1.59090638          1.59090638          1.15534532          1.15534532          1.15534532
   6.667          1.53879488          1.53879488          1.53879488          1.16692197          1.16692197          1.16692197
   6.721          1.46228671          1.46228671          1.46228671          1.18003285          1.18003285          1.18003285
   6.775          1.36308169          1.36308169          1.36308169          1.19439268          1.19439268          1.19439268
   6.829          1.24741328          1.24741328          1.24741328          1.20970368          1.20970368          1.20970368
   6.883          1.12424266          1.12424266          1.12424266          1.22565961          1.22565961          1.22565961
   6.936          1.00304341          1.00304341          1.00304341          1.24192274          1.24192274          1.24192274
   6.990          0.89171672          0.89171672          0.89171672          1.25808346          1.25808346          1.25808346
   7.044          0.79559058          0.79559058          0.79559058          1.27363360          1.27363360          1.27363360
   7.098          0.71734041          0.71734041          0.71734041          1.28797388          1.28797388          1.28797388
   7.151          0.65762097          0.65762097          0.65762097          1.30045748          1.30045748          1.30045748
   7.205          0.61591172          0.61591172          0.61591172          1.31046116          1.31046116          1.31046116
   7.259          0.59126770          0.59126770          0.59126770          1.31745684          1.31745684          1.31745684
   7.313          0.58292538          0.58292538          0.58292538          1.32106638          1.32106638          1.32106638
   7.366          0.59058851          0.59058851          0.59058851          1.32109344          1.32109344          1.32109344
   7.420          0.61452818          0.61452818          0.61452818          1.31753540          1.31753540          1.31753540
   7.474          0.65550226          0.65550226          0.65550226          1.31058407          1.31058407          1.31058407
   7.528          0.71445566          0.71445566          0.71445566          1.30061328          1.30061328          1.30061328
   7.582          0.79195911          0.79195911          0.79195911          1.28814781          1.28814781          1.28814781
   7.635          0.88742632          0.88742632          0.88742632          1.27381051          1.27381051          1.27381051
   7.689          0.99829555          0.99829555          0.99829555          1.25824928          1.25824928          1.25824928
   7.743          1.11938310          1.11938310          1.11938310          1.24206674          1.24206674          1.24206674
   7.797          1.24286425          1.24286425          1.24286425          1.22577477          1.22577477          1.22577477
   7.850          1.35932624          1.35932624          1.35932624          1.20978570          1.20978570          1.20978570
   7.904          1.45965195          1.45965195          1.45965195          1.19443917          1.19443917          1.19443917
   7.958          1.53744149          1.53744149          1.53744149          1.18004155          1.18004155          1.18004155
   8.012          1.59073484          1.59073484          1.59073484          1.16689205          1.16689205          1.16689205
   8.065          1.62220943          1.62220943          1.62220943          1.15527773          1.15527773          1.15527773
   8.119          1.63777578          1.63777578          1.63777578          1.14544010          1.14544010          1.14544010
   8.173          1.64406788          1.64406788          1.64406788          1.13753211          1.13753211          1.13753211
   8.227          1.64627850          1.64627850          1.64627850          1.13158882          1.13158882          1.13158882
   8.281          1.64717877          1.64717877          1.64717877          1.12753606          1.12753606          1.12753606
   8.334          1.64751863          1.64751863          1.64751863          1.12523866          1.12523866          1.12523866
   8.388          1.64728165          1.64728165          1.64728165          1.12457168          1.12457168          1.12457168
   8.442          1.64644825          1.64644825          1.64644825          1.12548232          1.12548232          1.12548232
   8.496          1.64507985          1.64507985          1.64507985          1.12801361          1.12801361          1.12801361
   8.549          1.64222825          1.64222825          1.64222825          1.13228047          1.13228047          1.13228047
   8.603          1.63493824          1.63493824          1.63493824          1.13840580          1.13840580          1.13840580
   8.657          1.61782837          1.61782837          1.61782837          1.14645255          1.14645255          1.14645255
   8.711          1.58421195          1.58421195          1.58421195          1.15637922          1.15637922          1.15637922
   8.765          1.52841794          1.52841794          1.52841794          1.16803324          1.16803324          1.16803324
   8.818          1.44815421          1.44815421          1.44815421          1.18117881          1.18117881          1.18117881
   8.872          1.34583580          1.34583580          1.34583580          1.19553852          1.19553852          1.19553852
   8.926          1.22820735          1.22820735          1.22820735          1.21082044          1.21082044          1.21082044
   8.980          1.10451758          1.10451758          1.10451758          1.22671831          1.22671831          1.22671831
   9.033          0.98410475          0.98410475          0.98410475          1.24288249          1.24288249          1.24288249
   9.087          0.87458146          0.87458146          0.87458146          1.25888240          1.25888240          1.25888240
   9.141          0.78088683          0.78088683          0.78088683          1.27418315          1.27418315          1.27418315
   9.195          0.70536369          0.70536369          0.70536369          1.28816032          1.28816032          1.28816032
   9.248          0.64845324          0.64845324          0.64845324          1.30014944          1.30014944          1.30014944
   9.302          0.60951471          0.60951471          0.60951471          1.30951941          1.30951941          1.30951941
   9.356          0.58760166          0.58760166          0.58760166          1.31574368          1.31574368          1.31574368
   9.410          0.58196729          0.58196729          0.58196729          1.31845105          1.31845105          1.31845105
   9.464          0.59236872          0.59236872          0.59236872          1.31745434          1.31745434          1.31745434
   9.517          0.61915624          0.61915624          0.61915624          1.31275952          1.31275952          1.31275952
   9.571          0.66309905          0.66309905          0.66309905          1.30456519          1.30456519          1.30456519
   9.625          0.72513229          0.72513229          0.72513229          1.29324639          1.29324639          1.29324639
   9.679          0.80569786          0.80569786          0.80569786          1.27932227          1.27932227          1.27932227
   9.732          0.90398192          0.90398192          0.90398192          1.26339722          1.26339722          1.26339722
   9.786          1.01706195          1.01706195          1.01706195          1.24608696          1.24608696          1.24608696
   9.840          1.13933563          1.13933563          1.13933563          1.22794747          1.22794747          1.22794747
   9.894          1.26262498          1.26262498          1.26262498          1.20943034          1.20943034          1.20943034
   9.947          1.37733757          1.37733757          1.37733757          1.19087386          1.19087386          1.19087386
  10.001          1.47453296          1.47453296          1.47453296          1.17252648          1.17252648          1.17252648
  10.055          1.54822302          1.54822302          1.54822302          1.15457857          1.15457857          1.15457857
  10.109          1.59706855          1.59706855          1.59706855          1.13718200          1.13718200          1.13718200
  10.163          1.62429380          1.62429380          1.62429380          1.12044489          1.12044489          1.12044489
  10.216          1.63616419          1.63616419          1.63616419          1.10441482          1.10441482          1.10441482
  10.270          1.63943160          1.63943160          1.63943160          1.08906770          1.08906770          1.08906770
  10.324          1.63923430          1.63923430          1.63923430          1.07432890          1.07432890          1.07432890
  10.378          1.63835061          1.63835061          1.63835061          1.06012487          1.06012487          1.06012487
  10.431          1.63757014          1.63757014          1.63757014          1.04645360          1.04645360          1.04645360
  10.485          1.63691151          1.63691151          1.63691151          1.03343701          1.03343701          1.03343701
  10.539          1.63635278          1.63635278          1.63635278          1.02132618          1.02132618          1.02132618
  10.593          1.63566351          1.63566351          1.63566351          1.01045215          1.01045215          1.01045215
  10.646          1.63336742          1.63336742          1.63336742          1.00114048          1.00114048          1.00114048
  10.700          1.62578034          1.62578034          1.62578034          0.99362731          0.99362731          0.99362731
  10.754          1.60692215          1.60692215          1.60692215          0.98800611          0.98800611          0.98800611
  10.808          1.56984162          1.56984162          1.56984162          0.98422295          0.98422295          0.98422295
  10.862          1.50905383          1.50905383          1.50905383          0.98210388          0.98210388          0.98210388
  10.915          1.42280602          1.42280602          1.42280602          0.98139745          0.98139745          0.98139745
  10.969          1.31414282          1.31414282          1.31414282          0.98180830          0.98180830          0.98180830
  11.023          1.19031382          1.19031382          1.19031382          0.98301190          0.98301190          0.98301190
  11.077          1.06070411          1.06070411          1.06070411          0.98465431          0.98465431          0.98465431
  11.130          0.93449879          0.93449879          0.93449879          0.98634917          0.98634917          0.98634917
  11.184          0.81891614          0.81891614          0.81891614          0.98768234          0.98768234          0.98768234
  11.238          0.71842182          0.71842182          0.71842182          0.98822892          0.98822892          0.98822892
  11.292          0.63492894          0.63492894          0.63492894          0.98757678          0.98757678          0.98757678
  11.345          0.56851220          0.56851220          0.56851220          0.98535007          0.98535007          0.98535007
  11.399          0.51824212          0.51824212          0.51824212          0.98122245          0.98122245          0.98122245
  11.453          0.48287407          0.48287407          0.48287407          0.97492433          0.97492433          0.97492433
  11.507          0.46129003          0.46129003          0.46129003          0.96624899          0.96624899          0.96624899
  11.561          0.45267150          0.45267150          0.45267150          0.95506704          0.95506704          0.95506704
  11.614          0.45644835          0.45644835          0.45644835          0.94134980          0.94134980          0.94134980
  11.668          0.47204334          0.47204334          0.47204334          0.92519635          0.92519635          0.92519635
  11.722          0.49851537          0.49851537          0.49851537          0.90684813          0.90684813          0.90684813
  11.776          0.53414482          0.53414482          0.53414482          0.88667554          0.88667554          0.88667554
  11.829          0.57611024          0.57611024          0.57611024          0.86513257          0.86513257          0.86513257
  11.883          0.62052143          0.62052143          0.62052143          0.84268546          0.84268546          0.84268546
  11.937          0.66286582          0.66286582          0.66286582          0.81974268          0.81974268          0.81974268
  11.991          0.69894439          0.69894439          0.69894439          0.79660791          0.79660791          0.79660791
  12.044          0.72588092          0.72588092          0.72588092          0.77347010          0.77347010          0.77347010
  12.098          0.74286610          0.74286610          0.74286610          0.75042552          0.75042552          0.75042552
  12.152          0.75114936          0.75114936          0.75114936          0.72751153          0.72751153          0.72751153
  12.206          0.75332671          0.75332671          0.75332671          0.70473403          0.70473403          0.70473403
  12.260          0.75221187          0.75221187          0.75221187          0.68208003          0.68208003          0.68208003
  12.313          0.74989152          0.74989152          0.74989152          0.65952247          0.65952247          0.65952247
  12.367          0.74736118          0.74736118          0.74736118          0.63703024          0.63703024          0.63703024
  12.421          0.74476194          0.74476194          0.74476194          0.61459607          0.61459607          0.61459607
  12.475          0.74198103          0.74198103          0.74198103          0.59227782          0.59227782          0.59227782
  12.528          0.73895860          0.73895860          0.73895860          0.57023716          0.57023716          0.57023716
  12.582          0.73567277          0.73567277          0.73567277          0.54875225          0.54875225          0.54875225
  12.636          0.73166060          0.73166060          0.73166060          0.52819246          0.52819246          0.52819246
  12.690          0.72548354          0.72548354          0.72548354          0.50895602          0.50895602          0.50895602
  12.743          0.71463007          0.71463007          0.71463007          0.49139297          0.49139297          0.49139297
  12.797          0.69607341          0.69607341          0.69607341          0.47573996          0.47573996          0.47573996
  12.851          0.66729379          0.66729379          0.66729379          0.46208680          0.46208680          0.46208680
  12.905          0.62734520          0.62734520          0.62734520          0.45037827          0.45037827          0.45037827
  12.959          0.57742119          0.57742119          0.57742119          0.44044179          0.44044179          0.44044179
  13.012          0.52059358          0.52059358          0.52059358          0.43202639          0.43202639          0.43202639
  13.066          0.46096867          0.46096867          0.46096867          0.42484006          0.42484006          0.42484006
  13.120          0.40261501          0.40261501          0.40261501          0.41857946          0.41857946          0.41857946
  13.174          0.34876087          0.34876087          0.34876087          0.41295066          0.41295066          0.41295066
  13.227          0.30141464          0.30141464          0.30141464          0.40768200          0.40768200          0.40768200
  13.281          0.26143262          0.26143262          0.26143262          0.40252960          0.40252960          0.40252960
  13.335          0.22880617          0.22880617          0.22880617          0.39727744          0.39727744          0.39727744
  13.389          0.20304939          0.20304939          0.20304939          0.39173421          0.39173421          0.39173421
  13.442          0.18348765          0.18348765          0.18348765          0.38573062          0.38573062          0.38573062
  13.496          0.16947366          0.16947366          0.16947366          0.37912071          0.37912071          0.37912071
  13.550          0.16045392          0.16045392          0.16045392          0.37178904          0.37178904          0.37178904
  13.604          0.15596101          0.15596101          0.15596101          0.36366430          0.36366430          0.36366430
  13.658          0.15553598          0.15553598          0.15553598          0.35473374          0.35473374          0.35473374
  13.711          0.15860564          0.15860564          0.15860564          0.34505188          0.34505188          0.34505188
  13.765          0.16438350          0.16438350          0.16438350          0.33473560          0.33473560          0.33473560
  13.819          0.17184849          0.17184849          0.17184849          0.32394353          0.32394353          0.32394353
  13.873          0.17980549          0.17980549          0.17980549          0.31284487          0.31284487          0.31284487
  13.926          0.18706179          0.18706179          0.18706179          0.30158746          0.30158746          0.30158746
  13.980          0.19266948          0.19266948          0.19266948          0.29027757          0.29027757          0.29027757
  14.034          0.19615589          0.19615589          0.19615589          0.27897668          0.27897668          0.27897668
  14.088          0.19758157          0.19758157          0.19758157          0.26771346          0.26771346          0.26771346
  14.141          0.19742003          0.19742003          0.19742003          0.25650099          0.25650099          0.25650099
  14.195          0.19631301          0.19631301          0.19631301          0.24535055          0.24535055          0.24535055
  14.249          0.19481231          0.19481231          0.19481231          0.23427616          0.23427616          0.23427616
  14.303          0.19323322          0.19323322          0.19323322          0.22329405          0.22329405          0.22329405
  14.357          0.19167002          0.19167002          0.19167002          0.21242285          0.21242285          0.21242285
  14.410          0.19010666          0.19010666          0.19010666          0.20169097          0.20169097          0.20169097
  14.464          0.18852068          0.18852068          0.18852068          0.19115244          0.19115244          0.19115244
  14.518          0.18690053          0.18690053          0.18690053          0.18090403          0.18090403          0.18090403
  14.572          0.18515243          0.18515243          0.18515243          0.17109294          0.17109294          0.17109294
  14.625          0.18298143          0.18298143          0.18298143          0.16190778          0.16190778          0.16190778
  14.679          0.17983699          0.17983699          0.17983699          0.15355092          0.15355092          0.15355092
  14.733          0.17500395          0.17500395          0.17500395          0.14620127          0.14620127          0.14620127
  14.787          0.16783273          0.16783273          0.16783273          0.13997975          0.13997975          0.13997975
  14.841          0.15799934          0.15799934          0.15799934          0.13492878          0.13492878          0.13492878
  14.894          0.14567940          0.14567940          0.14567940          0.13101055          0.13101055          0.13101055
  14.948          0.13153736          0.13153736          0.13153736          0.12812176          0.12812176          0.12812176
  15.002          0.11653388          0.11653388          0.11653388          0.12611805          0.12611805          0.12611805
  15.056          0.10168140          0.10168140          0.10168140          0.12483985          0.12483985          0.12483985
  15.109          0.08781593          0.08781593          0.08781593          0.12413328          0.12413328          0.12413328
  15.163          0.07548088          0.07548088          0.07548088          0.12386237          0.12386237          0.12386237
  15.217          0.06491702          0.06491702          0.06491702          0.12391265          0.12391265          0.12391265
  15.271          0.05612636          0.05612636          0.05612636          0.12418818          0.12418818          0.12418818
  15.324          0.04896610          0.04896610          0.04896610          0.12460677          0.12460677          0.12460677
  15.378          0.04322831          0.04322831          0.04322831          0.12509553          0.12509553          0.12509553
  15.432          0.03869775          0.03869775          0.03869775          0.12558916          0.12558916          0.12558916
  15.486          0.03518778          0.03518778          0.03518778          0.12603082          0.12603082          0.12603082
  15.540          0.03255015          0.03255015          0.03255015          0.12637413          0.12637413          0.12637413
  15.593          0.03067668          0.03067668          0.03067668          0.12658381          0.12658381          0.12658381
  15.647          0.02949411          0.02949411          0.02949411          0.12663494          0.12663494          0.12663494
  15.701          0.02895707          0.02895707          0.02895707          0.12651020          0.12651020          0.12651020
  15.755          0.02904400          0.02904400          0.02904400          0.12619665          0.12619665          0.12619665
  15.808          0.02975986          0.02975986          0.02975986          0.12568268          0.12568268          0.12568268
  15.862          0.03113280          0.03113280          0.03113280          0.12495720          0.12495720          0.12495720
  15.916          0.03321827          0.03321827          0.03321827          0.12401100          0.12401100          0.12401100
  15.970          0.03610475          0.03610475          0.03610475          0.12283990          0.12283990          0.12283990
  16.023          0.03991706          0.03991706          0.03991706          0.12144765          0.12144765          0.12144765
  16.077          0.04482117          0.04482117          0.04482117          0.11984764          0.11984764          0.11984764
  16.131          0.05101820          0.05101820          0.05101820          0.11806212          0.11806212          0.11806212
  16.185          0.05873127          0.05873127          0.05873127          0.11611884          0.11611884          0.11611884
  16.239          0.06816519          0.06816519          0.06816519          0.11404695          0.11404695          0.11404695
  16.292          0.07944121          0.07944121          0.07944121          0.11187408          0.11187408          0.11187408
  16.346          0.09250639          0.09250639          0.09250639          0.10962609          0.10962609          0.10962609
  16.400          0.10704336          0.10704336          0.10704336          0.10732987          0.10732987          0.10732987
  16.454          0.12241686          0.12241686          0.12241686          0.10501759          0.10501759          0.10501759
  16.507          0.13770598          0.13770598          0.13770598          0.10272987          0.10272987          0.10272987
  16.561          0.15184858          0.15184858          0.15184858          0.10051544          0.10051544          0.10051544
  16.615          0.16387810          0.16387810          0.16387810          0.09842658          0.09842658          0.09842658
  16.669          0.17317721          0.17317721          0.17317721          0.09651177          0.09651177          0.09651177
  16.722          0.17962684          0.17962684          0.17962684          0.09480827          0.09480827          0.09480827
  16.776          0.18358605          0.18358605          0.18358605          0.09333751          0.09333751          0.09333751
  16.830          0.18571135          0.18571135          0.18571135          0.09210408          0.09210408          0.09210408
  16.884          0.18670458          0.18670458          0.18670458          0.09109829          0.09109829          0.09109829
  16.938          0.18710825          0.18710825          0.18710825          0.09030066          0.09030066          0.09030066
  16.991          0.18724374          0.18724374          0.18724374          0.08968639          0.08968639          0.08968639
  17.045          0.18724184          0.18724184          0.18724184          0.08922888          0.08922888          0.08922888
  17.099          0.18712768          0.18712768          0.18712768          0.08890196          0.08890196          0.08890196
  17.153          0.18687318          0.18687318          0.18687318          0.08868092          0.08868092          0.08868092
  17.206          0.18635429          0.18635429          0.18635429          0.08854303          0.08854303          0.08854303
  17.260          0.18526842          0.18526842          0.18526842          0.08846769          0.08846769          0.08846769
  17.314          0.18307769          0.18307769          0.18307769          0.08843623          0.08843623          0.08843623
  17.368          0.17907886          0.17907886          0.17907886          0.08843201          0.08843201          0.08843201
  17.421          0.17260174          0.17260174          0.17260174          0.08844060          0.08844060          0.08844060
  17.475          0.16326223          0.16326223          0.16326223          0.08844977          0.08844977          0.08844977
  17.529          0.15115000          0.15115000          0.15115000          0.08844925          0.08844925          0.08844925
  17.583          0.13686273          0.13686273          0.13686273          0.08843026          0.08843026          0.08843026
  17.637          0.12136267          0.12136267          0.12136267          0.08838484          0.08838484          0.08838484
  17.690          0.10570748          0.10570748          0.10570748          0.08830504          0.08830504          0.08830504
  17.744          0.09083327          0.09083327          0.09083327          0.08818182          0.08818182          0.08818182
  17.798          0.07739680          0.07739680          0.07739680          0.08800389          0.08800389          0.08800389
  17.852          0.06573679          0.06573679          0.06573679          0.08775656          0.08775656          0.08775656
  17.905          0.05592067          0.05592067          0.05592067          0.08742072          0.08742072          0.08742072
  17.959          0.04783694          0.04783694          0.04783694          0.08697224          0.08697224          0.08697224
  18.013          0.04128061          0.04128061          0.04128061          0.08638214          0.08638214          0.08638214
  18.067          0.03602280          0.03602280          0.03602280          0.08561809          0.08561809          0.08561809
  18.120          0.03185125          0.03185125          0.03185125          0.08464741          0.08464741          0.08464741
  18.174          0.02859010          0.02859010          0.02859010          0.08344210          0.08344210          0.08344210
  18.228          0.02610873          0.02610873          0.02610873          0.08198439          0.08198439          0.08198439
  18.282          0.02431245          0.02431245          0.02431245          0.08027170          0.08027170          0.08027170
  18.336          0.02313177          0.02313177          0.02313177          0.07831939          0.07831939          0.07831939
  18.389          0.02251270          0.02251270          0.02251270          0.07615972          0.07615972          0.07615972
  18.443          0.02240494          0.02240494          0.02240494          0.07383639          0.07383639          0.07383639
  18.497          0.02274269          0.02274269          0.02274269          0.07139671          0.07139671          0.07139671
  18.551          0.02344579          0.02344579          0.02344579          0.06888402          0.06888402          0.06888402
  18.604          0.02443284          0.02443284          0.02443284          0.06633259          0.06633259          0.06633259
  18.658          0.02560349          0.02560349          0.02560349          0.06376705          0.06376705          0.06376705
  18.712          0.02684538          0.02684538          0.02684538          0.06120458          0.06120458          0.06120458
  18.766          0.02804312          0.02804312          0.02804312          0.05865810          0.05865810          0.05865810
  18.819          0.02908124          0.02908124          0.02908124          0.05613936          0.05613936          0.05613936
  18.873          0.02987326          0.02987326          0.02987326          0.05366077          0.05366077          0.05366077
  18.927          0.03036576          0.03036576          0.03036576          0.05123665          0.05123665          0.05123665
  18.981          0.03053736          0.03053736          0.03053736          0.04888529          0.04888529          0.04888529
  19.035          0.03040652          0.03040652          0.03040652          0.04663241          0.04663241          0.04663241
  19.088          0.03004343          0.03004343          0.03004343          0.04451546          0.04451546          0.04451546
  19.142          0.02954379          0.02954379          0.02954379          0.04258642          0.04258642          0.04258642
  19.196          0.02901119          0.02901119          0.02901119          0.04091100          0.04091100          0.04091100
  19.250          0.02854464          0.02854464          0.02854464          0.03956272          0.03956272          0.03956272
  19.303          0.02822651          0.02822651          0.02822651          0.03861274          0.03861274          0.03861274
  19.357          0.02811121          0.02811121          0.02811121          0.03811779          0.03811779          0.03811779
  19.411          0.02821835          0.02821835          0.02821835          0.03810944          0.03810944          0.03810944
  19.465          0.02852979          0.02852979          0.02852979          0.03858825          0.03858825          0.03858825
  19.518          0.02899231          0.02899231          0.02899231          0.03952361          0.03952361          0.03952361
  19.572          0.02952477          0.02952477          0.02952477          0.04085950          0.04085950          0.04085950
  19.626          0.03002824          0.03002824          0.03002824          0.04252505          0.04252505          0.04252505
  19.680          0.03039927          0.03039927          0.03039927          0.04444663          0.04444663          0.04444663
  19.734          0.03054150          0.03054150          0.03054150          0.04655815          0.04655815          0.04655815
  19.787          0.03038305          0.03038305          0.03038305          0.04880712          0.04880712          0.04880712
  19.841          0.02990363          0.02990363          0.02990363          0.05115565          0.05115565          0.05115565
  19.895          0.02912317          0.02912317          0.02912317          0.05357765          0.05357765          0.05357765
  19.949          0.02809387          0.02809387          0.02809387          0.05605469          0.05605469          0.05605469
  20.002          0.02690079          0.02690079          0.02690079          0.05857235          0.05857235          0.05857235
  20.056          0.02565892          0.02565892          0.02565892          0.06111817          0.06111817          0.06111817
  20.110          0.02448378          0.02448378          0.02448378          0.06368040          0.06368040          0.06368040
  20.164          0.02348800          0.02348800          0.02348800          0.06624620          0.06624620          0.06624620
  20.218          0.02277290          0.02277290          0.02277290          0.06879860          0.06879860          0.06879860
  20.271          0.02242009          0.02242009          0.02242009          0.07131329          0.07131329          0.07131329
  20.325          0.02251001          0.02251001          0.02251001          0.07375629          0.07375629          0.07375629
  20.379          0.02310957          0.02310957          0.02310957          0.07608453          0.07608453          0.07608453
  20.433          0.02426890          0.02426890          0.02426890          0.07825073          0.07825073          0.07825073
  20.486          0.02604226          0.02604226          0.02604226          0.08021088          0.08021088          0.08021088
  20.540          0.02849798          0.02849798          0.02849798          0.08193224          0.08193224          0.08193224
  20.594          0.03172999          0.03172999          0.03172999          0.08339883          0.08339883          0.08339883
  20.648          0.03586752          0.03586752          0.03586752          0.08461262          0.08461262          0.08461262
  20.701          0.04108441          0.04108441          0.04108441          0.08559097          0.08559097          0.08559097
  20.755          0.04759261          0.04759261          0.04759261          0.08636160          0.08636160          0.08636160
  20.809          0.05562061          0.05562061          0.05562061          0.08695713          0.08695713          0.08695713
  20.863          0.06537488          0.06537488          0.06537488          0.08740999          0.08740999          0.08740999
  20.917          0.07697184          0.07697184          0.07697184          0.08774928          0.08774928          0.08774928
  20.970          0.09035155          0.09035155          0.09035155          0.08799934          0.08799934          0.08799934
  21.024          0.10518593          0.10518593          0.10518593          0.08817944          0.08817944          0.08817944
  21.078          0.12082866          0.12082866          0.12082866          0.08830444          0.08830444          0.08830444
  21.132          0.13635077          0.13635077          0.13635077          0.08838570          0.08838570          0.08838570
  21.185          0.15069593          0.15069593          0.15069593          0.08843233          0.08843233          0.08843233
  21.239          0.16289416          0.16289416          0.16289416          0.08845232          0.08845232          0.08845232
  21.293          0.17233178          0.17233178          0.17233178          0.08845358          0.08845358          0.08845358
  21.347          0.17890167          0.17890167          0.17890167          0.08844488          0.08844488          0.08844488
  21.400          0.18297464          0.18297464          0.18297464          0.08843642          0.08843642          0.08843642
  21.454          0.18521449          0.18521449          0.18521449          0.08844034          0.08844034          0.08844034
  21.508          0.18632855          0.18632855          0.18632855          0.08847102          0.08847102          0.08847102
  21.562          0.18685947          0.18685947          0.18685947          0.08854503          0.08854503          0.08854503
  21.616          0.18712123          0.18712123          0.18712123          0.08868100          0.08868100          0.08868100
  21.669          0.18723899          0.18723899          0.18723899          0.08889949          0.08889949          0.08889949
  21.723          0.18724473          0.18724473          0.18724473          0.08922320          0.08922320          0.08922320
  21.777          0.18711434          0.18711434          0.18711434          0.08967680          0.08967680          0.08967680
  21.831          0.18672456          0.18672456          0.18672456          0.09028647          0.09028647          0.09028647
  21.884          0.18575832          0.18575832          0.18575832          0.09107884          0.09107884          0.09107884
  21.938          0.18368290          0.18368290          0.18368290          0.09207883          0.09207883          0.09207883
  21.992          0.17979750          0.17979750          0.17979750          0.09330611          0.09330611          0.09330611
  22.046          0.17344110          0.17344110          0.17344110          0.09477074          0.09477074          0.09477074
  22.099          0.16423991          0.16423991          0.16423991          0.09646854          0.09646854          0.09646854
  22.153          0.15229534          0.15229534          0.15229534          0.09837852          0.09837852          0.09837852
  22.207          0.13820964          0.13820964          0.13820964          0.10046379          0.10046379          0.10046379
  22.261          0.12294319          0.12294319          0.12294319          0.10267610          0.10267610          0.10267610
  22.315          0.10755606          0.10755606          0.10755606          0.10496315          0.10496315          0.10496315
  22.368          0.09297952          0.09297952          0.09297952          0.10727610          0.10727610          0.10727610
  22.422          0.07985835          0.07985835          0.07985835          0.10957409          0.10957409          0.10957409
  22.476          0.06852043          0.06852043          0.06852043          0.11182479          0.11182479          0.11182479
  22.530          0.05902591          0.05902591          0.05902591          0.11400127          0.11400127          0.11400127
  22.583          0.05125866          0.05125866          0.05125866          0.11607774          0.11607774          0.11607774
  22.637          0.04501481          0.04501481          0.04501481          0.11802669          0.11802669          0.11802669
  22.691          0.04007158          0.04007158          0.04007158          0.11981902          0.11981902          0.11981902
  22.745          0.03622631          0.03622631          0.03622631          0.12142686          0.12142686          0.12142686
  22.798          0.03331211          0.03331211          0.03331211          0.12282778          0.12282778          0.12282778
  22.852          0.03120275          0.03120275          0.03120275          0.12400808          0.12400808          0.12400808
  22.906          0.02980858          0.02980858          0.02980858          0.12496370          0.12496370          0.12496370
  22.960          0.02907327          0.02907327          0.02907327          0.12569851          0.12569851          0.12569851
  23.014          0.02896778          0.02896778          0.02896778          0.12622160          0.12622160          0.12622160
  23.067          0.02948657          0.02948657          0.02948657          0.12654404          0.12654404          0.12654404
  23.121          0.03065059          0.03065059          0.03065059          0.12667751          0.12667751          0.12667751
  23.175          0.03250438          0.03250438          0.03250438          0.12663506          0.12663506          0.12663506
  23.229          0.03512018          0.03512018          0.03512018          0.12643400          0.12643400          0.12643400
  23.282          0.03860543          0.03860543          0.03860543          0.12609924          0.12609924          0.12609924
  23.336          0.04310698          0.04310698          0.04310698          0.12566592          0.12566592          0.12566592
  23.390          0.04881073          0.04881073          0.04881073          0.12518036          0.12518036          0.12518036
  23.444          0.05593145          0.05593145          0.05593145          0.12469938          0.12469938          0.12469938
  23.497          0.06467784          0.06467784          0.06467784          0.12428831          0.12428831          0.12428831
  23.551          0.07519538          0.07519538          0.07519538          0.12402020          0.12402020          0.12402020
  23.605          0.08748706          0.08748706          0.08748706          0.12397736          0.12397736          0.12397736
  23.659          0.10131889          0.10131889          0.10131889          0.12425570          0.12425570          0.12425570
  23.713          0.11615604          0.11615604          0.11615604          0.12496965          0.12496965          0.12496965
  23.766          0.13116947          0.13116947          0.13116947          0.12625499          0.12625499          0.12625499
  23.820          0.14534830          0.14534830          0.14534830          0.12826544          0.12826544          0.12826544
  23.874          0.15772650          0.15772650          0.15772650          0.13116045          0.13116045          0.13116045
  23.928          0.16763020          0.16763020          0.16763020          0.13508438          0.13508438          0.13508438
  23.981          0.17486976          0.17486976          0.17486976          0.14014049          0.14014049          0.14014049
  24.035          0.17975846          0.17975846          0.17975846          0.14636640          0.14636640          0.14636640
  24.089          0.18293917          0.18293917          0.18293917          0.15371954          0.15371954          0.15371954
  24.143          0.18512879          0.18512879          0.18512879          0.16207857          0.16207857          0.16207857
  24.196          0.18688762          0.18688762          0.18688762          0.17126454          0.17126454          0.17126454
  24.250          0.18851411          0.18851411          0.18851411          0.18107513          0.18107513          0.18107513
  24.304          0.19010766          0.19010766          0.19010766          0.19132216          0.19132216          0.19132216
  24.358          0.19168086          0.19168086          0.19168086          0.20185889          0.20185889          0.20185889
  24.412          0.19325332          0.19325332          0.19325332          0.21258910          0.21258910          0.21258910
  24.465          0.19484535          0.19484535          0.19484535          0.22345905          0.22345905          0.22345905
  24.519          0.19636777          0.19636777          0.19636777          0.23444037          0.23444037          0.23444037
  24.573          0.19750956          0.19750956          0.19750956          0.24551438          0.24551438          0.24551438
  24.627          0.19772416          0.19772416          0.19772416          0.25666475          0.25666475          0.25666475
  24.680          0.19637127          0.19637127          0.19637127          0.26787731          0.26787731          0.26787731
  24.734          0.19296949          0.19296949          0.19296949          0.27914086          0.27914086          0.27914086
  24.788          0.18744382          0.18744382          0.18744382          0.29044202          0.29044202          0.29044202
  24.842          0.18025765          0.18025765          0.18025765          0.30175194          0.30175194          0.30175194
  24.895          0.17234623          0.17234623          0.17234623          0.31300858          0.31300858          0.31300858
  24.949          0.16490403          0.16490403          0.16490403          0.32410511          0.32410511          0.32410511
  25.003          0.15912640          0.15912640          0.15912640          0.33489335          0.33489335          0.33489335
  25.057          0.15604535          0.15604535          0.15604535          0.34520403          0.34520403          0.34520403
  25.111          0.15645532          0.15645532          0.15645532          0.35487875          0.35487875          0.35487875
  25.164          0.16093650          0.16093650          0.16093650          0.36380163          0.36380163          0.36380163
  25.218          0.16995457          0.16995457          0.16995457          0.37191889          0.37191889          0.37191889
  25.272          0.18398266          0.18398266          0.18398266          0.37924415          0.37924415          0.37924415
  25.326          0.20357288          0.20357288          0.20357288          0.38584912          0.38584912          0.38584912
  25.379          0.22937554          0.22937554          0.22937554          0.39184958          0.39184958          0.39184958
  25.433          0.26206046          0.26206046          0.26206046          0.39739147          0.39739147          0.39739147
  25.487          0.30210966          0.30210966          0.30210966          0.40264368          0.40264368          0.40264368
  25.541          0.34952092          0.34952092          0.34952092          0.40779692          0.40779692          0.40779692
  25.594          0.40342665          0.40342665          0.40342665          0.41306674          0.41306674          0.41306674
  25.648          0.46179947          0.46179947          0.46179947          0.41869643          0.41869643          0.41869643
  25.702          0.52140188          0.52140188          0.52140188          0.42495739          0.42495739          0.42495739
  25.756          0.57815647          0.57815647          0.57815647          0.43214351          0.43214351          0.43214351
  25.810          0.62795961          0.62795961          0.62795961          0.44055828          0.44055828          0.44055828
  25.863          0.66775918          0.66775918          0.66775918          0.45049408          0.45049408          0.45049408
  25.917          0.69639915          0.69639915          0.69639915          0.46220225          0.46220225          0.46220225
  25.971          0.71483696          0.71483696          0.71483696          0.47585550          0.47585550          0.47585550
  26.025          0.72560918          0.72560918          0.72560918          0.49150917          0.49150917          0.49150917
  26.078          0.73174900          0.73174900          0.73174900          0.50907356          0.50907356          0.50907356
  26.132          0.73574823          0.73574823          0.73574823          0.52831191          0.52831191          0.52831191
  26.186          0.73903036          0.73903036          0.73903036          0.54887420          0.54887420          0.54887420
  26.240          0.74204820          0.74204820          0.74204820          0.57036197          0.57036197          0.57036197
  26.294          0.74482787          0.74482787          0.74482787          0.59240592          0.59240592          0.59240592
  26.347          0.74741447          0.74741447          0.74741447          0.61472702          0.61472702          0.61472702
  26.401          0.74993837          0.74993837          0.74993837          0.63716340          0.63716340          0.63716340
  26.455          0.75224221          0.75224221          0.75224221          0.65965688          0.65965688          0.65965688
  26.509          0.75332153          0.75332153          0.75332153          0.68221420          0.68221420          0.68221420
  26.562          0.75107569          0.75107569          0.75107569          0.70486653          0.70486653          0.70486653
  26.616          0.74268264          0.74268264          0.74268264          0.72764152          0.72764152          0.72764152
  26.670          0.72556674          0.72556674          0.72556674          0.75055224          0.75055224          0.75055224
  26.724          0.69848865          0.69848865          0.69848865          0.77359343          0.77359343          0.77359343
  26.777          0.66229087          0.66229087          0.66229087          0.79672790          0.79672790          0.79672790
  26.831          0.61987251          0.61987251          0.61987251          0.81985974          0.81985974          0.81985974
  26.885          0.57543832          0.57543832          0.57543832          0.84279984          0.84279984          0.84279984
  26.939          0.53349054          0.53349054          0.53349054          0.86524445          0.86524445          0.86524445
  26.993          0.49791455          0.49791455          0.49791455          0.88678491          0.88678491          0.88678491
  27.046          0.47151625          0.47151625          0.47151625          0.90695453          0.90695453          0.90695453
  27.100          0.45599958          0.45599958          0.45599958          0.92529911          0.92529911          0.92529911
  27.154          0.45229673          0.45229673          0.45229673          0.94144768          0.94144768          0.94144768
  27.208          0.46097776          0.46097776          0.46097776          0.95515871          0.95515871          0.95515871
  27.261          0.48261604          0.48261604          0.48261604          0.96633321          0.96633321          0.96633321
  27.315          0.51802671          0.51802671          0.51802671          0.97499967          0.97499967          0.97499967
  27.369          0.56833285          0.56833285          0.56833285          0.98128796          0.98128796          0.98128796
  27.423          0.63478017          0.63478017          0.63478017          0.98540521          0.98540521          0.98540521
  27.476          0.71830422          0.71830422          0.71830422          0.98762196          0.98762196          0.98762196
  27.530          0.81883252          0.81883252          0.81883252          0.98826534          0.98826534          0.98826534
  27.584          0.93445247          0.93445247          0.93445247          0.98771226          0.98771226          0.98771226
  27.638          1.06069446          1.06069446          1.06069446          0.98637486          0.98637486          0.98637486
  27.692          1.19034946          1.19034946          1.19034946          0.98467809          0.98467809          0.98467809
  27.745          1.31423116          1.31423116          1.31423116          0.98303556          0.98303556          0.98303556
  27.799          1.42293537          1.42293537          1.42293537          0.98183286          0.98183286          0.98183286
  27.853          1.50923860          1.50923860          1.50923860          0.98142284          0.98142284          0.98142284
  27.907          1.57006550          1.57006550          1.57006550          0.98212928          0.98212928          0.98212928
  27.960          1.60717869          1.60717869          1.60717869          0.98424667          0.98424667          0.98424667
  28.014          1.62605941          1.62605941          1.62605941          0.98802567          0.98802567          0.98802567
  28.068          1.63365710          1.63365710          1.63365710          0.99363947          0.99363947          0.99363947
  28.122          1.63595045          1.63595045          1.63595045          1.00114155          1.00114155          1.00114155
  28.175          1.63663948          1.63663948          1.63663948          1.01043797          1.01043797          1.01043797
  28.229          1.63719273          1.63719273          1.63719273          1.02129304          1.02129304          1.02129304
  28.283          1.63785517          1.63785517          1.63785517          1.03338194          1.03338194          1.03338194
  28.337          1.63863409          1.63863409          1.63863409          1.04637563          1.04637563          1.04637563
  28.391          1.63953948          1.63953948          1.63953948          1.06002557          1.06002557          1.06002557
  28.444          1.63973701          1.63973701          1.63973701          1.07421219          1.07421219          1.07421219
  28.498          1.63648140          1.63648140          1.63648140          1.08893955          1.08893955          1.08893955
  28.552          1.62462282          1.62462282          1.62462282          1.10428131          1.10428131          1.10428131
  28.606          1.59739101          1.59739101          1.59739101          1.12031138          1.12031138          1.12031138
  28.659          1.54854596          1.54854596          1.54854596          1.13705122          1.13705122          1.13705122
  28.713          1.47483718          1.47483718          1.47483718          1.15445125          1.15445125          1.15445125
  28.767          1.37762427          1.37762427          1.37762427          1.17240012          1.17240012          1.17240012
  28.821          1.26288152          1.26288152          1.26288152          1.19074452          1.19074452          1.19074452
  28.874          1.13956738          1.13956738          1.13956738          1.20929348          1.20929348          1.20929348
  28.928          1.01727629          1.01727629          1.01727629          1.22779918          1.22779918          1.22779918
  28.982          0.90417480          0.90417480          0.90417480          1.24592435          1.24592435          1.24592435
  29.036          0.80587643          0.80587643          0.80587643          1.26321948          1.26321948          1.26321948
  29.090          0.72530371          0.72530371          0.72530371          1.27913022          1.27913022          1.27913022
  29.143          0.66327411          0.66327411          0.66327411          1.29304230          1.29304230          1.29304230
  29.197          0.61933392          0.61933392          0.61933392          1.30435181          1.30435181          1.30435181
  29.251          0.59255832          0.59255832          0.59255832          1.31254017          1.31254017          1.31254017
  29.305          0.58216411          0.58216411          0.58216411          1.31723166          1.31723166          1.31723166
  29.358          0.58780813          0.58780813          0.58780813          1.31822753          1.31822753          1.31822753
  29.412          0.60971826          0.60971826          0.60971826          1.31552064          1.31552064          1.31552064
  29.466          0.64863747          0.64863747          0.64863747          1.30929792          1.30929792          1.30929792
  29.520          0.70550722          0.70550722          0.70550722          1.29992998          1.29992998          1.29992998
  29.573          0.78096008          0.78096008          0.78096008          1.28794360          1.28794360          1.28794360
  29.627          0.87454134          0.87454134          0.87454134          1.27396929          1.27396929          1.27396929
  29.681          0.98390543          0.98390543          0.98390543          1.25867105          1.25867105          1.25867105
  29.735          1.10411108          1.10411108          1.10411108          1.24267352          1.24267352          1.24267352
  29.789          1.22755289          1.22755289          1.22755289          1.22651184          1.22651184          1.22651184
  29.842          1.34490502          1.34490502          1.34490502          1.21061683          1.21061683          1.21061683
  29.896          1.44696546          1.44696546          1.44696546          1.19533801          1.19533801          1.19533801
  29.950          1.52701306          1.52701306          1.52701306          1.18098187          1.18098187          1.18098187
  30.004          1.58266854          1.58266854          1.58266854          1.16783977          1.16783977          1.16783977
  30.057          1.61627972          1.61627972          1.61627972          1.15618944          1.15618944          1.15618944
  30.111          1.63351786          1.63351786          1.63351786          1.14626634          1.14626634          1.14626634
  30.165          1.64103734          1.64103734          1.64103734          1.13822293          1.13822293          1.13822293
  30.219          1.64415407          1.64415407          1.64415407          1.13210094          1.13210094          1.13210094
  30.272          1.64579594          1.64579594          1.64579594          1.12783682          1.12783682          1.12783682
  30.326          1.64679766          1.64679766          1.64679766          1.12530756          1.12530756          1.12530756
  30.380          1.64708543          1.64708543          1.64708543          1.12439859          1.12439859          1.12439859
  30.434          1.64664447          1.64664447          1.64664447          1.12506652          1.12506652          1.12506652
  30.488          1.64556408          1.64556408          1.64556408          1.12736464          1.12736464          1.12736464
  30.541          1.64313018          1.64313018          1.64313018          1.13141775          1.13141775          1.13141775
  30.595          1.63665938          1.63665938          1.63665938          1.13736129          1.13736129          1.13736129
  30.649          1.62098408          1.62098408          1.62098408          1.14526916          1.14526916          1.14526916
  30.703          1.58950436          1.58950436          1.58950436          1.15510631          1.15510631          1.15510631
  30.756          1.53631353          1.53631353          1.53631353          1.16672015          1.16672015          1.16672015
  30.810          1.45870221          1.45870221          1.45870221          1.17986870          1.17986870          1.17986870
  30.864          1.35859215          1.35859215          1.35859215          1.19426548          1.19426548          1.19426548
  30.918          1.24236345          1.24236345          1.24236345          1.20961070          1.20961070          1.20961070
  30.971          1.11908698          1.11908698          1.11908698          1.22559810          1.22559810          1.22559810
  31.025          0.99818486          0.99818486          0.99818486          1.24188805          1.24188805          1.24188805
  31.079          0.88745612          0.88745612          0.88745612          1.25806832          1.25806832          1.25806832
  31.133          0.79209697          0.79209697          0.79209697          1.27362716          1.27362716          1.27362716
  31.187          0.71468729          0.71468729          0.71468729          1.28796196          1.28796196          1.28796196
  31.240          0.65580034          0.65580034          0.65580034          1.30042517          1.30042517          1.30042517
  31.294          0.61487973          0.61487973          0.61487973          1.31039441          1.31039441          1.31039441
  31.348          0.59097630          0.59097630          0.59097630          1.31734502          1.31734502          1.31734502
  31.402          0.58334547          0.58334547          0.58334547          1.32090402          1.32090402          1.32090402
  31.455          0.59171098          0.59171098          0.59171098          1.32088017          1.32088017          1.32088017
  31.509          0.61637640          0.61637640          0.61637640          1.31727707          1.31727707          1.31727707
  31.563          0.65810573          0.65810573          0.65810573          1.31029177          1.31029177          1.31029177
  31.617          0.71784061          0.71784061          0.71784061          1.30030286          1.30030286          1.30030286
  31.671          0.79610133          0.79610133          0.79610133          1.28783774          1.28783774          1.28783774
  31.724          0.89223635          0.89223635          0.89223635          1.27351964          1.27351964          1.27351964
  31.778          1.00355613          1.00355613          1.00355613          1.25799370          1.25799370          1.25799370
  31.832          1.12475979          1.12475979          1.12475979          1.24185693          1.24185693          1.24185693
  31.886          1.24792576          1.24792576          1.24792576          1.22561634          1.22561634          1.22561634
  31.939          1.36358619          1.36358619          1.36358619          1.20967889          1.20967889          1.20967889
  31.993          1.46274936          1.46274936          1.46274936          1.19438219          1.19438219          1.19438219
  32.047          1.53922260          1.53922260          1.53922260          1.18003249          1.18003249          1.18003249
  32.101          1.59130406          1.59130406          1.59130406          1.16692936          1.16692936          1.16692936
  32.154          1.62191284          1.62191284          1.62191284          1.15535951          1.15535951          1.15535951
  32.208          1.63703012          1.63703012          1.63703012          1.14556277          1.14556277          1.14556277
  32.262          1.64326680          1.64326680          1.64326680          1.13768911          1.13768911          1.13768911
  32.316          1.64567745          1.64567745          1.64567745          1.13177061          1.13177061          1.13177061
  32.370          1.64684808          1.64684808          1.64684808          1.12773299          1.12773299          1.12773299
  32.423          1.64745796          1.64745796          1.64745796          1.12544572          1.12544572          1.12544572
  32.477          1.64738810          1.64738810          1.64738810          1.12479329          1.12479329          1.12479329
  32.531          1.64668703          1.64668703          1.64668703          1.12573576          1.12573576          1.12573576
  32.585          1.64537120          1.64537120          1.64537120          1.12832999          1.12832999          1.12832999
  32.638          1.64252627          1.64252627          1.64252627          1.13269973          1.13269973          1.13269973
  32.692          1.63511443          1.63511443          1.63511443          1.13897121          1.13897121          1.13897121
  32.746          1.61769497          1.61769497          1.61769497          1.14720213          1.14720213          1.14720213
  32.800          1.58357477          1.58357477          1.58357477          1.15733933          1.15733933          1.15733933
  32.853          1.52714717          1.52714717          1.52714717          1.16921496          1.16921496          1.16921496
  32.907          1.44627857          1.44627857          1.44627857          1.18257797          1.18257797          1.18257797
  32.961          1.34353769          1.34353769          1.34353769          1.19713843          1.19713843          1.19713843
  33.015          1.22579575          1.22579575          1.22579575          1.21259642          1.21259642          1.21259642
  33.069          1.10232103          1.10232103          1.10232103          1.22864354          1.22864354          1.22864354
  33.122          0.98239207          0.98239207          0.98239207          1.24493241          1.24493241          1.24493241
  33.176          0.87351066          0.87351066          0.87351066          1.26103914          1.26103914          1.26103914
  33.230          0.78049803          0.78049803          0.78049803          1.27643883          1.27643883          1.27643883
  33.284          0.70560533          0.70560533          0.70560533          1.29051960          1.29051960          1.29051960
  33.337          0.64920497          0.64920497          0.64920497          1.30263412          1.30263412          1.30263412
  33.391          0.61064857          0.61064857          0.61064857          1.31217051          1.31217051          1.31217051
  33.445          0.58899677          0.58899677          0.58899677          1.31862354          1.31862354          1.31862354
  33.499          0.58354676          0.58354676          0.58354676          1.32164419          1.32164419          1.32164419
  33.552          0.59410167          0.59410167          0.59410167          1.32106936          1.32106936          1.32106936
  33.606          0.62104261          0.62104261          0.62104261          1.31692958          1.31692958          1.31692958
  33.660          0.66517264          0.66517264          0.66517264          1.30944955          1.30944955          1.30944955
  33.714          0.72741938          0.72741938          0.72741938          1.29903150          1.29903150          1.29903150
  33.768          0.80818975          0.80818975          0.80818975          1.28622174          1.28622174          1.28622174
  33.821          0.90660906          0.90660906          0.90660906          1.27165127          1.27165127          1.27165127
  33.875          1.01965928          1.01965928          1.01965928          1.25596392          1.25596392          1.25596392
  33.929          1.14164400          1.14164400          1.14164400          1.23974729          1.23974729          1.23974729
  33.983          1.26435161          1.26435161          1.26435161          1.22349358          1.22349358          1.22349358
  34.036          1.37824786          1.37824786          1.37824786          1.20759916          1.20759916          1.20759916
  34.090          1.47460270          1.47460270          1.47460270          1.19239438          1.19239438          1.19239438
  34.144          1.54774344          1.54774344          1.54774344          1.17818344          1.17818344          1.17818344
  34.198          1.59663737          1.59663737          1.59663737          1.16526401          1.16526401          1.16526401
  34.251          1.62472689          1.62472689          1.62472689          1.15391839          1.15391839          1.15391839
  34.305          1.63827062          1.63827062          1.63827062          1.14437532          1.14437532          1.14437532
  34.359          1.64373398          1.64373398          1.64373398          1.13676846          1.13676846          1.13676846
  34.413          1.64587665          1.64587665          1.64587665          1.13111365          1.13111365          1.13111365
  34.467          1.64696705          1.64696705          1.64696705          1.12732410          1.12732410          1.12732410
  34.520          1.64749396          1.64749396          1.64749396          1.12526679          1.12526679          1.12526679
  34.574          1.64733219          1.64733219          1.64733219          1.12483275          1.12483275          1.12483275
  34.628          1.64654672          1.64654672          1.64654672          1.12599552          1.12599552          1.12599552
  34.682          1.64511895          1.64511895          1.64511895          1.12882364          1.12882364          1.12882364
  34.735          1.64188540          1.64188540          1.64188540          1.13344574          1.13344574          1.13344574
  34.789          1.63347888          1.63347888          1.63347888          1.13998234          1.13998234          1.13998234
  34.843          1.61417544          1.61417544          1.61417544          1.14847839          1.14847839          1.14847839
  34.897          1.57728410          1.57728410          1.57728410          1.15886426          1.15886426          1.15886426
  34.950          1.51754892          1.51754892          1.51754892          1.17095804          1.17095804          1.17095804
  35.004          1.43343556          1.43343556          1.43343556          1.18450129          1.18450129          1.18450129
  35.058          1.32816768          1.32816768          1.32816768          1.19920087          1.19920087          1.19920087
  35.112          1.20909345          1.20909345          1.20909345          1.21475756          1.21475756          1.21475756
  35.166          1.08555841          1.08555841          1.08555841          1.23085916          1.23085916          1.23085916
  35.219          0.96675813          0.96675813          0.96675813          1.24715042          1.24715042          1.24715042
  35.273          0.85981613          0.85981613          0.85981613          1.26319373          1.26319373          1.26319373
  35.327          0.76919639          0.76919639          0.76919639          1.27845097          1.27845097          1.27845097
  35.381          0.69683039          0.69683039          0.69683039          1.29230177          1.29230177          1.29230177
  35.434          0.64291972          0.64291972          0.64291972          1.30409896          1.30409896          1.30409896
  35.488          0.60672194          0.60672194          0.60672194          1.31324172          1.31324172          1.31324172
  35.542          0.58731198          0.58731198          0.58731198          1.31924331          1.31924331          1.31924331
  35.596          0.58404285          0.58404285          0.58404285          1.32177901          1.32177901          1.32177901
  35.649          0.59679586          0.59679586          0.59679586          1.32071173          1.32071173          1.32071173
  35.703          0.62602490          0.62602490          0.62602490          1.31609929          1.31609929          1.31609929
  35.757          0.67257607          0.67257607          0.67257607          1.30819106          1.30819106          1.30819106
  35.811          0.73734528          0.73734528          0.73734528          1.29741216          1.29741216          1.29741216
  35.865          0.82061833          0.82061833          0.82061833          1.28432393          1.28432393          1.28432393
  35.918          0.92126161          0.92126161          0.92126161          1.26956391          1.26956391          1.26956391
  35.972          1.03592741          1.03592741          1.03592741          1.25377154          1.25377154          1.25377154
  36.026          1.15853691          1.15853691          1.15853691          1.23752320          1.23752320          1.23752320
  36.080          1.28061163          1.28061163          1.28061163          1.22129703          1.22129703          1.22129703
  36.133          1.39258647          1.39258647          1.39258647          1.20547819          1.20547819          1.20547819
  36.187          1.48601580          1.48601580          1.48601580          1.19039142          1.19039142          1.19039142
  36.241          1.55580366          1.55580366          1.55580366          1.17633915          1.17633915          1.17633915
  36.295          1.60156870          1.60156870          1.60156870          1.16361821          1.16361821          1.16361821
  36.348          1.62728059          1.62728059          1.62728059          1.15250635          1.15250635          1.15250635
  36.402          1.63934577          1.63934577          1.63934577          1.14322186          1.14322186          1.14322186
  36.456          1.64414179          1.64414179          1.64414179          1.13588297          1.13588297          1.13588297
  36.510          1.64606345          1.64606345          1.64606345          1.13048923          1.13048923          1.13048923
  36.564          1.64707851          1.64707851          1.64707851          1.12694371          1.12694371          1.12694371
  36.617          1.64751709          1.64751709          1.64751709          1.12511265          1.12511265          1.12511265
  36.671          1.64726055          1.64726055          1.64726055          1.12489593          1.12489593          1.12489593
  36.725          1.64638782          1.64638782          1.64638782          1.12627995          1.12627995          1.12627995
  36.779          1.64482510          1.64482510          1.64482510          1.12934470          1.12934470          1.12934470
  36.832          1.64115262          1.64115262          1.64115262          1.13422203          1.13422203          1.13422203
  36.886          1.63163829          1.63163829          1.63163829          1.14102542          1.14102542          1.14102542
  36.940          1.61032331          1.61032331          1.61032331          1.14978611          1.14978611          1.14978611
  36.994          1.57056391          1.57056391          1.57056391          1.16041756          1.16041756          1.16041756
  37.047          1.50749588          1.50749588          1.50749588          1.17272532          1.17272532          1.17272532
  37.101          1.42019486          1.42019486          1.42019486          1.18644369          1.18644369          1.18644369
  37.155          1.31255031          1.31255031          1.31255031          1.20127821          1.20127821          1.20127821
  37.209          1.19228053          1.19228053          1.19228053          1.21692801          1.21692801          1.21692801
  37.263          1.06889832          1.06889832          1.06889832          1.23307788          1.23307788          1.23307788
  37.316          0.95134574          0.95134574          0.95134574          1.24936330          1.24936330          1.24936330
  37.370          0.84643602          0.84643602          0.84643602          1.26533329          1.26533329          1.26533329
  37.424          0.75823087          0.75823087          0.75823087          1.28043664          1.28043664          1.28043664
  37.478          0.68840331          0.68840331          0.68840331          1.29404533          1.29404533          1.29404533
  37.531          0.63696235          0.63696235          0.63696235          1.30551410          1.30551410          1.30551410
  37.585          0.60310322          0.60310322          0.60310322          1.31425369          1.31425369          1.31425369
  37.639          0.58592325          0.58592325          0.58592325          1.31979752          1.31979752          1.31979752
  37.693          0.58483285          0.58483285          0.58483285          1.32184565          1.32184565          1.32184565
  37.747          0.59979826          0.59979826          0.59979826          1.32028711          1.32028711          1.32028711
  37.800          0.63133377          0.63133377          0.63133377          1.31520629          1.31520629          1.31520629
  37.854          0.68031806          0.68031806          0.68031806          1.30687833          1.30687833          1.30687833
  37.908          0.74761832          0.74761832          0.74761832          1.29574907          1.29574907          1.29574907
  37.962          0.83336252          0.83336252          0.83336252          1.28239465          1.28239465          1.28239465
  38.015          0.93617851          0.93617851          0.93617851          1.26745701          1.26745701          1.26745701
  38.069          1.05234718          1.05234718          1.05234718          1.25157046          1.25157046          1.25157046
  38.123          1.17542100          1.17542100          1.17542100          1.23529935          1.23529935          1.23529935
  38.177          1.29668665          1.29668665          1.29668665          1.21910810          1.21910810          1.21910810
  38.230          1.40657771          1.40657771          1.40657771          1.20337093          1.20337093          1.20337093
  38.284          1.49698460          1.49698460          1.49698460          1.18840730          1.18840730          1.18840730
  38.338          1.56340730          1.56340730          1.56340730          1.17451906          1.17451906          1.17451906
  38.392          1.60612214          1.60612214          1.60612214          1.16200221          1.16200221          1.16200221
  38.446          1.62957668          1.62957668          1.62957668          1.15112865          1.15112865          1.15112865
  38.499          1.64031625          1.64031625          1.64031625          1.14210534          1.14210534          1.14210534
  38.553          1.64450908          1.64450908          1.64450908          1.13503444          1.13503444          1.13503444
  38.607          1.64623713          1.64623713          1.64623713          1.12989998          1.12989998          1.12989998
  38.661          1.64717162          1.64717162          1.64717162          1.12659621          1.12659621          1.12659621
