   0.000        -12.19937420        -12.19937420        -12.19937420         -7.09223175         -7.09223175         -7.09223175
   0.054        -12.13081932        -12.13081932        -12.13081932         -7.09209490         -7.09209490         -7.09209490
   0.108        -11.92832661        -11.92832661        -11.92832661         -7.11223364         -7.11223364         -7.11223364
   0.161        -11.60083199        -11.60083199        -11.60083199         -7.15196657         -7.15196657         -7.15196657
   0.215        -11.16288757        -11.16288757        -11.16288757         -7.20997381         -7.20997381         -7.20997381
   0.269        -10.63387680        -10.63387680        -10.63387680         -7.28438473         -7.28438473         -7.28438473
   0.323        -10.03673649        -10.03673649        -10.03673649         -7.37288284         -7.37288284         -7.37288284
   0.376         -9.39530945         -9.39530945         -9.39530945         -7.47280121         -7.47280121         -7.47280121
   0.430         -8.73272610         -8.73272610         -8.73272610         -7.58121634         -7.58121634         -7.58121634
   0.484         -8.06890774         -8.06890774         -8.06890774         -7.69503975         -7.69503975         -7.69503975
   0.538         -7.41993618         -7.41993618         -7.41993618         -7.81109715         -7.81109715         -7.81109715
   0.591         -6.79813290         -6.79813290         -6.79813290         -7.92622614         -7.92622614         -7.92622614
   0.645         -6.21323061         -6.21323061         -6.21323061         -8.03737450         -8.03737450         -8.03737450
   0.699         -5.67354584         -5.67354584         -5.67354584         -8.14171028         -8.14171028         -8.14171028
   0.753         -5.18728781         -5.18728781         -5.18728781         -8.23670578         -8.23670578         -8.23670578
   0.807         -4.76326990         -4.76326990         -4.76326990         -8.32020855         -8.32020855         -8.32020855
   0.860         -4.41055489         -4.41055489         -4.41055489         -8.39046383         -8.39046383         -8.39046383
   0.914         -4.13811350         -4.13811350         -4.13811350         -8.44611454         -8.44611454         -8.44611454
   0.968         -3.95383525         -3.95383525         -3.95383525         -8.48616695         -8.48616695         -8.48616695
   1.022         -3.86344671         -3.86344671         -3.86344671         -8.50995445         -8.50995445         -8.50995445
   1.075         -3.86999011         -3.86999011         -3.86999011         -8.51709938         -8.51709938         -8.51709938
   1.129         -3.97323132         -3.97323132         -3.97323132         -8.50749111         -8.50749111         -8.50749111
   1.183         -4.16975784         -4.16975784         -4.16975784         -8.48127651         -8.48127651         -8.48127651
   1.237         -4.45347214         -4.45347214         -4.45347214         -8.43886948         -8.43886948         -8.43886948
   1.290         -4.81627512         -4.81627512         -4.81627512         -8.38098145         -8.38098145         -8.38098145
   1.344         -5.24914169         -5.24914169         -5.24914169         -8.30864906         -8.30864906         -8.30864906
   1.398         -5.74297857         -5.74297857         -5.74297857         -8.22328663         -8.22328663         -8.22328663
   1.452         -6.28911257         -6.28911257         -6.28911257         -8.12669945         -8.12669945         -8.12669945
   1.506         -6.87942839         -6.87942839         -6.87942839         -8.02109718         -8.02109718         -8.02109718
   1.559         -7.50531578         -7.50531578         -7.50531578         -7.90905190         -7.90905190         -7.90905190
   1.613         -8.15691566         -8.15691566         -8.15691566         -7.79343271         -7.79343271         -7.79343271
   1.667         -8.82143688         -8.82143688         -8.82143688         -7.67731047         -7.67731047         -7.67731047
   1.721         -9.48220921         -9.48220921         -9.48220921         -7.56385660         -7.56385660         -7.56385660
   1.774        -10.11878681        -10.11878681        -10.11878681         -7.45623970         -7.45623970         -7.45623970
   1.828        -10.70793438        -10.70793438        -10.70793438         -7.35752916         -7.35752916         -7.35752916
   1.882        -11.22564220        -11.22564220        -11.22564220         -7.27061987         -7.27061987         -7.27061987
   1.936        -11.64931107        -11.64931107        -11.64931107         -7.19813681         -7.19813681         -7.19813681
   1.989        -11.96040058        -11.96040058        -11.96040058         -7.14234352         -7.14234352         -7.14234352
   2.043        -12.14477730        -12.14477730        -12.14477730         -7.10503912         -7.10503912         -7.10503912
   2.097        -12.19453335        -12.19453335        -12.19453335         -7.08745766         -7.08745766         -7.08745766
   2.151        -12.10751152        -12.10751152        -12.10751152         -7.09019279         -7.09019279         -7.09019279
   2.205        -11.88741398        -11.88741398        -11.88741398         -7.11314964         -7.11314964         -7.11314964
   2.258        -11.54398155        -11.54398155        -11.54398155         -7.15555477         -7.15555477         -7.15555477
   2.312        -11.09248829        -11.09248829        -11.09248829         -7.21600962         -7.21600962         -7.21600962
   2.366        -10.55290604        -10.55290604        -10.55290604         -7.29257822         -7.29257822         -7.29257822
   2.420         -9.94832993         -9.94832993         -9.94832993         -7.38288832         -7.38288832         -7.38288832
   2.473         -9.30285931         -9.30285931         -9.30285931         -7.48423243         -7.48423243         -7.48423243
   2.527         -8.63908386         -8.63908386         -8.63908386         -7.59366226         -7.59366226         -7.59366226
   2.581         -7.97650242         -7.97650242         -7.97650242         -7.70806932         -7.70806932         -7.70806932
   2.635         -7.33069611         -7.33069611         -7.33069611         -7.82427597         -7.82427597         -7.82427597
   2.688         -6.71348143         -6.71348143         -6.71348143         -7.93912840         -7.93912840         -7.93912840
   2.742         -6.13441277         -6.13441277         -6.13441277         -8.04959869         -8.04959869         -8.04959869
   2.796         -5.60157394         -5.60157394         -5.60157394         -8.15289307         -8.15289307         -8.15289307
   2.850         -5.12337971         -5.12337971         -5.12337971         -8.24652958         -8.24652958         -8.24652958
   2.904         -4.70863581         -4.70863581         -4.70863581         -8.32841110         -8.32841110         -8.32841110
   2.957         -4.36643457         -4.36643457         -4.36643457         -8.39683819         -8.39683819         -8.39683819
   3.011         -4.10565567         -4.10565567         -4.10565567         -8.45050335         -8.45050335         -8.45050335
   3.065         -3.93399405         -3.93399405         -3.93399405         -8.48846149         -8.48846149         -8.48846149
   3.119         -3.85683322         -3.85683322         -3.85683322         -8.51008701         -8.51008701         -8.51008701
   3.172         -3.87673855         -3.87673855         -3.87673855         -8.51503944         -8.51503944         -8.51503944
   3.226         -3.99305177         -3.99305177         -3.99305177         -8.50324345         -8.50324345         -8.50324345
   3.280         -4.20199966         -4.20199966         -4.20199966         -8.47488117         -8.47488117         -8.47488117
   3.334         -4.49706507         -4.49706507         -4.49706507         -8.43040657         -8.43040657         -8.43040657
   3.388         -4.87004566         -4.87004566         -4.87004566         -8.37057018         -8.37057018         -8.37057018
   3.441         -5.31186676         -5.31186676         -5.31186676         -8.29646206         -8.29646206         -8.29646206
   3.495         -5.81338835         -5.81338835         -5.81338835         -8.20954514         -8.20954514         -8.20954514
   3.549         -6.36613989         -6.36613989         -6.36613989         -8.11168194         -8.11168194         -8.11168194
   3.603         -6.96191120         -6.96191120         -6.96191120         -8.00513363         -8.00513363         -8.00513363
   3.656         -7.59206343         -7.59206343         -7.59206343         -7.89251709         -7.89251709         -7.89251709
   3.710         -8.24637127         -8.24637127         -8.24637127         -7.77673674         -7.77673674         -7.77673674
   3.764         -8.91151524         -8.91151524         -8.91151524         -7.66088200         -7.66088200         -7.66088200
   3.818         -9.57037926         -9.57037926         -9.57037926         -7.54812956         -7.54812956         -7.54812956
   3.871        -10.20196915        -10.20196915        -10.20196915         -7.44164133         -7.44164133         -7.44164133
   3.925        -10.78283501        -10.78283501        -10.78283501         -7.34446716         -7.34446716         -7.34446716
   3.979        -11.28909397        -11.28909397        -11.28909397         -7.25946856         -7.25946856         -7.25946856
   4.033        -11.69855213        -11.69855213        -11.69855213         -7.18922758         -7.18922758         -7.18922758
   4.087        -11.99304581        -11.99304581        -11.99304581         -7.13594961         -7.13594961         -7.13594961
   4.140        -12.15955544        -12.15955544        -12.15955544         -7.10136318         -7.10136318         -7.10136318
   4.194        -12.19084072        -12.19084072        -12.19084072         -7.08662176         -7.08662176         -7.08662176
   4.248        -12.08533478        -12.08533478        -12.08533478         -7.09222317         -7.09222317         -7.09222317
   4.302        -11.84779072        -11.84779072        -11.84779072         -7.11797857         -7.11797857         -7.11797857
   4.355        -11.48866367        -11.48866367        -11.48866367         -7.16302586         -7.16302586         -7.16302586
   4.409        -11.02395344        -11.02395344        -11.02395344         -7.22588682         -7.22588682         -7.22588682
   4.463        -10.47427845        -10.47427845        -10.47427845         -7.30455828         -7.30455828         -7.30455828
   4.517         -9.86275291         -9.86275291         -9.86275291         -7.39661741         -7.39661741         -7.39661741
   4.570         -9.21363068         -9.21363068         -9.21363068         -7.49931955         -7.49931955         -7.49931955
   4.624         -8.54906464         -8.54906464         -8.54906464         -7.60968590         -7.60968590         -7.60968590
   4.678         -7.88805723         -7.88805723         -7.88805723         -7.72459555         -7.72459555         -7.72459555
   4.732         -7.24556875         -7.24556875         -7.24556875         -7.84086609         -7.84086609         -7.84086609
   4.786         -6.63317156         -6.63317156         -6.63317156         -7.95535564         -7.95535564         -7.95535564
   4.839         -6.05992651         -6.05992651         -6.05992651         -8.06505871         -8.06505871         -8.06505871
   4.893         -5.53419447         -5.53419447         -5.53419447         -8.16721916         -8.16721916         -8.16721916
   4.947         -5.06423903         -5.06423903         -5.06423903         -8.25940514         -8.25940514         -8.25940514
   5.001         -4.65890598         -4.65890598         -4.65890598         -8.33956814         -8.33956814         -8.33956814
   5.054         -4.32738924         -4.32738924         -4.32738924         -8.40606022         -8.40606022         -8.40606022
   5.108         -4.07848454         -4.07848454         -4.07848454         -8.45762920         -8.45762920         -8.45762920
   5.162         -3.91949677         -3.91949677         -3.91949677         -8.49337101         -8.49337101         -8.49337101
   5.216         -3.85558367         -3.85558367         -3.85558367         -8.51269913         -8.51269913         -8.51269913
   5.269         -3.88883281         -3.88883281         -3.88883281         -8.51531029         -8.51531029         -8.51531029
   5.323         -4.01818466         -4.01818466         -4.01818466         -8.50115871         -8.50115871         -8.50115871
   5.377         -4.23936749         -4.23936749         -4.23936749         -8.47046185         -8.47046185         -8.47046185
   5.431         -4.54569626         -4.54569626         -4.54569626         -8.42370796         -8.42370796         -8.42370796
   5.485         -4.92868757         -4.92868757         -4.92868757         -8.36169147         -8.36169147         -8.36169147
   5.538         -5.37925243         -5.37925243         -5.37925243         -8.28554916         -8.28554916         -8.28554916
   5.592         -5.88836765         -5.88836765         -5.88836765         -8.19679546         -8.19679546         -8.19679546
   5.646         -6.44751215         -6.44751215         -6.44751215         -8.09734726         -8.09734726         -8.09734726
   5.700         -7.04856253         -7.04856253         -7.04856253         -7.98951626         -7.98951626         -7.98951626
   5.753         -7.68268681         -7.68268681         -7.68268681         -7.87595797         -7.87595797         -7.87595797
   5.807         -8.33937359         -8.33937359         -8.33937359         -7.75960922         -7.75960922         -7.75960922
   5.861         -9.00483799         -9.00483799         -9.00483799         -7.64357662         -7.64357662         -7.64357662
   5.915         -9.66134357         -9.66134357         -9.66134357         -7.53104067         -7.53104067         -7.53104067
   5.968        -10.28742313        -10.28742313        -10.28742313         -7.42514658         -7.42514658         -7.42514658
   6.022        -10.85953140        -10.85953140        -10.85953140         -7.32892942         -7.32892942         -7.32892942
   6.076        -11.35377502        -11.35377502        -11.35377502         -7.24521637         -7.24521637         -7.24521637
   6.130        -11.74848747        -11.74848747        -11.74848747         -7.17654514         -7.17654514         -7.17654514
   6.184        -12.02618217        -12.02618217        -12.02618217         -7.12506485         -7.12506485         -7.12506485
   6.237        -12.17451286        -12.17451286        -12.17451286         -7.09243155         -7.09243155         -7.09243155
   6.291        -12.18685913        -12.18685913        -12.18685913         -7.07971907         -7.07971907         -7.07971907
   6.345        -12.06282139        -12.06282139        -12.06282139         -7.08733606         -7.08733606         -7.08733606
   6.399        -11.80776978        -11.80776978        -11.80776978         -7.11500740         -7.11500740         -7.11500740
   6.452        -11.43297768        -11.43297768        -11.43297768         -7.16178799         -7.16178799         -7.16178799
   6.506        -10.95506477        -10.95506477        -10.95506477         -7.22612715         -7.22612715         -7.22612715
   6.560        -10.39509392        -10.39509392        -10.39509392         -7.30596113         -7.30596113         -7.30596113
   6.614         -9.77652740         -9.77652740         -9.77652740         -7.39882183         -7.39882183         -7.39882183
   6.667         -9.12347221         -9.12347221         -9.12347221         -7.50192642         -7.50192642         -7.50192642
   6.721         -8.45758629         -8.45758629         -8.45758629         -7.61227703         -7.61227703         -7.61227703
   6.775         -7.79751158         -7.79751158         -7.79751158         -7.72673655         -7.72673655         -7.72673655
   6.829         -7.15755701         -7.15755701         -7.15755701         -7.84212351         -7.84212351         -7.84212351
   6.883         -6.54890156         -6.54890156         -6.54890156         -7.95530510         -7.95530510         -7.95530510
   6.936         -5.98046303         -5.98046303         -5.98046303         -8.06330681         -8.06330681         -8.06330681
   6.990         -5.46043873         -5.46043873         -5.46043873         -8.16340733         -8.16340733         -8.16340733
   7.044         -4.99724388         -4.99724388         -4.99724388         -8.25322247         -8.25322247         -8.25322247
   7.098         -4.59980297         -4.59980297         -4.59980297         -8.33075619         -8.33075619         -8.33075619
   7.151         -4.27733612         -4.27733612         -4.27733612         -8.39441204         -8.39441204         -8.39441204
   7.205         -4.03839970         -4.03839970         -4.03839970         -8.44297600         -8.44297600         -8.44297600
   7.259         -3.89014220         -3.89014220         -3.89014220         -8.47558117         -8.47558117         -8.47558117
   7.313         -3.83728576         -3.83728576         -3.83728576         -8.49167156         -8.49167156         -8.49167156
   7.366         -3.88157177         -3.88157177         -3.88157177         -8.49096680         -8.49096680         -8.49096680
   7.420         -4.02140713         -4.02140713         -4.02140713         -8.47344685         -8.47344685         -8.47344685
   7.474         -4.25223207         -4.25223207         -4.25223207         -8.43935299         -8.43935299         -8.43935299
   7.528         -4.56701183         -4.56701183         -4.56701183         -8.38920021         -8.38920021         -8.38920021
   7.582         -4.95718527         -4.95718527         -4.95718527         -8.32381725         -8.32381725         -8.32381725
   7.635         -5.41366100         -5.41366100         -5.41366100         -8.24438000         -8.24438000         -8.24438000
   7.689         -5.92742634         -5.92742634         -5.92742634         -8.15244675         -8.15244675         -8.15244675
   7.743         -6.49016857         -6.49016857         -6.49016857         -8.04998493         -8.04998493         -8.04998493
   7.797         -7.09368896         -7.09368896         -7.09368896         -7.93935299         -7.93935299         -7.93935299
   7.850         -7.72921991         -7.72921991         -7.72921991         -7.82324934         -7.82324934         -7.82324934
   7.904         -8.38575554         -8.38575554         -8.38575554         -7.70463848         -7.70463848         -7.70463848
   7.958         -9.04917049         -9.04917049         -9.04917049         -7.58664560         -7.58664560         -7.58664560
   8.012         -9.70114613         -9.70114613         -9.70114613         -7.47245741         -7.47245741         -7.47245741
   8.065        -10.32003975        -10.32003975        -10.32003975         -7.36522055         -7.36522055         -7.36522055
   8.119        -10.88198662        -10.88198662        -10.88198662         -7.26795197         -7.26795197         -7.26795197
   8.173        -11.36327457        -11.36327457        -11.36327457         -7.18345928         -7.18345928         -7.18345928
   8.227        -11.74254894        -11.74254894        -11.74254894         -7.11424398         -7.11424398         -7.11424398
   8.281        -12.00298214        -12.00298214        -12.00298214         -7.06240940         -7.06240940         -7.06240940
   8.334        -12.13291550        -12.13291550        -12.13291550         -7.02955294         -7.02955294         -7.02955294
   8.388        -12.12665749        -12.12665749        -12.12665749         -7.01667261         -7.01667261         -7.01667261
   8.442        -11.98431969        -11.98431969        -11.98431969         -7.02409458         -7.02409458         -7.02409458
   8.496        -11.71214771        -11.71214771        -11.71214771         -7.05145550         -7.05145550         -7.05145550
   8.549        -11.32211971        -11.32211971        -11.32211971         -7.09772015         -7.09772015         -7.09772015
   8.603        -10.83162022        -10.83162022        -10.83162022         -7.16125298         -7.16125298         -7.16125298
   8.657        -10.26200390        -10.26200390        -10.26200390         -7.23991156         -7.23991156         -7.23991156
   8.711         -9.63703537         -9.63703537         -9.63703537         -7.33115005         -7.33115005         -7.33115005
   8.765         -8.98035717         -8.98035717         -8.98035717         -7.43212080         -7.43212080         -7.43212080
   8.818         -8.31336021         -8.31336021         -8.31336021         -7.53976107         -7.53976107         -7.53976107
   8.872         -7.65377331         -7.65377331         -7.65377331         -7.65088415         -7.65088415         -7.65088415
   8.926         -7.01546764         -7.01546764         -7.01546764         -7.76226997         -7.76226997         -7.76226997
   8.980         -6.40903521         -6.40903521         -6.40903521         -7.87076712         -7.87076712         -7.87076712
   9.033         -5.84327936         -5.84327936         -5.84327936         -7.97339773         -7.97339773         -7.97339773
   9.087         -5.32625723         -5.32625723         -5.32625723         -8.06745338         -8.06745338         -8.06745338
   9.141         -4.86646700         -4.86646700         -4.86646700         -8.15057373         -8.15057373         -8.15057373
   9.195         -4.47293377         -4.47293377         -4.47293377         -8.22078228         -8.22078228         -8.22078228
   9.248         -4.15484667         -4.15484667         -4.15484667         -8.27649784         -8.27649784         -8.27649784
   9.302         -3.92075872         -3.92075872         -3.92075872         -8.31650734         -8.31650734         -8.31650734
   9.356         -3.77763963         -3.77763963         -3.77763963         -8.33992386         -8.33992386         -8.33992386
   9.410         -3.72993779         -3.72993779         -3.72993779         -8.34614182         -8.34614182         -8.34614182
   9.464         -3.77903581         -3.77903581         -3.77903581         -8.33480453         -8.33480453         -8.33480453
   9.517         -3.92312098         -3.92312098         -3.92312098         -8.30578327         -8.30578327         -8.30578327
   9.571         -4.15738583         -4.15738583         -4.15738583         -8.25917244         -8.25917244         -8.25917244
   9.625         -4.47467327         -4.47467327         -4.47467327         -8.19530773         -8.19530773         -8.19530773
   9.679         -4.86644793         -4.86644793         -4.86644793         -8.11478710         -8.11478710         -8.11478710
   9.732         -5.32370663         -5.32370663         -5.32370663         -8.01851082         -8.01851082         -8.01851082
   9.786         -5.83765650         -5.83765650         -5.83765650         -7.90772486         -7.90772486         -7.90772486
   9.840         -6.40022945         -6.40022945         -6.40022945         -7.78403282         -7.78403282         -7.78403282
   9.894         -7.00318241         -7.00318241         -7.00318241         -7.64939833         -7.64939833         -7.64939833
   9.947         -7.63765430         -7.63765430         -7.63765430         -7.50610971         -7.50610971         -7.50610971
  10.001         -8.29226589         -8.29226589         -8.29226589         -7.35671139         -7.35671139         -7.35671139
  10.055         -8.95221233         -8.95221233         -8.95221233         -7.20392418         -7.20392418         -7.20392418
  10.109         -9.59847546         -9.59847546         -9.59847546         -7.05055094         -7.05055094         -7.05055094
  10.163        -10.20869160        -10.20869160        -10.20869160         -6.89938736         -6.89938736         -6.89938736
  10.216        -10.75844955        -10.75844955        -10.75844955         -6.75313091         -6.75313091         -6.75313091
  10.270        -11.22364902        -11.22364902        -11.22364902         -6.61428022         -6.61428022         -6.61428022
  10.324        -11.58299351        -11.58299351        -11.58299351         -6.48503542         -6.48503542         -6.48503542
  10.378        -11.81972885        -11.81972885        -11.81972885         -6.36719179         -6.36719179         -6.36719179
  10.431        -11.92257023        -11.92257023        -11.92257023         -6.26205730         -6.26205730         -6.26205730
  10.485        -11.88620472        -11.88620472        -11.88620472         -6.17039061         -6.17039061         -6.17039061
  10.539        -11.71165752        -11.71165752        -11.71165752         -6.09239483         -6.09239483         -6.09239483
  10.593        -11.40604305        -11.40604305        -11.40604305         -6.02775908         -6.02775908         -6.02775908
  10.646        -10.98223114        -10.98223114        -10.98223114         -5.97573471         -5.97573471         -5.97573471
  10.700        -10.45849514        -10.45849514        -10.45849514         -5.93522835         -5.93522835         -5.93522835
  10.754         -9.85687447         -9.85687447         -9.85687447         -5.90489244         -5.90489244         -5.90489244
  10.808         -9.20122623         -9.20122623         -9.20122623         -5.88319397         -5.88319397         -5.88319397
  10.862         -8.51478767         -8.51478767         -8.51478767         -5.86846972         -5.86846972         -5.86846972
  10.915         -7.81808186         -7.81808186         -7.81808186         -5.85895872         -5.85895872         -5.85895872
  10.969         -7.12763023         -7.12763023         -7.12763023         -5.85283661         -5.85283661         -5.85283661
  11.023         -6.45582008         -6.45582008         -6.45582008         -5.84824610         -5.84824610         -5.84824610
  11.077         -5.81157160         -5.81157160         -5.81157160         -5.84333706         -5.84333706         -5.84333706
  11.130         -5.20181227         -5.20181227         -5.20181227         -5.83630562         -5.83630562         -5.83630562
  11.184         -4.63280535         -4.63280535         -4.63280535         -5.82542944         -5.82542944         -5.82542944
  11.238         -4.11068344         -4.11068344         -4.11068344         -5.80909824         -5.80909824         -5.80909824
  11.292         -3.64183211         -3.64183211         -3.64183211         -5.78584051         -5.78584051         -5.78584051
  11.345         -3.23237038         -3.23237038         -3.23237038         -5.75433493         -5.75433493         -5.75433493
  11.399         -2.88748693         -2.88748693         -2.88748693         -5.71342850         -5.71342850         -5.71342850
  11.453         -2.61080647         -2.61080647         -2.61080647         -5.66214275         -5.66214275         -5.66214275
  11.507         -2.40374041         -2.40374041         -2.40374041         -5.59967279         -5.59967279         -5.59967279
  11.561         -2.26541424         -2.26541424         -2.26541424         -5.52538729         -5.52538729         -5.52538729
  11.614         -2.19278121         -2.19278121         -2.19278121         -5.43881559         -5.43881559         -5.43881559
  11.668         -2.18109369         -2.18109369         -2.18109369         -5.33965254         -5.33965254         -5.33965254
  11.722         -2.22458935         -2.22458935         -2.22458935         -5.22776079         -5.22776079         -5.22776079
  11.776         -2.31705308         -2.31705308         -2.31705308         -5.10320473         -5.10320473         -5.10320473
  11.829         -2.45222425         -2.45222425         -2.45222425         -4.96628714         -4.96628714         -4.96628714
  11.883         -2.62391520         -2.62391520         -2.62391520         -4.81760645         -4.81760645         -4.81760645
  11.937         -2.82570887         -2.82570887         -2.82570887         -4.65809345         -4.65809345         -4.65809345
  11.991         -3.05044174         -3.05044174         -3.05044174         -4.48903513         -4.48903513         -4.48903513
  12.044         -3.28964615         -3.28964615         -3.28964615         -4.31206179         -4.31206179         -4.31206179
  12.098         -3.53338933         -3.53338933         -3.53338933         -4.12910318         -4.12910318         -4.12910318
  12.152         -3.77036524         -3.77036524         -3.77036524         -3.94231415         -3.94231415         -3.94231415
  12.206         -3.98864651         -3.98864651         -3.98864651         -3.75399113         -3.75399113         -3.75399113
  12.260         -4.17667675         -4.17667675         -4.17667675         -3.56647539         -3.56647539         -3.56647539
  12.313         -4.32421446         -4.32421446         -4.32421446         -3.38205171         -3.38205171         -3.38205171
  12.367         -4.42306566         -4.42306566         -4.42306566         -3.20285010         -3.20285010         -3.20285010
  12.421         -4.46753550         -4.46753550         -4.46753550         -3.03075004         -3.03075004         -3.03075004
  12.475         -4.45459890         -4.45459890         -4.45459890         -2.86729550         -2.86729550         -2.86729550
  12.528         -4.38392496         -4.38392496         -4.38392496         -2.71363425         -2.71363425         -2.71363425
  12.582         -4.25778723         -4.25778723         -4.25778723         -2.57049584         -2.57049584         -2.57049584
  12.636         -4.08109379         -4.08109379         -4.08109379         -2.43820882         -2.43820882         -2.43820882
  12.690         -3.86104822         -3.86104822         -3.86104822         -2.31675172         -2.31675172         -2.31675172
  12.743         -3.60659456         -3.60659456         -3.60659456         -2.20582700         -2.20582700         -2.20582700
  12.797         -3.32762790         -3.32762790         -3.32762790         -2.10493422         -2.10493422         -2.10493422
  12.851         -3.03385782         -3.03385782         -3.03385782         -2.01343703         -2.01343703         -2.01343703
  12.905         -2.73389030         -2.73389030         -2.73389030         -1.93060458         -1.93060458         -1.93060458
  12.959         -2.43460751         -2.43460751         -2.43460751         -1.85562813         -1.85562813         -1.85562813
  13.012         -2.14102173         -2.14102173         -2.14102173         -1.78763556         -1.78763556         -1.78763556
  13.066         -1.85667837         -1.85667837         -1.85667837         -1.72568810         -1.72568810         -1.72568810
  13.120         -1.58414900         -1.58414900         -1.58414900         -1.66878760         -1.66878760         -1.66878760
  13.174         -1.32563651         -1.32563651         -1.32563651         -1.61588621         -1.61588621         -1.61588621
  13.227         -1.08336818         -1.08336818         -1.08336818         -1.56590629         -1.56590629         -1.56590629
  13.281         -0.85963458         -0.85963458         -0.85963458         -1.51776731         -1.51776731         -1.51776731
  13.335         -0.65671515         -0.65671515         -0.65671515         -1.47041667         -1.47041667         -1.47041667
  13.389         -0.47658196         -0.47658196         -0.47658196         -1.42286003         -1.42286003         -1.42286003
  13.442         -0.32063478         -0.32063478         -0.32063478         -1.37418580         -1.37418580         -1.37418580
  13.496         -0.18948510         -0.18948510         -0.18948510         -1.32358170         -1.32358170         -1.32358170
  13.550         -0.08289831         -0.08289831         -0.08289831         -1.27034342         -1.27034342         -1.27034342
  13.604          0.00015584          0.00015584          0.00015584         -1.21387577         -1.21387577         -1.21387577
  13.658          0.06132181          0.06132181          0.06132181         -1.15369117         -1.15369117         -1.15369117
  13.711          0.10264443          0.10264443          0.10264443         -1.08941329         -1.08941329         -1.08941329
  13.765          0.12635918          0.12635918          0.12635918         -1.02078545         -1.02078545         -1.02078545
  13.819          0.13473848          0.13473848          0.13473848         -0.94768995         -0.94768995         -0.94768995
  13.873          0.13009283          0.13009283          0.13009283         -0.87016761         -0.87016761         -0.87016761
  13.926          0.11480420          0.11480420          0.11480420         -0.78843832         -0.78843832         -0.78843832
  13.980          0.09144086          0.09144086          0.09144086         -0.70290875         -0.70290875         -0.70290875
  14.034          0.06284896          0.06284896          0.06284896         -0.61416489         -0.61416489         -0.61416489
  14.088          0.03214706          0.03214706          0.03214706         -0.52295357         -0.52295357         -0.52295357
  14.141          0.00260988          0.00260988          0.00260988         -0.43014932         -0.43014932         -0.43014932
  14.195         -0.02254787         -0.02254787         -0.02254787         -0.33671564         -0.33671564         -0.33671564
  14.249         -0.04037945         -0.04037945         -0.04037945         -0.24366355         -0.24366355         -0.24366355
  14.303         -0.04842824         -0.04842824         -0.04842824         -0.15200821         -0.15200821         -0.15200821
  14.357         -0.04483736         -0.04483736         -0.04483736         -0.06272662         -0.06272662         -0.06272662
  14.410         -0.02841850         -0.02841850         -0.02841850          0.02328501          0.02328501          0.02328501
  14.464          0.00132970          0.00132970          0.00132970          0.10525065          0.10525065          0.10525065
  14.518          0.04424949          0.04424949          0.04424949          0.18254240          0.18254240          0.18254240
  14.572          0.09951252          0.09951252          0.09951252          0.25469789          0.25469789          0.25469789
  14.625          0.16568656          0.16568656          0.16568656          0.32141769          0.32141769          0.32141769
  14.679          0.24084678          0.24084678          0.24084678          0.38254717          0.38254717          0.38254717
  14.733          0.32279003          0.32279003          0.32279003          0.43804860          0.43804860          0.43804860
  14.787          0.40926003          0.40926003          0.40926003          0.48797080          0.48797080          0.48797080
  14.841          0.49819773          0.49819773          0.49819773          0.53242552          0.53242552          0.53242552
  14.894          0.58791637          0.58791637          0.58791637          0.57157409          0.57157409          0.57157409
  14.948          0.67715251          0.67715251          0.67715251          0.60562611          0.60562611          0.60562611
  15.002          0.76502025          0.76502025          0.76502025          0.63484585          0.63484585          0.63484585
  15.056          0.85084540          0.85084540          0.85084540          0.65956038          0.65956038          0.65956038
  15.109          0.93405920          0.93405920          0.93405920          0.68016547          0.68016547          0.68016547
  15.163          1.01406848          1.01406848          1.01406848          0.69712448          0.69712448          0.69712448
  15.217          1.09019661          1.09019661          1.09019661          0.71095854          0.71095854          0.71095854
  15.271          1.16170776          1.16170776          1.16170776          0.72223002          0.72223002          0.72223002
  15.324          1.22789955          1.22789955          1.22789955          0.73152214          0.73152214          0.73152214
  15.378          1.28808188          1.28808188          1.28808188          0.73941773          0.73941773          0.73941773
  15.432          1.34174359          1.34174359          1.34174359          0.74647951          0.74647951          0.74647951
  15.486          1.38846028          1.38846028          1.38846028          0.75323349          0.75323349          0.75323349
  15.540          1.42803562          1.42803562          1.42803562          0.76015633          0.76015633          0.76015633
  15.593          1.46029651          1.46029651          1.46029651          0.76766551          0.76766551          0.76766551
  15.647          1.48525345          1.48525345          1.48525345          0.77611142          0.77611142          0.77611142
  15.701          1.50292528          1.50292528          1.50292528          0.78577185          0.78577185          0.78577185
  15.755          1.51330698          1.51330698          1.51330698          0.79684860          0.79684860          0.79684860
  15.808          1.51640654          1.51640654          1.51640654          0.80946624          0.80946624          0.80946624
  15.862          1.51221836          1.51221836          1.51221836          0.82367390          0.82367390          0.82367390
  15.916          1.50073886          1.50073886          1.50073886          0.83945012          0.83945012          0.83945012
  15.970          1.48201776          1.48201776          1.48201776          0.85671008          0.85671008          0.85671008
  16.023          1.45623827          1.45623827          1.45623827          0.87531430          0.87531430          0.87531430
  16.077          1.42366207          1.42366207          1.42366207          0.89507854          0.89507854          0.89507854
  16.131          1.38475156          1.38475156          1.38475156          0.91578227          0.91578227          0.91578227
  16.185          1.34007823          1.34007823          1.34007823          0.93717861          0.93717861          0.93717861
  16.239          1.29032338          1.29032338          1.29032338          0.95900333          0.95900333          0.95900333
  16.292          1.23620522          1.23620522          1.23620522          0.98098499          0.98098499          0.98098499
  16.346          1.17839396          1.17839396          1.17839396          1.00285542          1.00285542          1.00285542
  16.400          1.11748648          1.11748648          1.11748648          1.02436137          1.02436137          1.02436137
  16.454          1.05399978          1.05399978          1.05399978          1.04527462          1.04527462          1.04527462
  16.507          0.98842454          0.98842454          0.98842454          1.06539881          1.06539881          1.06539881
  16.561          0.92135948          0.92135948          0.92135948          1.08457470          1.08457470          1.08457470
  16.615          0.85369200          0.85369200          0.85369200          1.10267949          1.10267949          1.10267949
  16.669          0.78669250          0.78669250          0.78669250          1.11962426          1.11962426          1.11962426
  16.722          0.72209060          0.72209060          0.72209060          1.13534880          1.13534880          1.13534880
  16.776          0.66201472          0.66201472          0.66201472          1.14981771          1.14981771          1.14981771
  16.830          0.60879618          0.60879618          0.60879618          1.16301715          1.16301715          1.16301715
  16.884          0.56474787          0.56474787          0.56474787          1.17495298          1.17495298          1.17495298
  16.938          0.53188658          0.53188658          0.53188658          1.18565047          1.18565047          1.18565047
  16.991          0.51179928          0.51179928          0.51179928          1.19515455          1.19515455          1.19515455
  17.045          0.50547320          0.50547320          0.50547320          1.20352888          1.20352888          1.20352888
  17.099          0.51327538          0.51327538          0.51327538          1.21085453          1.21085453          1.21085453
  17.153          0.53490102          0.53490102          0.53490102          1.21722662          1.21722662          1.21722662
  17.206          0.56942153          0.56942153          0.56942153          1.22275114          1.22275114          1.22275114
  17.260          0.61532551          0.61532551          0.61532551          1.22754228          1.22754228          1.22754228
  17.314          0.67062896          0.67062896          0.67062896          1.23171616          1.23171616          1.23171616
  17.368          0.73307025          0.73307025          0.73307025          1.23539102          1.23539102          1.23539102
  17.421          0.80035436          0.80035436          0.80035436          1.23868382          1.23868382          1.23868382
  17.475          0.87038106          0.87038106          0.87038106          1.24170911          1.24170911          1.24170911
  17.529          0.94143796          0.94143796          0.94143796          1.24458039          1.24458039          1.24458039
  17.583          1.01228869          1.01228869          1.01228869          1.24740994          1.24740994          1.24740994
  17.637          1.08208728          1.08208728          1.08208728          1.25030887          1.25030887          1.25030887
  17.690          1.15029085          1.15029085          1.15029085          1.25338864          1.25338864          1.25338864
  17.744          1.21648407          1.21648407          1.21648407          1.25675917          1.25675917          1.25675917
  17.798          1.28019965          1.28019965          1.28019965          1.26052773          1.26052773          1.26052773
  17.852          1.34094512          1.34094512          1.34094512          1.26479840          1.26479840          1.26479840
  17.905          1.39811337          1.39811337          1.39811337          1.26966846          1.26966846          1.26966846
  17.959          1.45107448          1.45107448          1.45107448          1.27522707          1.27522707          1.27522707
  18.013          1.49922633          1.49922633          1.49922633          1.28155482          1.28155482          1.28155482
  18.067          1.54207182          1.54207182          1.54207182          1.28872240          1.28872240          1.28872240
  18.120          1.57929122          1.57929122          1.57929122          1.29679143          1.29679143          1.29679143
  18.174          1.61074317          1.61074317          1.61074317          1.30581474          1.30581474          1.30581474
  18.228          1.63651645          1.63651645          1.63651645          1.31583846          1.31583846          1.31583846
  18.282          1.65690768          1.65690768          1.65690768          1.32689881          1.32689881          1.32689881
  18.336          1.67237580          1.67237580          1.67237580          1.33902133          1.33902133          1.33902133
  18.389          1.68352520          1.68352520          1.68352520          1.35221267          1.35221267          1.35221267
  18.443          1.69103158          1.69103158          1.69103158          1.36645436          1.36645436          1.36645436
  18.497          1.69560719          1.69560719          1.69560719          1.38169408          1.38169408          1.38169408
  18.551          1.69794571          1.69794571          1.69794571          1.39783609          1.39783609          1.39783609
  18.604          1.69870555          1.69870555          1.69870555          1.41473889          1.41473889          1.41473889
  18.658          1.69845319          1.69845319          1.69845319          1.43221402          1.43221402          1.43221402
  18.712          1.69766939          1.69766939          1.69766939          1.45003009          1.45003009          1.45003009
  18.766          1.69673562          1.69673562          1.69673562          1.46791995          1.46791995          1.46791995
  18.819          1.69589865          1.69589865          1.69589865          1.48559248          1.48559248          1.48559248
  18.873          1.69531596          1.69531596          1.69531596          1.50274277          1.50274277          1.50274277
  18.927          1.69508874          1.69508874          1.69508874          1.51906621          1.51906621          1.51906621
  18.981          1.69516420          1.69516420          1.69516420          1.53427148          1.53427148          1.53427148
  19.035          1.69548905          1.69548905          1.69548905          1.54809248          1.54809248          1.54809248
  19.088          1.69599366          1.69599366          1.69599366          1.56029916          1.56029916          1.56029916
  19.142          1.69654596          1.69654596          1.69654596          1.57070458          1.57070458          1.57070458
  19.196          1.69707572          1.69707572          1.69707572          1.57916713          1.57916713          1.57916713
  19.250          1.69749153          1.69749153          1.69749153          1.58558750          1.58558750          1.58558750
  19.303          1.69775200          1.69775200          1.69775200          1.58990300          1.58990300          1.58990300
  19.357          1.69783485          1.69783485          1.69783485          1.59207797          1.59207797          1.59207797
  19.411          1.69772744          1.69772744          1.69772744          1.59209716          1.59209716          1.59209716
  19.465          1.69743478          1.69743478          1.69743478          1.58996022          1.58996022          1.58996022
  19.518          1.69699192          1.69699192          1.69699192          1.58568192          1.58568192          1.58568192
  19.572          1.69643354          1.69643354          1.69643354          1.57929707          1.57929707          1.57929707
  19.626          1.69583416          1.69583416          1.69583416          1.57086754          1.57086754          1.57086754
  19.680          1.69529819          1.69529819          1.69529819          1.56049109          1.56049109          1.56049109
  19.734          1.69493461          1.69493461          1.69493461          1.54830766          1.54830766          1.54830766
  19.787          1.69480705          1.69480705          1.69480705          1.53450310          1.53450310          1.53450310
  19.841          1.69498420          1.69498420          1.69498420          1.51930583          1.51930583          1.51930583
  19.895          1.69551587          1.69551587          1.69551587          1.50298071          1.50298071          1.50298071
  19.949          1.69628942          1.69628942          1.69628942          1.48581886          1.48581886          1.48581886
  20.002          1.69719720          1.69719720          1.69719720          1.46812463          1.46812463          1.46812463
  20.056          1.69793713          1.69793713          1.69793713          1.45020270          1.45020270          1.45020270
  20.110          1.69817436          1.69817436          1.69817436          1.43234539          1.43234539          1.43234539
  20.164          1.69742823          1.69742823          1.69742823          1.41482043          1.41482043          1.41482043
  20.218          1.69510913          1.69510913          1.69510913          1.39786077          1.39786077          1.39786077
  20.271          1.69057655          1.69057655          1.69057655          1.38165641          1.38165641          1.38165641
  20.325          1.68315911          1.68315911          1.68315911          1.36635065          1.36635065          1.36635065
  20.379          1.67210865          1.67210865          1.67210865          1.35204017          1.35204017          1.35204017
  20.433          1.65675700          1.65675700          1.65675700          1.33877945          1.33877945          1.33877945
  20.486          1.63651216          1.63651216          1.63651216          1.32658803          1.32658803          1.32658803
  20.540          1.61089253          1.61089253          1.61089253          1.31545901          1.31545901          1.31545901
  20.594          1.57960856          1.57960856          1.57960856          1.30536830          1.30536830          1.30536830
  20.648          1.54255795          1.54255795          1.54255795          1.29627967          1.29627967          1.29627967
  20.701          1.49986005          1.49986005          1.49986005          1.28814721          1.28814721          1.28814721
  20.755          1.45185626          1.45185626          1.45185626          1.28091824          1.28091824          1.28091824
  20.809          1.39901793          1.39901793          1.39901793          1.27453125          1.27453125          1.27453125
  20.863          1.34194696          1.34194696          1.34194696          1.26891613          1.26891613          1.26891613
  20.917          1.28127873          1.28127873          1.28127873          1.26399279          1.26399279          1.26399279
  20.970          1.21762705          1.21762705          1.21762705          1.25967169          1.25967169          1.25967169
  21.024          1.15148735          1.15148735          1.15148735          1.25585592          1.25585592          1.25585592
  21.078          1.08331025          1.08331025          1.08331025          1.25244236          1.25244236          1.25244236
  21.132          1.01352525          1.01352525          1.01352525          1.24932301          1.24932301          1.24932301
  21.185          0.94267285          0.94267285          0.94267285          1.24638784          1.24638784          1.24638784
  21.239          0.87157243          0.87157243          0.87157243          1.24352598          1.24352598          1.24352598
  21.293          0.80145526          0.80145526          0.80145526          1.24062574          1.24062574          1.24062574
  21.347          0.73401886          0.73401886          0.73401886          1.23757493          1.23757493          1.23757493
  21.400          0.67134410          0.67134410          0.67134410          1.23426068          1.23426068          1.23426068
  21.454          0.61573350          0.61573350          0.61573350          1.23056769          1.23056769          1.23056769
  21.508          0.56945062          0.56945062          0.56945062          1.22637904          1.22637904          1.22637904
  21.562          0.53448832          0.53448832          0.53448832          1.22157729          1.22157729          1.22157729
  21.616          0.51237947          0.51237947          0.51237947          1.21604490          1.21604490          1.21604490
  21.669          0.50408113          0.50408113          0.50408113          1.20966876          1.20966876          1.20966876
  21.723          0.50989920          0.50989920          0.50989920          1.20234215          1.20234215          1.20234215
  21.777          0.52950799          0.52950799          0.52950799          1.19396925          1.19396925          1.19396925
  21.831          0.56193131          0.56193131          0.56193131          1.18446898          1.18446898          1.18446898
  21.884          0.60561055          0.60561055          0.60561055          1.17377687          1.17377687          1.17377687
  21.938          0.65852696          0.65852696          0.65852696          1.16184759          1.16184759          1.16184759
  21.992          0.71837902          0.71837902          0.71837902          1.14865506          1.14865506          1.14865506
  22.046          0.78284067          0.78284067          0.78284067          1.13419259          1.13419259          1.13419259
  22.099          0.84976619          0.84976619          0.84976619          1.11847329          1.11847329          1.11847329
  22.153          0.91740900          0.91740900          0.91740900          1.10153198          1.10153198          1.10153198
  22.207          0.98448789          0.98448789          0.98448789          1.08342791          1.08342791          1.08342791
  22.261          1.05009782          1.05009782          1.05009782          1.06424916          1.06424916          1.06424916
  22.315          1.11363769          1.11363769          1.11363769          1.04411757          1.04411757          1.04411757
  22.368          1.17461252          1.17461252          1.17461252          1.02319133          1.02319133          1.02319133
  22.422          1.23250890          1.23250890          1.23250890          1.00166535          1.00166535          1.00166535
  22.476          1.28673565          1.28673565          1.28673565          0.97976726          0.97976726          0.97976726
  22.530          1.33661664          1.33661664          1.33661664          0.95774990          0.95774990          0.95774990
  22.583          1.38144743          1.38144743          1.38144743          0.93588084          0.93588084          0.93588084
  22.637          1.42052472          1.42052472          1.42052472          0.91443181          0.91443181          0.91443181
  22.691          1.45329237          1.45329237          1.45329237          0.89366716          0.89366716          0.89366716
  22.745          1.47927678          1.47927678          1.47927678          0.87383419          0.87383419          0.87383419
  22.798          1.49819112          1.49819112          1.49819112          0.85515380          0.85515380          0.85515380
  22.852          1.50988233          1.50988233          1.50988233          0.83781141          0.83781141          0.83781141
  22.906          1.51427460          1.51427460          1.51427460          0.82194722          0.82194722          0.82194722
  22.960          1.51137459          1.51137459          1.51137459          0.80764735          0.80764735          0.80764735
  23.014          1.50118458          1.50118458          1.50118458          0.79493451          0.79493451          0.79493451
  23.067          1.48371589          1.48371589          1.48371589          0.78376120          0.78376120          0.78376120
  23.121          1.45894957          1.45894957          1.45894957          0.77400410          0.77400410          0.77400410
  23.175          1.42685521          1.42685521          1.42685521          0.76546311          0.76546311          0.76546311
  23.229          1.38749111          1.38749111          1.38749111          0.75786155          0.75786155          0.75786155
  23.282          1.34092176          1.34092176          1.34092176          0.75084990          0.75084990          0.75084990
  23.336          1.28743470          1.28743470          1.28743470          0.74401152          0.74401152          0.74401152
  23.390          1.22738814          1.22738814          1.22738814          0.73687023          0.73687023          0.73687023
  23.444          1.16133022          1.16133022          1.16133022          0.72890002          0.72890002          0.72890002
  23.497          1.08991981          1.08991981          1.08991981          0.71953815          0.71953815          0.71953815
  23.551          1.01388705          1.01388705          1.01388705          0.70820147          0.70820147          0.70820147
  23.605          0.93395185          0.93395185          0.93395185          0.69430596          0.69430596          0.69430596
  23.659          0.85078257          0.85078257          0.85078257          0.67728847          0.67728847          0.67728847
  23.713          0.76498020          0.76498020          0.76498020          0.65662694          0.65662694          0.65662694
  23.766          0.67712647          0.67712647          0.67712647          0.63185716          0.63185716          0.63185716
  23.820          0.58786952          0.58786952          0.58786952          0.60258222          0.60258222          0.60258222
  23.874          0.49810269          0.49810269          0.49810269          0.56847388          0.56847388          0.56847388
  23.928          0.40907496          0.40907496          0.40907496          0.52926749          0.52926749          0.52926749
  23.981          0.32246658          0.32246658          0.32246658          0.48475301          0.48475301          0.48475301
  24.035          0.24031627          0.24031627          0.24031627          0.43476862          0.43476862          0.43476862
  24.089          0.16488773          0.16488773          0.16488773          0.37920260          0.37920260          0.37920260
  24.143          0.09838595          0.09838595          0.09838595          0.31800666          0.31800666          0.31800666
  24.196          0.04274284          0.04274284          0.04274284          0.25121918          0.25121918          0.25121918
  24.250         -0.00059844         -0.00059844         -0.00059844          0.17899556          0.17899556          0.17899556
  24.304         -0.03079176         -0.03079176         -0.03079176          0.10163657          0.10163657          0.10163657
  24.358         -0.04765555         -0.04765555         -0.04765555          0.01960659          0.01960659          0.01960659
  24.412         -0.05168273         -0.05168273         -0.05168273         -0.06646610         -0.06646610         -0.06646610
  24.465         -0.04405512         -0.04405512         -0.04405512         -0.15580373         -0.15580373         -0.15580373
  24.519         -0.02660215         -0.02660215         -0.02660215         -0.24750946         -0.24750946         -0.24750946
  24.573         -0.00178087         -0.00178087         -0.00178087         -0.34060541         -0.34060541         -0.34060541
  24.627          0.02748180          0.02748180          0.02748180         -0.43407667         -0.43407667         -0.43407667
  24.680          0.05795232          0.05795232          0.05795232         -0.52691221         -0.52691221         -0.52691221
  24.734          0.08635911          0.08635911          0.08635911         -0.61814970         -0.61814970         -0.61814970
  24.788          0.10956742          0.10956742          0.10956742         -0.70691621         -0.70691621         -0.70691621
  24.842          0.12472083          0.12472083          0.12472083         -0.79246676         -0.79246676         -0.79246676
  24.895          0.12923265          0.12923265          0.12923265         -0.87421662         -0.87421662         -0.87421662
  24.949          0.12070622          0.12070622          0.12070622         -0.95176202         -0.95176202         -0.95176202
  25.003          0.09683361          0.09683361          0.09683361         -1.02488530         -1.02488530         -1.02488530
  25.057          0.05533715          0.05533715          0.05533715         -1.09354663         -1.09354663         -1.09354663
  25.111         -0.00601385         -0.00601385         -0.00601385         -1.15786600         -1.15786600         -1.15786600
  25.164         -0.08925969         -0.08925969         -0.08925969         -1.21810007         -1.21810007         -1.21810007
  25.218         -0.19604185         -0.19604185         -0.19604185         -1.27462602         -1.27462602         -1.27462602
  25.272         -0.32738224         -0.32738224         -0.32738224         -1.32793188         -1.32793188         -1.32793188
  25.326         -0.48351079         -0.48351079         -0.48351079         -1.37861347         -1.37861347         -1.37861347
  25.379         -0.66381055         -0.66381055         -0.66381055         -1.42737556         -1.42737556         -1.42737556
  25.433         -0.86688679         -0.86688679         -0.86688679         -1.47503042         -1.47503042         -1.47503042
  25.487         -1.09075797         -1.09075797         -1.09075797         -1.52249026         -1.52249026         -1.52249026
  25.541         -1.33316624         -1.33316624         -1.33316624         -1.57074976         -1.57074976         -1.57074976
  25.594         -1.59179544         -1.59179544         -1.59179544         -1.62086141         -1.62086141         -1.62086141
  25.648         -1.86444354         -1.86444354         -1.86444354         -1.67390585         -1.67390585         -1.67390585
  25.702         -2.14890552         -2.14890552         -2.14890552         -1.73095965         -1.73095965         -1.73095965
  25.756         -2.44258523         -2.44258523         -2.44258523         -1.79306996         -1.79306996         -1.79306996
  25.810         -2.74192786         -2.74192786         -2.74192786         -1.86123478         -1.86123478         -1.86123478
  25.863         -3.04189420         -3.04189420         -3.04189420         -1.93639076         -1.93639076         -1.93639076
  25.917         -3.33557367         -3.33557367         -3.33557367         -2.01940989         -2.01940989         -2.01940989
  25.971         -3.61435556         -3.61435556         -3.61435556         -2.11109853         -2.11109853         -2.11109853
  26.025         -3.86847997         -3.86847997         -3.86847997         -2.21218848         -2.21218848         -2.21218848
  26.078         -4.08812904         -4.08812904         -4.08812904         -2.32331514         -2.32331514         -2.32331514
  26.132         -4.26431513         -4.26431513         -4.26431513         -2.44497871         -2.44497871         -2.44497871
  26.186         -4.38988543         -4.38988543         -4.38988543         -2.57747793         -2.57747793         -2.57747793
  26.240         -4.45995426         -4.45995426         -4.45995426         -2.72083545         -2.72083545         -2.72083545
  26.294         -4.47227621         -4.47227621         -4.47227621         -2.87472510         -2.87472510         -2.87472510
  26.347         -4.42719889         -4.42719889         -4.42719889         -3.03841805         -3.03841805         -3.03841805
  26.401         -4.32782602         -4.32782602         -4.32782602         -3.21076775         -3.21076775         -3.21076775
  26.455         -4.17986965         -4.17986965         -4.17986965         -3.39023280         -3.39023280         -3.39023280
  26.509         -3.99152017         -3.99152017         -3.99152017         -3.57493496         -3.57493496         -3.57493496
  26.562         -3.77304149         -3.77304149         -3.77304149         -3.76274681         -3.76274681         -3.76274681
  26.616         -3.53605056         -3.53605056         -3.53605056         -3.95138502         -3.95138502         -3.95138502
  26.670         -3.29240370         -3.29240370         -3.29240370         -4.13851023         -4.13851023         -4.13851023
  26.724         -3.05340457         -3.05340457         -3.05340457         -4.32182646         -4.32182646         -4.32182646
  26.777         -2.82899904         -2.82899904         -2.82899904         -4.49917889         -4.49917889         -4.49917889
  26.831         -2.62758398         -2.62758398         -2.62758398         -4.66864014         -4.66864014         -4.66864014
  26.885         -2.45633388         -2.45633388         -2.45633388         -4.82858086         -4.82858086         -4.82858086
  26.939         -2.32165480         -2.32165480         -2.32165480         -4.97771502         -4.97771502         -4.97771502
  26.993         -2.22973084         -2.22973084         -2.22973084         -5.11511183         -5.11511183         -5.11511183
  27.046         -2.18683100         -2.18683100         -2.18683100         -5.24017620         -5.24017620         -5.24017620
  27.100         -2.19913006         -2.19913006         -2.19913006         -5.35260439         -5.35260439         -5.35260439
  27.154         -2.27244234         -2.27244234         -2.27244234         -5.45233679         -5.45233679         -5.45233679
  27.208         -2.41148162         -2.41148162         -2.41148162         -5.53950882         -5.53950882         -5.53950882
  27.261         -2.61927962         -2.61927962         -2.61927962         -5.61442852         -5.61442852         -5.61442852
  27.315         -2.89673543         -2.89673543         -2.89673543         -5.67756605         -5.67756605         -5.67756605
  27.369         -3.24236751         -3.24236751         -3.24236751         -5.72955513         -5.72955513         -5.72955513
  27.423         -3.65259290         -3.65259290         -3.65259290         -5.77120018         -5.77120018         -5.77120018
  27.476         -4.12223148         -4.12223148         -4.12223148         -5.80348158         -5.80348158         -5.80348158
  27.530         -4.64509296         -4.64509296         -4.64509296         -5.82755375         -5.82755375         -5.82755375
  27.584         -5.21484280         -5.21484280         -5.21484280         -5.84473705         -5.84473705         -5.84473705
  27.638         -5.82533312         -5.82533312         -5.82533312         -5.85650682         -5.85650682         -5.85650682
  27.692         -6.47035646         -6.47035646         -6.47035646         -5.86447477         -5.86447477         -5.86447477
  27.745         -7.14289761         -7.14289761         -7.14289761         -5.87036657         -5.87036657         -5.87036657
  27.799         -7.83414412         -7.83414412         -7.83414412         -5.87598801         -5.87598801         -5.87598801
  27.853         -8.53163338         -8.53163338         -8.53163338         -5.88319111         -5.88319111         -5.88319111
  27.907         -9.21893692         -9.21893692         -9.21893692         -5.89383459         -5.89383459         -5.89383459
  27.960         -9.87553692         -9.87553692         -9.87553692         -5.90974522         -5.90974522         -5.90974522
  28.014        -10.47813892        -10.47813892        -10.47813892         -5.93268442         -5.93268442         -5.93268442
  28.068        -11.00290108        -11.00290108        -11.00290108         -5.96431589         -5.96431589         -5.96431589
  28.122        -11.42781830        -11.42781830        -11.42781830         -6.00616837         -6.00616837         -6.00616837
  28.175        -11.73457718        -11.73457718        -11.73457718         -6.05958700         -6.05958700         -6.05958700
  28.229        -11.91039562        -11.91039562        -11.91039562         -6.12565899         -6.12565899         -6.12565899
  28.283        -11.94812107        -11.94812107        -11.94812107         -6.20512724         -6.20512724         -6.20512724
  28.337        -11.84678268        -11.84678268        -11.84678268         -6.29829597         -6.29829597         -6.29829597
  28.391        -11.61154842        -11.61154842        -11.61154842         -6.40495157         -6.40495157         -6.40495157
  28.444        -11.25372028        -11.25372028        -11.25372028         -6.52432632         -6.52432632         -6.52432632
  28.498        -10.79016399        -10.79016399        -10.79016399         -6.65510702         -6.65510702         -6.65510702
  28.552        -10.24222660        -10.24222660        -10.24222660         -6.79549074         -6.79549074         -6.79549074
  28.606         -9.63384342         -9.63384342         -9.63384342         -6.94327307         -6.94327307         -6.94327307
  28.659         -8.98943520         -8.98943520         -8.98943520         -7.09594917         -7.09594917         -7.09594917
  28.713         -8.33149910         -8.33149910         -8.33149910         -7.25082207         -7.25082207         -7.25082207
  28.767         -7.67893457         -7.67893457         -7.67893457         -7.40509272         -7.40509272         -7.40509272
  28.821         -7.04665947         -7.04665947         -7.04665947         -7.55595541         -7.55595541         -7.55595541
  28.874         -6.44589281         -6.44589281         -6.44589281         -7.70068455         -7.70068455         -7.70068455
  28.928         -5.88560772         -5.88560772         -5.88560772         -7.83673239         -7.83673239         -7.83673239
  28.982         -5.37397671         -5.37397671         -5.37397671         -7.96180630         -7.96180630         -7.96180630
  29.036         -4.91908598         -4.91908598         -4.91908598         -8.07393742         -8.07393742         -8.07393742
  29.090         -4.52973509         -4.52973509         -4.52973509         -8.17151356         -8.17151356         -8.17151356
  29.143         -4.21494341         -4.21494341         -4.21494341         -8.25328922         -8.25328922         -8.25328922
  29.197         -3.98319554         -3.98319554         -3.98319554         -8.31835556         -8.31835556         -8.31835556
  29.251         -3.84166408         -3.84166408         -3.84166408         -8.36611176         -8.36611176         -8.36611176
  29.305         -3.79517055         -3.79517055         -3.79517055         -8.39622402         -8.39622402         -8.39622402
  29.358         -3.84553528         -3.84553528         -3.84553528         -8.40859509         -8.40859509         -8.40859509
  29.412         -3.99137998         -3.99137998         -3.99137998         -8.40335274         -8.40335274         -8.40335274
  29.466         -4.22824144         -4.22824144         -4.22824144         -8.38085365         -8.38085365         -8.38085365
  29.520         -4.54912996         -4.54912996         -4.54912996         -8.34170437         -8.34170437         -8.34170437
  29.573         -4.94553280         -4.94553280         -4.94553280         -8.28679180         -8.28679180         -8.28679180
  29.627         -5.40817451         -5.40817451         -5.40817451         -8.21732903         -8.21732903         -8.21732903
  29.681         -5.92808485         -5.92808485         -5.92808485         -8.13490009         -8.13490009         -8.13490009
  29.735         -6.49663925         -6.49663925         -6.49663925         -8.04148102         -8.04148102         -8.04148102
  29.789         -7.10579443         -7.10579443         -7.10579443         -7.93943357         -7.93943357         -7.93943357
  29.842         -7.74660492         -7.74660492         -7.74660492         -7.83146620         -7.83146620         -7.83146620
  29.896         -8.40848446         -8.40848446         -8.40848446         -7.72055674         -7.72055674         -7.72055674
  29.950         -9.07748985         -9.07748985         -9.07748985         -7.60986042         -7.60986042         -7.60986042
  30.004         -9.73580837         -9.73580837         -9.73580837         -7.50259495         -7.50259495         -7.50259495
  30.057        -10.36202145        -10.36202145        -10.36202145         -7.40194750         -7.40194750         -7.40194750
  30.111        -10.93239498        -10.93239498        -10.93239498         -7.31098270         -7.31098270         -7.31098270
  30.165        -11.42336464        -11.42336464        -11.42336464         -7.23255110         -7.23255110         -7.23255110
  30.219        -11.81352806        -11.81352806        -11.81352806         -7.16919756         -7.16919756         -7.16919756
  30.272        -12.08561707        -12.08561707        -12.08561707         -7.12306547         -7.12306547         -7.12306547
  30.326        -12.22763824        -12.22763824        -12.22763824         -7.09579039         -7.09579039         -7.09579039
  30.380        -12.23350620        -12.23350620        -12.23350620         -7.08840895         -7.08840895         -7.08840895
  30.434        -12.10306740        -12.10306740        -12.10306740         -7.10128593         -7.10128593         -7.10128593
  30.488        -11.84199142        -11.84199142        -11.84199142         -7.13409424         -7.13409424         -7.13409424
  30.541        -11.46183205        -11.46183205        -11.46183205         -7.18583632         -7.18583632         -7.18583632
  30.595        -10.97951412        -10.97951412        -10.97951412         -7.25491285         -7.25491285         -7.25491285
  30.649        -10.41622925        -10.41622925        -10.41622925         -7.33922434         -7.33922434         -7.33922434
  30.703         -9.79566002         -9.79566002         -9.79566002         -7.43626738         -7.43626738         -7.43626738
  30.756         -9.14163017         -9.14163017         -9.14163017         -7.54323292         -7.54323292         -7.54323292
  30.810         -8.47599220         -8.47599220         -8.47599220         -7.65710640         -7.65710640         -7.65710640
  30.864         -7.81686211         -7.81686211         -7.81686211         -7.77473927         -7.77473927         -7.77473927
  30.918         -7.17865181         -7.17865181         -7.17865181         -7.89294529         -7.89294529         -7.89294529
  30.971         -6.57223415         -6.57223415         -6.57223415         -8.00859928         -8.00859928         -8.00859928
  31.025         -6.00657225         -6.00657225         -6.00657225         -8.11873531         -8.11873531         -8.11873531
  31.079         -5.48984575         -5.48984575         -5.48984575         -8.22065449         -8.22065449         -8.22065449
  31.133         -5.03043032         -5.03043032         -5.03043032         -8.31199646         -8.31199646         -8.31199646
  31.187         -4.63733721         -4.63733721         -4.63733721         -8.39079857         -8.39079857         -8.39079857
  31.240         -4.31968975         -4.31968975         -4.31968975         -8.45549583         -8.45549583         -8.45549583
  31.294         -4.08608818         -4.08608818         -4.08608818         -8.50491428         -8.50491428         -8.50491428
  31.348         -3.94356275         -3.94356275         -3.94356275         -8.53822613         -8.53822613         -8.53822613
  31.402         -3.89669514         -3.89669514         -3.89669514         -8.55491257         -8.55491257         -8.55491257
  31.455         -3.94706655         -3.94706655         -3.94706655         -8.55473423         -8.55473423         -8.55473423
  31.509         -4.09294176         -4.09294176         -4.09294176         -8.53771305         -8.53771305         -8.53771305
  31.563         -4.32963562         -4.32963562         -4.32963562         -8.50412846         -8.50412846         -8.50412846
  31.617         -4.65000248         -4.65000248         -4.65000248         -8.45454216         -8.45454216         -8.45454216
  31.671         -5.04541254         -5.04541254         -5.04541254         -8.38982487         -8.38982487         -8.38982487
  31.724         -5.50674963         -5.50674963         -5.50674963         -8.31119347         -8.31119347         -8.31119347
  31.778         -6.02506876         -6.02506876         -6.02506876         -8.22025108         -8.22025108         -8.22025108
  31.832         -6.59189272         -6.59189272         -6.59189272         -8.11900139         -8.11900139         -8.11900139
  31.886         -7.19910860         -7.19910860         -7.19910860         -8.00983334         -8.00983334         -8.00983334
  31.939         -7.83771706         -7.83771706         -7.83771706         -7.89547348         -7.89547348         -7.89547348
  31.993         -8.49663162         -8.49663162         -8.49663162         -7.77890205         -7.77890205         -7.77890205
  32.047         -9.16138744         -9.16138744         -9.16138744         -7.66325474         -7.66325474         -7.66325474
  32.101         -9.81357098         -9.81357098         -9.81357098         -7.55171680         -7.55171680         -7.55171680
  32.154        -10.43120956        -10.43120956        -10.43120956         -7.44742632         -7.44742632         -7.44742632
  32.208        -10.99043846        -10.99043846        -10.99043846         -7.35338593         -7.35338593         -7.35338593
  32.262        -11.46758175        -11.46758175        -11.46758175         -7.27237558         -7.27237558         -7.27237558
  32.316        -11.84181023        -11.84181023        -11.84181023         -7.20687151         -7.20687151         -7.20687151
  32.370        -12.09631252        -12.09631252        -12.09631252         -7.15893602         -7.15893602         -7.15893602
  32.423        -12.21981335        -12.21981335        -12.21981335         -7.13012695         -7.13012695         -7.13012695
  32.477        -12.20695686        -12.20695686        -12.20695686         -7.12139463         -7.12139463         -7.12139463
  32.531        -12.05822849        -12.05822849        -12.05822849         -7.13301897         -7.13301897         -7.13301897
  32.585        -11.78015423        -11.78015423        -11.78015423         -7.16459417         -7.16459417         -7.16459417
  32.638        -11.38501644        -11.38501644        -11.38501644         -7.21505356         -7.21505356         -7.21505356
  32.692        -10.89041519        -10.89041519        -10.89041519         -7.28274155         -7.28274155         -7.28274155
  32.746        -10.31800175        -10.31800175        -10.31800175         -7.36551285         -7.36551285         -7.36551285
  32.800         -9.69146538         -9.69146538         -9.69146538         -7.46082926         -7.46082926         -7.46082926
  32.853         -9.03465843         -9.03465843         -9.03465843         -7.56586218         -7.56586218         -7.56586218
  32.907         -8.36890697         -8.36890697         -8.36890697         -7.67758322         -7.67758322         -7.67758322
  32.961         -7.71188545         -7.71188545         -7.71188545         -7.79283905         -7.79283905         -7.79283905
  33.015         -7.07745028         -7.07745028         -7.07745028         -7.90845203         -7.90845203         -7.90845203
  33.069         -6.47609138         -6.47609138         -6.47609138         -8.02131271         -8.02131271         -8.02131271
  33.122         -5.91666365         -5.91666365         -5.91666365         -8.12848663         -8.12848663         -8.12848663
  33.176         -5.40728474         -5.40728474         -5.40728474         -8.22731400         -8.22731400         -8.22731400
  33.230         -4.95643616         -4.95643616         -4.95643616         -8.31547928         -8.31547928         -8.31547928
  33.284         -4.57314348         -4.57314348         -4.57314348         -8.39106655         -8.39106655         -8.39106655
  33.337         -4.26655436         -4.26655436         -4.26655436         -8.45255756         -8.45255756         -8.45255756
  33.391         -4.04510975         -4.04510975         -4.04510975         -8.49881649         -8.49881649         -8.49881649
  33.445         -3.91548705         -3.91548705         -3.91548705         -8.52904701         -8.52904701         -8.52904701
  33.499         -3.88194823         -3.88194823         -3.88194823         -8.54275513         -8.54275513         -8.54275513
  33.552         -3.94558930         -3.94558930         -3.94558930         -8.53972435         -8.53972435         -8.53972435
  33.606         -4.10430050         -4.10430050         -4.10430050         -8.51999664         -8.51999664         -8.51999664
  33.660         -4.35296106         -4.35296106         -4.35296106         -8.48387241         -8.48387241         -8.48387241
  33.714         -4.68420076         -4.68420076         -4.68420076         -8.43193913         -8.43193913         -8.43193913
  33.768         -5.08924055         -5.08924055         -5.08924055         -8.36509418         -8.36509418         -8.36509418
  33.821         -5.55892372         -5.55892372         -5.55892372         -8.28459454         -8.28459454         -8.28459454
  33.875         -6.08445215         -6.08445215         -6.08445215         -8.19208145         -8.19208145         -8.19208145
  33.929         -6.65736580         -6.65736580         -6.65736580         -8.08960342         -8.08960342         -8.08960342
  33.983         -7.26952744         -7.26952744         -7.26952744         -7.97958851         -7.97958851         -7.97958851
  34.036         -7.91169310         -7.91169310         -7.91169310         -7.86479664         -7.86479664         -7.86479664
  34.090         -8.57241535         -8.57241535         -8.57241535         -7.74822807         -7.74822807         -7.74822807
  34.144         -9.23677063         -9.23677063         -9.23677063         -7.63302565         -7.63302565         -7.63302565
  34.198         -9.88562393         -9.88562393         -9.88562393         -7.52236891         -7.52236891         -7.52236891
  34.251        -10.49677753        -10.49677753        -10.49677753         -7.41938019         -7.41938019         -7.41938019
  34.305        -11.04629326        -11.04629326        -11.04629326         -7.32703829         -7.32703829         -7.32703829
  34.359        -11.51068974        -11.51068974        -11.51068974         -7.24808455         -7.24808455         -7.24808455
  34.413        -11.86957359        -11.86957359        -11.86957359         -7.18494415         -7.18494415         -7.18494415
  34.467        -12.10683060        -12.10683060        -12.10683060         -7.13961792         -7.13961792         -7.13961792
  34.520        -12.21198368        -12.21198368        -12.21198368         -7.11358452         -7.11358452         -7.11358452
  34.574        -12.18053818        -12.18053818        -12.18053818         -7.10770798         -7.10770798         -7.10770798
  34.628        -12.01370907        -12.01370907        -12.01370907         -7.12217426         -7.12217426         -7.12217426
  34.682        -11.71893501        -11.71893501        -11.71893501         -7.15648746         -7.15648746         -7.15648746
  34.735        -11.30917358        -11.30917358        -11.30917358         -7.20949173         -7.20949173         -7.20949173
  34.789        -10.80272579        -10.80272579        -10.80272579         -7.27945900         -7.27945900         -7.27945900
  34.843        -10.22159386        -10.22159386        -10.22159386         -7.36418629         -7.36418629         -7.36418629
  34.897         -9.58969021         -9.58969021         -9.58969021         -7.46108818         -7.46108818         -7.46108818
  34.950         -8.93055630         -8.93055630         -8.93055630         -7.56730509         -7.56730509         -7.56730509
  35.004         -8.26508427         -8.26508427         -8.26508427         -7.67978525         -7.67978525         -7.67978525
  35.058         -7.61053562         -7.61053562         -7.61053562         -7.79536819         -7.79536819         -7.79536819
  35.112         -6.98013401         -6.98013401         -6.98013401         -7.91087770         -7.91087770         -7.91087770
  35.166         -6.38412333         -6.38412333         -6.38412333         -8.02322102         -8.02322102         -8.02322102
  35.219         -5.83111763         -5.83111763         -5.83111763         -8.12949944         -8.12949944         -8.12949944
  35.273         -5.32928085         -5.32928085         -5.32928085         -8.22709084         -8.22709084         -8.22709084
  35.327         -4.88718987         -4.88718987         -4.88718987         -8.31373692         -8.31373692         -8.31373692
  35.381         -4.51395798         -4.51395798         -4.51395798         -8.38757420         -8.38757420         -8.38757420
  35.434         -4.21857738         -4.21857738         -4.21857738         -8.44713783         -8.44713783         -8.44713783
  35.488         -4.00939274         -4.00939274         -4.00939274         -8.49134064         -8.49134064         -8.49134064
  35.542         -3.89279532         -3.89279532         -3.89279532         -8.51943111         -8.51943111         -8.51943111
  35.596         -3.87260342         -3.87260342         -3.87260342         -8.53095627         -8.53095627         -8.53095627
  35.649         -3.94950151         -3.94950151         -3.94950151         -8.52573204         -8.52573204         -8.52573204
  35.703         -4.12091637         -4.12091637         -4.12091637         -8.50383377         -8.50383377         -8.50383377
  35.757         -4.38139677         -4.38139677         -4.38139677         -8.46560478         -8.46560478         -8.46560478
  35.811         -4.72331238         -4.72331238         -4.72331238         -8.41166782         -8.41166782         -8.41166782
  35.865         -5.13781881         -5.13781881         -5.13781881         -8.34296989         -8.34296989         -8.34296989
  35.918         -5.61570692         -5.61570692         -5.61570692         -8.26081657         -8.26081657         -8.26081657
  35.972         -6.14828014         -6.14828014         -6.14828014         -8.16690731         -8.16690731         -8.16690731
  36.026         -6.72709703         -6.72709703         -6.72709703         -8.06334209         -8.06334209         -8.06334209
  36.080         -7.34402275         -7.34402275         -7.34402275         -7.95259905         -7.95259905         -7.95259905
  36.133         -7.98957253         -7.98957253         -7.98957253         -7.83747482         -7.83747482         -7.83747482
  36.187         -8.65185452         -8.65185452         -8.65185452         -7.72099543         -7.72099543         -7.72099543
  36.241         -9.31537342         -9.31537342         -9.31537342         -7.60631561         -7.60631561         -7.60631561
  36.295         -9.96056938         -9.96056938         -9.96056938         -7.49661493         -7.49661493         -7.49661493
  36.348        -10.56487370        -10.56487370        -10.56487370         -7.39499903         -7.39499903         -7.39499903
  36.402        -11.10419750        -11.10419750        -11.10419750         -7.30441713         -7.30441713         -7.30441713
  36.456        -11.55536652        -11.55536652        -11.55536652         -7.22757626         -7.22757626         -7.22757626
  36.510        -11.89861488        -11.89861488        -11.89861488         -7.16684914         -7.16684914         -7.16684914
  36.564        -12.11840916        -12.11840916        -12.11840916         -7.12417078         -7.12417078         -7.12417078
  36.617        -12.20517254        -12.20517254        -12.20517254         -7.10094118         -7.10094118         -7.10094118
  36.671        -12.15514374        -12.15514374        -12.15514374         -7.09793377         -7.09793377         -7.09793377
  36.725        -11.97041702        -11.97041702        -11.97041702         -7.11524391         -7.11524391         -7.11524391
  36.779        -11.65916348        -11.65916348        -11.65916348         -7.15227795         -7.15227795         -7.15227795
  36.832        -11.23513603        -11.23513603        -11.23513603         -7.20780039         -7.20780039         -7.20780039
  36.886        -10.71723080        -10.71723080        -10.71723080         -7.28001165         -7.28001165         -7.28001165
  36.940        -10.12782478        -10.12782478        -10.12782478         -7.36664867         -7.36664867         -7.36664867
  36.994         -9.49095726         -9.49095726         -9.49095726         -7.46508503         -7.46508503         -7.46508503
  37.047         -8.82988930         -8.82988930         -8.82988930         -7.57243013         -7.57243013         -7.57243013
  37.101         -8.16506672         -8.16506672         -8.16506672         -7.68561172         -7.68561172         -7.68561172
  37.155         -7.51318026         -7.51318026         -7.51318026         -7.80146122         -7.80146122         -7.80146122
  37.209         -6.88701916         -6.88701916         -6.88701916         -7.91680861         -7.91680861         -7.91680861
  37.263         -6.29648638         -6.29648638         -6.29648638         -8.02858162         -8.02858162         -8.02858162
  37.316         -5.75003815         -5.75003815         -5.75003815         -8.13391018         -8.13391018         -8.13391018
  37.370         -5.25594997         -5.25594997         -5.25594997         -8.23022556         -8.23022556         -8.23022556
  37.424         -4.82280684         -4.82280684         -4.82280684         -8.31531620         -8.31531620         -8.31531620
  37.478         -4.45972872         -4.45972872         -4.45972872         -8.38737583         -8.38737583         -8.38737583
  37.531         -4.17575216         -4.17575216         -4.17575216         -8.44499302         -8.44499302         -8.44499302
  37.585         -3.97894645         -3.97894645         -3.97894645         -8.48712826         -8.48712826         -8.48712826
  37.639         -3.87543154         -3.87543154         -3.87543154         -8.51307106         -8.51307106         -8.51307106
  37.693         -3.86861634         -3.86861634         -3.86861634         -8.52240753         -8.52240753         -8.52240753
  37.747         -3.95870590         -3.95870590         -3.95870590         -8.51498890         -8.51498890         -8.51498890
  37.800         -4.14273643         -4.14273643         -4.14273643         -8.49093056         -8.49093056         -8.49093056
  37.854         -4.41490078         -4.41490078         -4.41490078         -8.45060539         -8.45060539         -8.45060539
  37.908         -4.76732159         -4.76732159         -4.76732159         -8.39468288         -8.39468288         -8.39468288
  37.962         -5.19111681         -5.19111681         -5.19111681         -8.32415581         -8.32415581         -8.32415581
  38.015         -5.67708206         -5.67708206         -5.67708206         -8.24038219         -8.24038219         -8.24038219
  38.069         -6.21648741         -6.21648741         -6.21648741         -8.14511490         -8.14511490         -8.14511490
  38.123         -6.80111504         -6.80111504         -6.80111504         -8.04050636         -8.04050636         -8.04050636
  38.177         -7.42262602         -7.42262602         -7.42262602         -7.92908573         -7.92908573         -7.92908573
  38.230         -8.07132816         -8.07132816         -8.07132816         -7.81368589         -7.81368589         -7.81368589
  38.284         -8.73491859         -8.73491859         -8.73491859         -7.69735527         -7.69735527         -7.69735527
  38.338         -9.39722538         -9.39722538         -9.39722538         -7.58325958         -7.58325958         -7.58325958
  38.392        -10.03838253        -10.03838253        -10.03838253         -7.47457123         -7.47457123         -7.47457123
  38.446        -10.63526249        -10.63526249        -10.63526249         -7.37438107         -7.37438107         -7.37438107
  38.499        -11.16396332        -11.16396332        -11.16396332         -7.28561115         -7.28561115         -7.28561115
  38.553        -11.60165215        -11.60165215        -11.60165215         -7.21092749         -7.21092749         -7.21092749
  38.607        -11.92888165        -11.92888165        -11.92888165         -7.15264940         -7.15264940         -7.15264940
  38.661        -12.13108635        -12.13108635        -12.13108635         -7.11264467         -7.11264467         -7.11264467
