  -3.4015070392E+001   1.7635650699E-001
  -3.3860456436E+001   1.7656188883E-001
  -3.3705842479E+001   1.7716399460E-001
  -3.3551228523E+001   1.7812649946E-001
  -3.3396614567E+001   1.7941063588E-001
  -3.3242000610E+001   1.8101263822E-001
  -3.3087386654E+001   1.8302349755E-001
  -3.2932772698E+001   1.8572566892E-001
  -3.2778158741E+001   1.8976462000E-001
  -3.2623544785E+001   1.9648931478E-001
  -3.2468930829E+001   2.0865993437E-001
  -3.2314316872E+001   2.3179935591E-001
  -3.2159702916E+001   2.7631943955E-001
  -3.2005088960E+001   3.6039977513E-001
  -3.1850475003E+001   5.1585951428E-001
  -3.1695861047E+001   8.0393844736E-001
  -3.1541247091E+001   1.3210350284E+000
  -3.1386633134E+001   2.0638034387E+000
  -3.1232019178E+001   2.6369055219E+000
  -3.1077405222E+001   2.5049777724E+000
  -3.0922791265E+001   1.8055813679E+000
  -3.0768177309E+001   1.1180614543E+000
  -3.0613563353E+001   6.8754304412E-001
  -3.0458949396E+001   4.5318976258E-001
  -3.0304335440E+001   3.2640866116E-001
  -3.0149721484E+001   2.5818053914E-001
  -2.9995107527E+001   2.2235312401E-001
  -2.9840493571E+001   2.0373398549E-001
  -2.9685879615E+001   1.9381934351E-001
  -2.9531265658E+001   1.8820643359E-001
  -2.9376651702E+001   1.8471829516E-001
  -2.9222037746E+001   1.8229555701E-001
  -2.9067423789E+001   1.8044033400E-001
  -2.8912809833E+001   1.7894817401E-001
  -2.8758195877E+001   1.7776811324E-001
  -2.8603581920E+001   1.7692096146E-001
  -2.8448967964E+001   1.7644790423E-001
  -2.8294354008E+001   1.7637926646E-001
  -2.8139740052E+001   1.7671979836E-001
  -2.7985126095E+001   1.7744677391E-001
  -2.7830512139E+001   1.7852004125E-001
  -2.7675898183E+001   1.7990738536E-001
  -2.7521284226E+001   1.8162861411E-001
  -2.7366670270E+001   1.8382521293E-001
  -2.7212056314E+001   1.8687599420E-001
  -2.7057442357E+001   1.9161021028E-001
  -2.6902828401E+001   1.9974253049E-001
  -2.6748214445E+001   2.1476504110E-001
  -2.6593600488E+001   2.4355915704E-001
  -2.6438986532E+001   2.9875372442E-001
  -2.6284372576E+001   4.0209179819E-001
  -2.6129758619E+001   5.9284503516E-001
  -2.5975144663E+001   9.4623994624E-001
  -2.5820530707E+001   1.5529117581E+000
  -2.5665916750E+001   2.3055958627E+000
  -2.5511302794E+001   2.6831167078E+000
  -2.5356688838E+001   2.3055963486E+000
  -2.5202074881E+001   1.5529127578E+000
  -2.5047460925E+001   9.4624151097E-001
  -2.4892846969E+001   5.9284723220E-001
  -2.4738233012E+001   4.0209470478E-001
  -2.4583619056E+001   2.9875742471E-001
  -2.4429005100E+001   2.4356374221E-001
  -2.4274391143E+001   2.1477061153E-001
  -2.4119777187E+001   1.9974919835E-001
  -2.3965163231E+001   1.9161810169E-001
  -2.3810549274E+001   1.8688525087E-001
  -2.3655935318E+001   1.8383599371E-001
  -2.3501321362E+001   1.8164109687E-001
  -2.3346707405E+001   1.7992176924E-001
  -2.3192093449E+001   1.7853654934E-001
  -2.3037479493E+001   1.7746565622E-001
  -2.2882865536E+001   1.7674133480E-001
  -2.2728251580E+001   1.7640376965E-001
  -2.2573637624E+001   1.7647572188E-001
  -2.2419023667E+001   1.7695247802E-001
  -2.2264409711E+001   1.7780375029E-001
  -2.2109795755E+001   1.7898838909E-001
  -2.1955181798E+001   1.8048561734E-001
  -2.1800567842E+001   1.8234642559E-001
  -2.1645953886E+001   1.8477528357E-001
  -2.1491339929E+001   1.8827008078E-001
  -2.1336725973E+001   1.9389017364E-001
  -2.1182112017E+001   2.0381248000E-001
  -2.1027498060E+001   2.2243968304E-001
  -2.0872884104E+001   2.5827543479E-001
  -2.0718270148E+001   3.2651199367E-001
  -2.0563656191E+001   4.5330143191E-001
  -2.0409042235E+001   6.8766273676E-001
  -2.0254428279E+001   1.1181886946E+000
  -2.0099814323E+001   1.8057158941E+000
  -1.9945200366E+001   2.5051204644E+000
  -1.9790586410E+001   2.6370591835E+000
  -1.9635972454E+001   2.0639721450E+000
  -1.9481358497E+001   1.3212223698E+000
  -1.9326744541E+001   8.0414652351E-001
  -1.9172130585E+001   5.1608918990E-001
  -1.9017516628E+001   3.6065114036E-001
  -1.8862902672E+001   2.7659192017E-001
  -1.8708288716E+001   2.3209170076E-001
  -1.8553674759E+001   2.0897024894E-001
  -1.8399060803E+001   1.9681509461E-001
  -1.8244446847E+001   1.9010273661E-001
  -1.8089832890E+001   1.8607232143E-001
  -1.7935218934E+001   1.8337416154E-001
  -1.7780604978E+001   1.8136203109E-001
  -1.7625991021E+001   1.7975270131E-001
  -1.7471377065E+001   1.7845440497E-001
  -1.7316763109E+001   1.7747013665E-001
  -1.7162149152E+001   1.7683790438E-001
  -1.7007535196E+001   1.7659329447E-001
  -1.6852921240E+001   1.7674965327E-001
  -1.6698307283E+001   1.7729229281E-001
  -1.6543693327E+001   1.7818434361E-001
  -1.6389079371E+001   1.7938662907E-001
  -1.6234465414E+001   1.8089515462E-001
  -1.6079851458E+001   1.8280090877E-001
  -1.5925237502E+001   1.8538661874E-001
  -1.5770623545E+001   1.8929835769E-001
  -1.5616009589E+001   1.9588611249E-001
  -1.5461395633E+001   2.0791161917E-001
  -1.5306781676E+001   2.3089994293E-001
  -1.5152167720E+001   2.7526572280E-001
  -1.4997553764E+001   3.5919157182E-001
  -1.4842939807E+001   5.1449928946E-001
  -1.4688325851E+001   8.0243017882E-001
  -1.4533711895E+001   1.3193811229E+000
  -1.4379097938E+001   2.0619965674E+000
  -1.4224483982E+001   2.6349166764E+000
  -1.4069870026E+001   2.5027537585E+000
  -1.3915256069E+001   1.8030614783E+000
  -1.3760642113E+001   1.1151988398E+000
  -1.3606028157E+001   6.8431162248E-001
  -1.3451414200E+001   4.4957974580E-001
  -1.3296800244E+001   3.2242252063E-001
  -1.3142186288E+001   2.5383158177E-001
  -1.2987572331E+001   2.1766412897E-001
  -1.2832958375E+001   1.9873558186E-001
  -1.2678344419E+001   1.8854892906E-001
  -1.2523730462E+001   1.8270772489E-001
  -1.2369116506E+001   1.7904106169E-001
  -1.2214502550E+001   1.7649515425E-001
  -1.2059888594E+001   1.7457692419E-001
  -1.1905274637E+001   1.7308571790E-001
  -1.1750660681E+001   1.7197326554E-001
  -1.1596046725E+001   1.7126195696E-001
  -1.1441432768E+001   1.7099345195E-001
  -1.1286818812E+001   1.7119741388E-001
  -1.1132204856E+001   1.7187669414E-001
  -1.0977590899E+001   1.7300525197E-001
  -1.0822976943E+001   1.7453797606E-001
  -1.0668362987E+001   1.7643582699E-001
  -1.0513749030E+001   1.7870979986E-001
  -1.0359135074E+001   1.8149066482E-001
  -1.0204521118E+001   1.8514500833E-001
  -1.0049907161E+001   1.9048905216E-001
  -9.8952932049E+000   1.9922451660E-001
  -9.7406792486E+000   2.1483144046E-001
  -9.5860652923E+000   2.4418064281E-001
  -9.4314513359E+000   2.9989218290E-001
  -9.2768373796E+000   4.0370252899E-001
  -9.1222234233E+000   5.9487791859E-001
  -8.9676094670E+000   9.4863229209E-001
  -8.8129955106E+000   1.5555681252E+000
  -8.6583815543E+000   2.3083980002E+000
  -8.5037675980E+000   2.6860112226E+000
  -8.3491536417E+000   2.3086199628E+000
  -8.1945396853E+000   1.5560842123E+000
  -8.0399257290E+000   9.4953320761E-001
  -7.8853117727E+000   5.9623370480E-001
  -7.7306978164E+000   4.0555845384E-001
  -7.5760838600E+000   3.0227321055E-001
  -7.4214699037E+000   2.4709312897E-001
  -7.2668559474E+000   2.1826588850E-001
  -7.1122419910E+000   2.0315977029E-001
  -6.9576280347E+000   1.9489558941E-001
  -6.8030140784E+000   1.8998663318E-001
  -6.6484001221E+000   1.8672534379E-001
  -6.4937861657E+000   1.8429045135E-001
  -6.3391722094E+000   1.8231136453E-001
  -6.1845582531E+000   1.8065450258E-001
  -6.0299442968E+000   1.7930717867E-001
  -5.8753303404E+000   1.7830762068E-001
  -5.7207163841E+000   1.7770072116E-001
  -5.5661024278E+000   1.7751265002E-001
  -5.4114884714E+000   1.7774088180E-001
  -5.2568745151E+000   1.7835623311E-001
  -5.1022605588E+000   1.7931773278E-001
  -4.9476466025E+000   1.8060401654E-001
  -4.7930326461E+000   1.8226488422E-001
  -4.6384186898E+000   1.8450318227E-001
  -4.4838047335E+000   1.8781494161E-001
  -4.3291907772E+000   1.9325764786E-001
  -4.1745768208E+000   2.0300647767E-001
  -4.0199628645E+000   2.2146225781E-001
  -3.8653489082E+000   2.5712560078E-001
  -3.7107349518E+000   3.2518250237E-001
  -3.5561209955E+000   4.5177268762E-001
  -3.4015070392E+000   6.8589084924E-001
  -3.2468930829E+000   1.1160834387E+000
  -3.0922791265E+000   1.8031441492E+000
  -2.9376651702E+000   2.5020399280E+000
  -2.7830512139E+000   2.6336737330E+000
  -2.6284372576E+000   2.0605280662E+000
  -2.4738233012E+000   1.3177099492E+000
  -2.3192093449E+000   8.0039335958E-001
  -2.1645953886E+000   5.1195177417E-001
  -2.0099814323E+000   3.5605300049E-001
  -1.8553674759E+000   2.7150191237E-001
  -1.7007535196E+000   2.2650829620E-001
  -1.5461395633E+000   2.0291221763E-001
  -1.3915256069E+000   1.9031518298E-001
  -1.2369116506E+000   1.8320432694E-001
  -1.0822976943E+000   1.7882816673E-001
  -9.2768373796E-001   1.7584577696E-001
  -7.7306978164E-001   1.7361888392E-001
  -6.1845582531E-001   1.7187101171E-001
  -4.6384186898E-001   1.7051570381E-001
  -3.0922791265E-001   1.6955976148E-001
  -1.5461395633E-001   1.6904352651E-001
   0.0000000000E+000   1.6900347606E-001
   1.5461395633E-001   1.6945236979E-001
   3.0922791265E-001   1.7037333180E-001
   4.6384186898E-001   1.7172550992E-001
   6.1845582531E-001   1.7346373889E-001
   7.7306978164E-001   1.7557587555E-001
   9.2768373796E-001   1.7814259820E-001
   1.0822976943E+000   1.8143440038E-001
   1.2369116506E+000   1.8608370026E-001
   1.3915256069E+000   1.9342610296E-001
   1.5461395633E+000   2.0620900206E-001
   1.7007535196E+000   2.2994396128E-001
   1.8553674759E+000   2.7503397446E-001
   2.0099814323E+000   3.5965328052E-001
   2.1645953886E+000   5.1561960281E-001
   2.3192093449E+000   8.0417210368E-001
   2.4738233012E+000   1.3216997614E+000
   2.6284372576E+000   2.0648355615E+000
   2.7830512139E+000   2.6382398462E+000
   2.9376651702E+000   2.5065834263E+000
   3.0922791265E+000   1.8074472303E+000
   3.2468930829E+000   1.1201765069E+000
   3.4015070392E+000   6.8990588432E-001
   3.5561209955E+000   4.5580436317E-001
   3.7107349518E+000   3.2927089655E-001
   3.8653489082E+000   2.6127349627E-001
   4.0199628645E+000   2.2565074858E-001
   4.1745768208E+000   2.0720756738E-001
   4.3291907772E+000   1.9744306805E-001
   4.4838047335E+000   1.9196091162E-001
   4.6384186898E+000   1.8859247039E-001
   4.7930326461E+000   1.8628755767E-001
   4.9476466025E+000   1.8455754276E-001
   5.1022605588E+000   1.8320658973E-001
   5.2568745151E+000   1.8219105154E-001
   5.4114884714E+000   1.8153717863E-001
   5.5661024278E+000   1.8128925276E-001
   5.7207163841E+000   1.8147798562E-001
   5.8753303404E+000   1.8210552067E-001
   6.0299442968E+000   1.8314332311E-001
   6.1845582531E+000   1.8454214060E-001
   6.3391722094E+000   1.8625747619E-001
   6.4937861657E+000   1.8829406878E-001
   6.6484001221E+000   1.9077627915E-001
   6.8030140784E+000   1.9406477552E-001
   6.9576280347E+000   1.9897086981E-001
   7.1122419910E+000   2.0719292334E-001
   7.2668559474E+000   2.2221053187E-001
   7.4214699037E+000   2.5090053151E-001
   7.5760838600E+000   3.0590170649E-001
   7.7306978164E+000   4.0898845172E-001
   7.8853117727E+000   5.9948828972E-001
   8.0399257290E+000   9.5270589416E-001
   8.1945396853E+000   1.5593453827E+000
   8.3491536417E+000   2.3120721683E+000
   8.5037675980E+000   2.6894041080E+000
   8.6583815543E+000   2.3112426875E+000
   8.8129955106E+000   1.5576664242E+000
   8.9676094670E+000   9.5014779761E-001
   9.1222234233E+000   5.9602278365E-001
   9.2768373796E+000   4.0459527946E-001
   9.4314513359E+000   3.0057185737E-001
   9.5860652923E+000   2.4463716793E-001
   9.7406792486E+000   2.1502819165E-001
   9.8952932049E+000   1.9911607762E-001
   1.0049907161E+001   1.9003269066E-001
   1.0204521118E+001   1.8430624513E-001
   1.0359135074E+001   1.8024538899E-001
   1.0513749030E+001   1.7704490875E-001
   1.0668362987E+001   1.7434921584E-001
   1.0822976943E+001   1.7203803963E-001
   1.0977590899E+001   1.7010993037E-001
   1.1132204856E+001   1.6861216982E-001
   1.1286818812E+001   1.6759662277E-001
   1.1441432768E+001   1.6709456537E-001
   1.1596046725E+001   1.6710694521E-001
   1.1750660681E+001   1.6760658804E-001
   1.1905274637E+001   1.6855312839E-001
   1.2059888594E+001   1.6992436122E-001
   1.2214502550E+001   1.7176770359E-001
   1.2369116506E+001   1.7428202400E-001
   1.2523730462E+001   1.7795788907E-001
   1.2678344419E+001   1.8384618749E-001
   1.2832958375E+001   1.9411492815E-001
   1.2987572331E+001   2.1315779433E-001
   1.3142186288E+001   2.4946872043E-001
   1.3296800244E+001   3.1822793830E-001
   1.3451414200E+001   4.4557227898E-001
   1.3606028157E+001   6.8050362873E-001
   1.3760642113E+001   1.1115942212E+000
   1.3915256069E+001   1.7996436885E+000
   1.4069870026E+001   2.4994683859E+000
   1.4224483982E+001   2.6316793788E+000
   1.4379097938E+001   2.0587365347E+000
   1.4533711895E+001   1.3160753029E+000
   1.4688325851E+001   7.9909475663E-001
   1.4842939807E+001   5.1116278492E-001
   1.4997553764E+001   3.5587993170E-001
   1.5152167720E+001   2.7199977189E-001
   1.5306781676E+001   2.2769589204E-001
   1.5461395633E+001   2.0478153206E-001
   1.5616009589E+001   1.9283856801E-001
   1.5770623545E+001   1.8633932762E-001
   1.5925237502E+001   1.8252028285E-001
   1.6079851458E+001   1.8003025847E-001
   1.6234465414E+001   1.7822239588E-001
   1.6389079371E+001   1.7681345003E-001
   1.6543693327E+001   1.7571210154E-001
   1.6698307283E+001   1.7492214891E-001
   1.6852921240E+001   1.7448266700E-001
   1.7007535196E+001   1.7443048296E-001
   1.7162149152E+001   1.7478026996E-001
   1.7316763109E+001   1.7551866403E-001
   1.7471377065E+001   1.7661002909E-001
   1.7625991021E+001   1.7801624695E-001
   1.7780604978E+001   1.7973412658E-001
   1.7935218934E+001   1.8185513379E-001
   1.8089832890E+001   1.8466208875E-001
   1.8244446847E+001   1.8880072358E-001
   1.8399060803E+001   1.9562019042E-001
   1.8553674759E+001   2.0788080899E-001
   1.8708288716E+001   2.3110554765E-001
   1.8862902672E+001   2.7570626477E-001
   1.9017516628E+001   3.5986238611E-001
   1.9172130585E+001   5.1539273404E-001
   1.9326744541E+001   8.0353667876E-001
   1.9481358497E+001   1.3206920305E+000
   1.9635972454E+001   2.0635116807E+000
   1.9790586410E+001   2.6366558720E+000
   1.9945200366E+001   2.5047609313E+000
   2.0099814323E+001   1.8053903091E+000
   2.0254428279E+001   1.1178923082E+000
   2.0409042235E+001   6.8739397163E-001
   2.0563656191E+001   4.5305959498E-001
   2.0718270148E+001   3.2629628938E-001
   2.0872884104E+001   2.5808476657E-001
   2.1027498060E+001   2.2227263532E-001
   2.1182112017E+001   2.0366735909E-001
   2.1336725973E+001   1.9376509870E-001
   2.1491339929E+001   1.8816308775E-001
   2.1645953886E+001   1.8468441122E-001
   2.1800567842E+001   1.8226977612E-001
   2.1955181798E+001   1.8042139643E-001
   2.2109795755E+001   1.7893493153E-001
   2.2264409711E+001   1.7775953525E-001
   2.2419023667E+001   1.7691613643E-001
   2.2573637624E+001   1.7644603733E-001
   2.2728251580E+001   1.7637967406E-001
   2.2882865536E+001   1.7672190012E-001
   2.3037479493E+001   1.7745008375E-001
   2.3192093449E+001   1.7852415769E-001
   2.3346707405E+001   1.7991198156E-001
   2.3501321362E+001   1.8163342835E-001
   2.3655935318E+001   1.8383003978E-001
   2.3810549274E+001   1.8688067613E-001
   2.3965163231E+001   1.9161462987E-001
   2.4119777187E+001   1.9974660339E-001
   2.4274391143E+001   2.1476870972E-001
   2.4429005100E+001   2.4356238521E-001
   2.4583619056E+001   2.9875649335E-001
   2.4738233012E+001   4.0209410388E-001
   2.4892846969E+001   5.9284688591E-001
   2.5047460925E+001   9.4624135890E-001
   2.5202074881E+001   1.5529127520E+000
   2.5356688838E+001   2.3055964514E+000
   2.5511302794E+001   2.6831168898E+000
   2.5665916750E+001   2.3055961013E+000
   2.5820530707E+001   1.5529120365E+000
   2.5975144663E+001   9.4624025213E-001
   2.6129758619E+001   5.9284535957E-001
   2.6284372576E+001   4.0209213459E-001
   2.6438986532E+001   2.9875406806E-001
   2.6593600488E+001   2.4355950439E-001
   2.6748214445E+001   2.1476538950E-001
   2.6902828401E+001   1.9974287800E-001
   2.7057442357E+001   1.9161055547E-001
   2.7212056314E+001   1.8687633600E-001
   2.7366670270E+001   1.8382555053E-001
   2.7521284226E+001   1.8162894694E-001
   2.7675898183E+001   1.7990771297E-001
   2.7830512139E+001   1.7852036327E-001
   2.7985126095E+001   1.7744709005E-001
   2.8139740052E+001   1.7672010839E-001
   2.8294354008E+001   1.7637957015E-001
   2.8448967964E+001   1.7644820135E-001
   2.8603581920E+001   1.7692125184E-001
   2.8758195877E+001   1.7776839668E-001
   2.8912809833E+001   1.7894845032E-001
   2.9067423789E+001   1.8044060301E-001
   2.9222037746E+001   1.8229581855E-001
   2.9376651702E+001   1.8471854906E-001
   2.9531265658E+001   1.8820667967E-001
   2.9685879615E+001   1.9381958164E-001
   2.9840493571E+001   2.0373421554E-001
   2.9995107527E+001   2.2235334585E-001
   3.0149721484E+001   2.5818075265E-001
   3.0304335440E+001   3.2640886625E-001
   3.0458949396E+001   4.5318995917E-001
   3.0613563353E+001   6.8754323211E-001
   3.0768177309E+001   1.1180616336E+000
   3.0922791265E+001   1.8055815386E+000
   3.1077405222E+001   2.5049779344E+000
   3.1232019178E+001   2.6369056752E+000
   3.1386633134E+001   2.0638035832E+000
   3.1541247091E+001   1.3210351642E+000
   3.1695861047E+001   8.0393857443E-001
   3.1850475003E+001   5.1585963266E-001
   3.2005088960E+001   3.6039988484E-001
   3.2159702916E+001   2.7631954061E-001
   3.2314316872E+001   2.3179944835E-001
   3.2468930829E+001   2.0866001825E-001
   3.2623544785E+001   1.9648939014E-001
   3.2778158741E+001   1.8976468686E-001
   3.2932772698E+001   1.8572572733E-001
   3.3087386654E+001   1.8302354755E-001
   3.3242000610E+001   1.8101267982E-001
   3.3396614567E+001   1.7941066911E-001
   3.3551228523E+001   1.7812652438E-001
   3.3705842479E+001   1.7716401121E-001
   3.3860456436E+001   1.7656189712E-001
