 msvd2= -0.12326152928450612                5           5           8   1.0000000000000000E-008
 msvd2= -0.19676018008973228                5           5           8   1.0000000000000000E-008
 msvd2= -0.20081694839692904                5           5           8   1.0000000000000000E-008
 msvd2= -0.27431559920215520                5           5           8   1.0000000000000000E-008
 msvd2= -0.81591486298771776                5           5           8   1.0000000000000000E-008
 msvd2= -0.88941351379294398                5           5           8   1.0000000000000000E-008
 msvd2= -0.70270394477990850                5           5           8   1.0000000000000000E-008
 msvd2= -0.77620259558513471                5           5           8   1.0000000000000000E-008
 msvd2= -0.58949302657209923                5           5           8   1.0000000000000000E-008
 msvd2= -0.66299167737732545                5           5           8   1.0000000000000000E-008
 msvd2= -0.47628210836428997                5           5           8   1.0000000000000000E-008
 msvd2= -0.54978075916951619                5           5           8   1.0000000000000000E-008
 msvd2= -0.36307119015648071                5           5           8   1.0000000000000000E-008
 msvd2= -0.43656984096170692                5           5           8   1.0000000000000000E-008
 msvd2= -0.24986027194867147                5           5           8   1.0000000000000000E-008
 msvd2= -0.32335892275389766                5           5           8   1.0000000000000000E-008
 msvd2= -0.13664935374086223                5           5           8   1.0000000000000000E-008
 msvd2= -0.21014800454608840                5           5           8   1.0000000000000000E-008
 msvd2=  -2.3438435533052963E-002           5           5           8   1.0000000000000000E-008
 msvd2=  -9.6937086338279133E-002           5           5           8   1.0000000000000000E-008
 msvd2=   8.9772482674756293E-002           5           5           8   1.0000000000000000E-008
 msvd2=   1.6273831869530124E-002           5           5           8   1.0000000000000000E-008
 msvd2=  0.20298340088256556                5           5           8   1.0000000000000000E-008
 msvd2=  0.12948475007733939                5           5           8   1.0000000000000000E-008
 msvd2=  0.31619431909037488                5           5           8   1.0000000000000000E-008
 msvd2=  0.24269566828514869                5           5           8   1.0000000000000000E-008
 msvd2=  0.42940523729818414                5           5           8   1.0000000000000000E-008
 msvd2=  0.35590658649295792                5           5           8   1.0000000000000000E-008
 msvd2=  0.54261615550599340                5           5           8   1.0000000000000000E-008
 msvd2=  0.46911750470076718                5           5           8   1.0000000000000000E-008
