  -3.4015070392E+001   1.7622855760E-001
  -3.3860456436E+001   1.7643667807E-001
  -3.3705842479E+001   1.7704148515E-001
  -3.3551228523E+001   1.7800666793E-001
  -3.3396614567E+001   1.7929347879E-001
  -3.3242000610E+001   1.8089817373E-001
  -3.3087386654E+001   1.8291176337E-001
  -3.2932772698E+001   1.8561671902E-001
  -3.2778158741E+001   1.8965852336E-001
  -3.2623544785E+001   1.9638615891E-001
  -3.2468930829E+001   2.0855983517E-001
  -3.2314316872E+001   2.3170247477E-001
  -3.2159702916E+001   2.7622600858E-001
  -3.2005088960E+001   3.6031012949E-001
  -3.1850475003E+001   5.1577410064E-001
  -3.1695861047E+001   8.0385767404E-001
  -3.1541247091E+001   1.3209587916E+000
  -3.1386633134E+001   2.0637309981E+000
  -3.1232019178E+001   2.6368372976E+000
  -3.1077405222E+001   2.5049165999E+000
  -3.0922791265E+001   1.8055294153E+000
  -3.0768177309E+001   1.1180184335E+000
  -3.0613563353E+001   6.8750829586E-001
  -3.0458949396E+001   4.5316335726E-001
  -3.0304335440E+001   3.2639097892E-001
  -3.0149721484E+001   2.5817190015E-001
  -2.9995107527E+001   2.2235371524E-001
  -2.9840493571E+001   2.0374388505E-001
  -2.9685879615E+001   1.9383855146E-001
  -2.9531265658E+001   1.8823489428E-001
  -2.9376651702E+001   1.8475591174E-001
  -2.9222037746E+001   1.8234219901E-001
  -2.9067423789E+001   1.8049583903E-001
  -2.8912809833E+001   1.7901234539E-001
  -2.8758195877E+001   1.7784071676E-001
  -2.8603581920E+001   1.7700172439E-001
  -2.8448967964E+001   1.7653651844E-001
  -2.8294354008E+001   1.7647539572E-001
  -2.8139740052E+001   1.7682308832E-001
  -2.7985126095E+001   1.7755686265E-001
  -2.7830512139E+001   1.7863656781E-001
  -2.7675898183E+001   1.8002999440E-001
  -2.7521284226E+001   1.8175695641E-001
  -2.7366670270E+001   1.8395894292E-001
  -2.7212056314E+001   1.8701476726E-001
  -2.7057442357E+001   1.9175368311E-001
  -2.6902828401E+001   1.9989036710E-001
  -2.6748214445E+001   2.1491692552E-001
  -2.6593600488E+001   2.4371481339E-001
  -2.6438986532E+001   2.9891294564E-001
  -2.6284372576E+001   4.0225447777E-001
  -2.6129758619E+001   5.9301114563E-001
  -2.5975144663E+001   9.4640928729E-001
  -2.5820530707E+001   1.5530834432E+000
  -2.5665916750E+001   2.3057687218E+000
  -2.5511302794E+001   2.6832915040E+000
  -2.5356688838E+001   2.3057756154E+000
  -2.5202074881E+001   1.5530972224E+000
  -2.5047460925E+001   9.4642993126E-001
  -2.4892846969E+001   5.9303861323E-001
  -2.4738233012E+001   4.0228870065E-001
  -2.4583619056E+001   2.9895382350E-001
  -2.4429005100E+001   2.4376221169E-001
  -2.4274391143E+001   2.1497067437E-001
  -2.4119777187E+001   1.9995025993E-001
  -2.3965163231E+001   1.9181947418E-001
  -2.3810549274E+001   1.8708616797E-001
  -2.3655935318E+001   1.8403561715E-001
  -2.3501321362E+001   1.8183851528E-001
  -2.3346707405E+001   1.8011599039E-001
  -2.3192093449E+001   1.7872648840E-001
  -2.3037479493E+001   1.7765012350E-001
  -2.2882865536E+001   1.7691902587E-001
  -2.2728251580E+001   1.7657325953E-001
  -2.2573637624E+001   1.7663546368E-001
  -2.2419023667E+001   1.7710080501E-001
  -2.2264409711E+001   1.7793887994E-001
  -2.2109795755E+001   1.7910842825E-001
  -2.1955181798E+001   1.8058856845E-001
  -2.1800567842E+001   1.8243019523E-001
  -2.1645953886E+001   1.8483769659E-001
  -2.1491339929E+001   1.8830890551E-001
  -2.1336725973E+001   1.9390316536E-001
  -2.1182112017E+001   2.0379745083E-001
  -2.1027498060E+001   2.2239460391E-001
  -2.0872884104E+001   2.5819856278E-001
  -2.0718270148E+001   3.2640199479E-001
  -2.0563656191E+001   4.5315744698E-001
  -2.0409042235E+001   6.8748429074E-001
  -2.0254428279E+001   1.1179751288E+000
  -2.0099814323E+001   1.8054649611E+000
  -1.9945200366E+001   2.5048271447E+000
  -1.9790586410E+001   2.6367158653E+000
  -1.9635972454E+001   2.0635683696E+000
  -1.9481358497E+001   1.3207459376E+000
  -1.9326744541E+001   8.0358718462E-001
  -1.9172130585E+001   5.1543987399E-001
  -1.9017516628E+001   3.5990672681E-001
  -1.8862902672E+001   2.7574842905E-001
  -1.8708288716E+001   2.3114606242E-001
  -1.8553674759E+001   2.0792011133E-001
  -1.8399060803E+001   1.9565865719E-001
  -1.8244446847E+001   1.8883869353E-001
  -1.8089832890E+001   1.8469987601E-001
  -1.7935218934E+001   1.8189303399E-001
  -1.7780604978E+001   1.7977241663E-001
  -1.7625991021E+001   1.7805517981E-001
  -1.7471377065E+001   1.7664982664E-001
  -1.7316763109E+001   1.7555951110E-001
  -1.7162149152E+001   1.7482231196E-001
  -1.7007535196E+001   1.7447382783E-001
  -1.6852921240E+001   1.7452739023E-001
  -1.6698307283E+001   1.7496829968E-001
  -1.6543693327E+001   1.7575970732E-001
  -1.6389079371E+001   1.7686251733E-001
  -1.6234465414E+001   1.7827290622E-001
  -1.6079851458E+001   1.8008215996E-001
  -1.5925237502E+001   1.8257347962E-001
  -1.5770623545E+001   1.8639366967E-001
  -1.5616009589E+001   1.9289384363E-001
  -1.5461395633E+001   2.0483746283E-001
  -1.5306781676E+001   2.2775213096E-001
  -1.5152167720E+001   2.7205590817E-001
  -1.4997553764E+001   3.5593550670E-001
  -1.4842939807E+001   5.1121729178E-001
  -1.4688325851E+001   7.9914748962E-001
  -1.4533711895E+001   1.3161249312E+000
  -1.4379097938E+001   2.0587811899E+000
  -1.4224483982E+001   2.6317188184E+000
  -1.4069870026E+001   2.4995053857E+000
  -1.3915256069E+001   1.7996805552E+000
  -1.3760642113E+001   1.1116304807E+000
  -1.3606028157E+001   6.8053802940E-001
  -1.3451414200E+001   4.4560412793E-001
  -1.3296800244E+001   3.1825685276E-001
  -1.3142186288E+001   2.4949430918E-001
  -1.2987572331E+001   2.1317961558E-001
  -1.2832958375E+001   1.9413254952E-001
  -1.2678344419E+001   1.8385923685E-001
  -1.2523730462E+001   1.7796607659E-001
  -1.2369116506E+001   1.7428514622E-001
  -1.2214502550E+001   1.7176563992E-001
  -1.2059888594E+001   1.6991706697E-001
  -1.1905274637E+001   1.6854062501E-001
  -1.1750660681E+001   1.6758895131E-001
  -1.1596046725E+001   1.6708429302E-001
  -1.1441432768E+001   1.6706704664E-001
  -1.1286818812E+001   1.6756440887E-001
  -1.1132204856E+001   1.6857544847E-001
  -1.0977590899E+001   1.7006890181E-001
  -1.0822976943E+001   1.7199291413E-001
  -1.0668362987E+001   1.7430021196E-001
  -1.0513749030E+001   1.7699225238E-001
  -1.0359135074E+001   1.8018931356E-001
  -1.0204521118E+001   1.8424699438E-001
  -1.0049907161E+001   1.8997052501E-001
  -9.8952932049E+000   1.9905128499E-001
  -9.7406792486E+000   2.1496110142E-001
  -9.5860652923E+000   2.4456816441E-001
  -9.4314513359E+000   3.0050138489E-001
  -9.2768373796E+000   4.0452382321E-001
  -9.1222234233E+000   5.9595075932E-001
  -8.9676094670E+000   9.5007516806E-001
  -8.8129955106E+000   1.5575921665E+000
  -8.6583815543E+000   2.3111658472E+000
  -8.5037675980E+000   2.6893271642E+000
  -8.3491536417E+000   2.3120001350E+000
  -8.1945396853E+000   1.5592798294E+000
  -8.0399257290E+000   9.5264466723E-001
  -7.8853117727E+000   5.9942935065E-001
  -7.7306978164E+000   4.0893100954E-001
  -7.5760838600E+000   3.0584564109E-001
  -7.4214699037E+000   2.5084597108E-001
  -7.2668559474E+000   2.2215768033E-001
  -7.1122419910E+000   2.0714196766E-001
  -6.9576280347E+000   1.9892193286E-001
  -6.8030140784E+000   1.9401790485E-001
  -6.6484001221E+000   1.9073145137E-001
  -6.4937861657E+000   1.8825119403E-001
  -6.3391722094E+000   1.8621639755E-001
  -6.1845582531E+000   1.8450263124E-001
  -6.0299442968E+000   1.8310508565E-001
  -5.8753303404E+000   1.8206819245E-001
  -5.7207163841E+000   1.8144115102E-001
  -5.5661024278E+000   1.8125246175E-001
  -5.4114884714E+000   1.8149996942E-001
  -5.2568745151E+000   1.8215297474E-001
  -5.1022605588E+000   1.8316723117E-001
  -4.9476466025E+000   1.8451654275E-001
  -4.7930326461E+000   1.8624462575E-001
  -4.6384186898E+000   1.8854739687E-001
  -4.4838047335E+000   1.9191357933E-001
  -4.3291907772E+000   1.9739346843E-001
  -4.1745768208E+000   2.0715581943E-001
  -4.0199628645E+000   2.2559710377E-001
  -3.8653489082E+000   2.6121829341E-001
  -3.7107349518E+000   3.2921442807E-001
  -3.5561209955E+000   4.5574663439E-001
  -3.4015070392E+000   6.8984618187E-001
  -3.2468930829E+000   1.1201125894E+000
  -3.0922791265E+000   1.8073751448E+000
  -2.9376651702E+000   2.5065014050E+000
  -2.7830512139E+000   2.6381535700E+000
  -2.6284372576E+000   2.0647529752E+000
  -2.4738233012E+000   1.3216223241E+000
  -2.3192093449E+000   8.0409699128E-001
  -2.1645953886E+000   5.1554478544E-001
  -2.0099814323E+000   3.5957829560E-001
  -1.8553674759E+000   2.7495911051E-001
  -1.7007535196E+000   2.2986974572E-001
  -1.5461395633E+000   2.0613597408E-001
  -1.3915256069E+000   1.9335470624E-001
  -1.2369116506E+000   1.8601424921E-001
  -1.0822976943E+000   1.8136708954E-001
  -9.2768373796E-001   1.7807752643E-001
  -7.7306978164E-001   1.7551307004E-001
  -6.1845582531E-001   1.7340317431E-001
  -4.6384186898E-001   1.7166712335E-001
  -3.0922791265E-001   1.7031703438E-001
  -1.5461395633E-001   1.6939805556E-001
   0.0000000000E+000   1.6895102784E-001
   1.5461395633E-001   1.6899281832E-001
   3.0922791265E-001   1.6951065693E-001
   4.6384186898E-001   1.7046805031E-001
   6.1845582531E-001   1.7182463133E-001
   7.7306978164E-001   1.7357356250E-001
   9.2768373796E-001   1.7580125433E-001
   1.0822976943E+000   1.7878413135E-001
   1.2369116506E+000   1.8316041803E-001
   1.3915256069E+000   1.9027100245E-001
   1.5461395633E+000   2.0286735599E-001
   1.7007535196E+000   2.2646238218E-001
   1.8553674759E+000   2.7145470171E-001
   2.0099814323E+000   3.5600450838E-001
   2.1645953886E+000   5.1190240727E-001
   2.3192093449E+000   8.0034391418E-001
   2.4738233012E+000   1.3176612667E+000
   2.6284372576E+000   2.0604804570E+000
   2.7830512139E+000   2.6336270791E+000
   2.9376651702E+000   2.5019941969E+000
   3.0922791265E+000   1.8030988921E+000
   3.2468930829E+000   1.1160378973E+000
   3.4015070392E+000   6.8584488993E-001
   3.5561209955E+000   4.5172670215E-001
   3.7107349518E+000   3.2513683574E-001
   3.8653489082E+000   2.5708032633E-001
   4.0199628645E+000   2.2141721619E-001
   4.1745768208E+000   2.0296137900E-001
   4.3291907772E+000   1.9321215718E-001
   4.4838047335E+000   1.8776873475E-001
   4.6384186898E+000   1.8445597869E-001
   4.7930326461E+000   1.8221646338E-001
   4.9476466025E+000   1.8055422150E-001
   5.1022605588E+000   1.7926646448E-001
   5.2568745151E+000   1.7830343956E-001
   5.4114884714E+000   1.7768654687E-001
   5.5661024278E+000   1.7745678511E-001
   5.7207163841E+000   1.7764336127E-001
   5.8753303404E+000   1.7824882437E-001
   6.0299442968E+000   1.7924703064E-001
   6.1845582531E+000   1.8059311675E-001
   6.3391722094E+000   1.8224888589E-001
   6.4937861657E+000   1.8422705625E-001
   6.6484001221E+000   1.8666123962E-001
   6.8030140784E+000   1.8992206062E-001
   6.9576280347E+000   1.9483083086E-001
   7.1122419910E+000   2.0309516644E-001
   7.2668559474E+000   2.1820185841E-001
   7.4214699037E+000   2.4703017973E-001
   7.5760838600E+000   3.0221191645E-001
   7.7306978164E+000   4.0549938761E-001
   7.8853117727E+000   5.9617726461E-001
   8.0399257290E+000   9.4947914756E-001
   8.1945396853E+000   1.5560310071E+000
   8.3491536417E+000   2.3085659922E+000
   8.5037675980E+000   2.6859587209E+000
   8.6583815543E+000   2.3083525305E+000
   8.8129955106E+000   1.5555321751E+000
   8.9676094670E+000   9.4860452700E-001
   9.1222234233E+000   5.9485696956E-001
   9.2768373796E+000   4.0368815977E-001
   9.4314513359E+000   2.9988467687E-001
   9.5860652923E+000   2.4418034874E-001
   9.7406792486E+000   2.1483862083E-001
   9.8952932049E+000   1.9923930401E-001
   1.0049907161E+001   1.9051144724E-001
   1.0204521118E+001   1.8517489902E-001
   1.0359135074E+001   1.8152785181E-001
   1.0513749030E+001   1.7875401818E-001
   1.0668362987E+001   1.7648676073E-001
   1.0822976943E+001   1.7459526757E-001
   1.0977590899E+001   1.7306850851E-001
   1.1132204856E+001   1.7194549412E-001
   1.1286818812E+001   1.7127131408E-001
   1.1441432768E+001   1.7107199553E-001
   1.1596046725E+001   1.7134468105E-001
   1.1750660681E+001   1.7205970706E-001
   1.1905274637E+001   1.7317541606E-001
   1.2059888594E+001   1.7466941928E-001
   1.2214502550E+001   1.7658998320E-001
   1.2369116506E+001   1.7913775273E-001
   1.2523730462E+001   1.8280579427E-001
   1.2678344419E+001   1.8864788276E-001
   1.2832958375E+001   1.9883492406E-001
   1.2987572331E+001   2.1776337844E-001
   1.3142186288E+001   2.5393029817E-001
   1.3296800244E+001   3.2252034274E-001
   1.3451414200E+001   4.4967642654E-001
   1.3606028157E+001   6.8440696750E-001
   1.3760642113E+001   1.1152923507E+000
   1.3915256069E+001   1.8031519518E+000
   1.4069870026E+001   2.5028404052E+000
   1.4224483982E+001   2.6350011960E+000
   1.4379097938E+001   2.0620813143E+000
   1.4533711895E+001   1.3194659898E+000
   1.4688325851E+001   8.0251386579E-001
   1.4842939807E+001   5.1458113588E-001
   1.4997553764E+001   3.5927145828E-001
   1.5152167720E+001   2.7534360937E-001
   1.5306781676E+001   2.3097572473E-001
   1.5461395633E+001   2.0798513663E-001
   1.5616009589E+001   1.9595718297E-001
   1.5770623545E+001   1.8936679839E-001
   1.5925237502E+001   1.8545226094E-001
   1.6079851458E+001   1.8286360488E-001
   1.6234465414E+001   1.8095477886E-001
   1.6389079371E+001   1.7944307328E-001
   1.6543693327E+001   1.7823751106E-001
   1.6698307283E+001   1.7734209316E-001
   1.6852921240E+001   1.7679600120E-001
   1.7007535196E+001   1.7663611262E-001
   1.7162149152E+001   1.7687712958E-001
   1.7316763109E+001   1.7750572755E-001
   1.7471377065E+001   1.7848634839E-001
   1.7625991021E+001   1.7978101535E-001
   1.7780604978E+001   1.8138676398E-001
   1.7935218934E+001   1.8339538698E-001
   1.8089832890E+001   1.8609013276E-001
   1.8244446847E+001   1.9011724310E-001
   1.8399060803E+001   1.9682642287E-001
   1.8553674759E+001   2.0897855091E-001
   1.8708288716E+001   2.3209716903E-001
   1.8862902672E+001   2.7659481157E-001
   1.9017516628E+001   3.6065180673E-001
   1.9172130585E+001   5.1608808516E-001
   1.9326744541E+001   8.0414405273E-001
   1.9481358497E+001   1.3212184141E+000
   1.9635972454E+001   2.0639659352E+000
   1.9790586410E+001   2.6370510950E+000
   1.9945200366E+001   2.5051132755E+000
   2.0099814323E+001   1.8057117081E+000
   2.0254428279E+001   1.1181871531E+000
   2.0409042235E+001   6.8766310251E-001
   2.0563656191E+001   4.5330368758E-001
   2.0718270148E+001   3.2651642166E-001
   2.0872884104E+001   2.5828224845E-001
   2.1027498060E+001   2.2244895478E-001
   2.1182112017E+001   2.0382416705E-001
   2.1336725973E+001   1.9390415045E-001
   2.1491339929E+001   1.8828616292E-001
   2.1645953886E+001   1.8479324389E-001
   2.1800567842E+001   1.8236600349E-001
   2.1955181798E+001   1.8050652204E-001
   2.2109795755E+001   1.7901029886E-001
   2.2264409711E+001   1.7782631082E-001
   2.2419023667E+001   1.7697530307E-001
   2.2573637624E+001   1.7649839787E-001
   2.2728251580E+001   1.7642586448E-001
   2.2882865536E+001   1.7676240936E-001
   2.3037479493E+001   1.7748527626E-001
   2.3192093449E+001   1.7855429536E-001
   2.3346707405E+001   1.7993724245E-001
   2.3501321362E+001   1.8165392087E-001
   2.3655935318E+001   1.8384581312E-001
   2.3810549274E+001   1.8689172965E-001
   2.3965163231E+001   1.9162092450E-001
   2.4119777187E+001   1.9974807735E-001
   2.4274391143E+001   2.1476529982E-001
   2.4429005100E+001   2.4355405462E-001
   2.4583619056E+001   2.9874326714E-001
   2.4738233012E+001   4.0207610638E-001
   2.4892846969E+001   5.9282432430E-001
   2.5047460925E+001   9.4621427588E-001
   2.5202074881E+001   1.5528805159E+000
   2.5356688838E+001   2.3055581619E+000
   2.5511302794E+001   2.6830735973E+000
   2.5665916750E+001   2.3055506462E+000
   2.5820530707E+001   1.5528654742E+000
   2.5975144663E+001   9.4619169214E-001
   2.6129758619E+001   5.9279418382E-001
   2.6284372576E+001   4.0203840151E-001
   2.6438986532E+001   2.9869800008E-001
   2.6593600488E+001   2.4350123676E-001
   2.6748214445E+001   2.1470494910E-001
   2.6902828401E+001   1.9968021504E-001
   2.7057442357E+001   1.9154557233E-001
   2.7212056314E+001   1.8680890741E-001
   2.7366670270E+001   1.8375553620E-001
   2.7521284226E+001   1.8155619750E-001
   2.7675898183E+001   1.7983207040E-001
   2.7830512139E+001   1.7844165823E-001
   2.7985126095E+001   1.7736513931E-001
   2.8139740052E+001   1.7663471540E-001
   2.8294354008E+001   1.7629052983E-001
   2.8448967964E+001   1.7635530862E-001
   2.8603581920E+001   1.7682431216E-001
   2.8758195877E+001   1.7766723625E-001
   2.8912809833E+001   1.7884292348E-001
   2.9067423789E+001   1.8033059544E-001
   2.9222037746E+001   1.8218124648E-001
   2.9376651702E+001   1.8459935623E-001
   2.9531265658E+001   1.8808283514E-001
   2.9685879615E+001   1.9369108157E-001
   2.9840493571E+001   2.0360109114E-001
   2.9995107527E+001   2.2221567807E-001
   3.0149721484E+001   2.5803869473E-001
   3.0304335440E+001   3.2626267475E-001
   3.0458949396E+001   4.5304001861E-001
   3.0613563353E+001   6.8738998199E-001
   3.0768177309E+001   1.1179051989E+000
   3.0922791265E+001   1.8054213099E+000
   3.1077405222E+001   2.5048136694E+000
   3.1232019178E+001   2.6367395838E+000
   3.1386633134E+001   2.0636385388E+000
   3.1541247091E+001   1.3208716212E+000
   3.1695861047E+001   8.0377582359E-001
   3.1850475003E+001   5.1569759808E-001
   3.2005088960E+001   3.6023899988E-001
   3.2159702916E+001   2.7616027431E-001
   3.2314316872E+001   2.3164215572E-001
   3.2468930829E+001   2.0850494890E-001
   3.2623544785E+001   1.9633672083E-001
   3.2778158741E+001   1.8961454691E-001
   3.2932772698E+001   1.8557821576E-001
   3.3087386654E+001   1.8287874313E-001
   3.3242000610E+001   1.8087064476E-001
   3.3396614567E+001   1.7927144779E-001
   3.3551228523E+001   1.7799014014E-001
   3.3705842479E+001   1.7703046449E-001
   3.3860456436E+001   1.7643116710E-001
