  -3.4015070392E+001   1.7635682814E-001
  -3.3860456436E+001   1.7656222709E-001
  -3.3705842479E+001   1.7716434769E-001
  -3.3551228523E+001   1.7812686509E-001
  -3.3396614567E+001   1.7941101191E-001
  -3.3242000610E+001   1.8101302271E-001
  -3.3087386654E+001   1.8302388876E-001
  -3.2932772698E+001   1.8572606529E-001
  -3.2778158741E+001   1.8976502025E-001
  -3.2623544785E+001   1.9648971786E-001
  -3.2468930829E+001   2.0866033939E-001
  -3.2314316872E+001   2.3179976213E-001
  -3.2159702916E+001   2.7631984634E-001
  -3.2005088960E+001   3.6040018192E-001
  -3.1850475003E+001   5.1585992056E-001
  -3.1695861047E+001   8.0393885261E-001
  -3.1541247091E+001   1.3210354318E+000
  -3.1386633134E+001   2.0638038384E+000
  -3.1232019178E+001   2.6369059160E+000
  -3.1077405222E+001   2.5049781593E+000
  -3.0922791265E+001   1.8055817461E+000
  -3.0768177309E+001   1.1180618220E+000
  -3.0613563353E+001   6.8754340057E-001
  -3.0458949396E+001   4.5319010785E-001
  -3.0304335440E+001   3.2640899575E-001
  -3.0149721484E+001   2.5818086371E-001
  -2.9995107527E+001   2.2235343936E-001
  -2.9840493571E+001   2.0373429253E-001
  -2.9685879615E+001   1.9381964322E-001
  -2.9531265658E+001   1.8820672697E-001
  -2.9376651702E+001   1.8471858321E-001
  -2.9222037746E+001   1.8229584058E-001
  -2.9067423789E+001   1.8044061388E-001
  -2.8912809833E+001   1.7894845090E-001
  -2.8758195877E+001   1.7776838776E-001
  -2.8603581920E+001   1.7692123415E-001
  -2.8448967964E+001   1.7644817561E-001
  -2.8294354008E+001   1.7637953709E-001
  -2.8139740052E+001   1.7672006882E-001
  -2.7985126095E+001   1.7744704484E-001
  -2.7830512139E+001   1.7852031344E-001
  -2.7675898183E+001   1.7990765970E-001
  -2.7521284226E+001   1.8162889158E-001
  -2.7366670270E+001   1.8382549464E-001
  -2.7212056314E+001   1.8687628132E-001
  -2.7057442357E+001   1.9161050391E-001
  -2.6902828401E+001   1.9974283159E-001
  -2.6748214445E+001   2.1476535032E-001
  -2.6593600488E+001   2.4355947453E-001
  -2.6438986532E+001   2.9875404952E-001
  -2.6284372576E+001   4.0209212927E-001
  -2.6129758619E+001   5.9284536923E-001
  -2.5975144663E+001   9.4624027824E-001
  -2.5820530707E+001   1.5529120797E+000
  -2.5665916750E+001   2.3055961613E+000
  -2.5511302794E+001   2.6831169659E+000
  -2.5356688838E+001   2.3055965432E+000
  -2.5202074881E+001   1.5529128586E+000
  -2.5047460925E+001   9.4624147923E-001
  -2.4892846969E+001   5.9284701964E-001
  -2.4738233012E+001   4.0209425117E-001
  -2.4583619056E+001   2.9875665434E-001
  -2.4429005100E+001   2.4356255987E-001
  -2.4274391143E+001   2.1476889789E-001
  -2.4119777187E+001   1.9974680472E-001
  -2.3965163231E+001   1.9161484379E-001
  -2.3810549274E+001   1.8688090182E-001
  -2.3655935318E+001   1.8383027612E-001
  -2.3501321362E+001   1.8163367393E-001
  -2.3346707405E+001   1.7991223463E-001
  -2.3192093449E+001   1.7852441627E-001
  -2.3037479493E+001   1.7745034560E-001
  -2.2882865536E+001   1.7672216285E-001
  -2.2728251580E+001   1.7637993517E-001
  -2.2573637624E+001   1.7644629430E-001
  -2.2419023667E+001   1.7691638675E-001
  -2.2264409711E+001   1.7775977654E-001
  -2.2109795755E+001   1.7893516157E-001
  -2.1955181798E+001   1.8042161326E-001
  -2.1800567842E+001   1.8226997805E-001
  -2.1645953886E+001   1.8468459690E-001
  -2.1491339929E+001   1.8816325620E-001
  -2.1336725973E+001   1.9376524928E-001
  -2.1182112017E+001   2.0366749151E-001
  -2.1027498060E+001   2.2227274956E-001
  -2.0872884104E+001   2.5808486285E-001
  -2.0718270148E+001   3.2629636815E-001
  -2.0563656191E+001   4.5305965686E-001
  -2.0409042235E+001   6.8739401741E-001
  -2.0254428279E+001   1.1178923385E+000
  -2.0099814323E+001   1.8053903241E+000
  -1.9945200366E+001   2.5047609303E+000
  -1.9790586410E+001   2.6366558548E+000
  -1.9635972454E+001   2.0635116475E+000
  -1.9481358497E+001   1.3206919810E+000
  -1.9326744541E+001   8.0353661326E-001
  -1.9172130585E+001   5.1539265387E-001
  -1.9017516628E+001   3.5986229305E-001
  -1.8862902672E+001   2.7570616068E-001
  -1.8708288716E+001   2.3110543439E-001
  -1.8553674759E+001   2.0788068833E-001
  -1.8399060803E+001   1.9562006401E-001
  -1.8244446847E+001   1.8880059286E-001
  -1.8089832890E+001   1.8466195489E-001
  -1.7935218934E+001   1.8185499758E-001
  -1.7780604978E+001   1.7973398844E-001
  -1.7625991021E+001   1.7801610689E-001
  -1.7471377065E+001   1.7660988675E-001
  -1.7316763109E+001   1.7551851869E-001
  -1.7162149152E+001   1.7478012062E-001
  -1.7007535196E+001   1.7443032843E-001
  -1.6852921240E+001   1.7448250596E-001
  -1.6698307283E+001   1.7492198004E-001
  -1.6543693327E+001   1.7571192363E-001
  -1.6389079371E+001   1.7681326211E-001
  -1.6234465414E+001   1.7822219733E-001
  -1.6079851458E+001   1.8003004917E-001
  -1.5925237502E+001   1.8252006326E-001
  -1.5770623545E+001   1.8633909886E-001
  -1.5616009589E+001   1.9283833191E-001
  -1.5461395633E+001   2.0478129114E-001
  -1.5306781676E+001   2.2769564941E-001
  -1.5152167720E+001   2.7199953112E-001
  -1.4997553764E+001   3.5587969656E-001
  -1.4842939807E+001   5.1116255910E-001
  -1.4688325851E+001   7.9909454320E-001
  -1.4533711895E+001   1.3160751035E+000
  -1.4379097938E+001   2.0587363483E+000
  -1.4224483982E+001   2.6316792024E+000
  -1.4069870026E+001   2.4994682157E+000
  -1.3915256069E+001   1.7996435196E+000
  -1.3760642113E+001   1.1115940484E+000
  -1.3606028157E+001   6.8050344818E-001
  -1.3451414200E+001   4.4557208869E-001
  -1.3296800244E+001   3.1822773770E-001
  -1.3142186288E+001   2.4946850995E-001
  -1.2987572331E+001   2.1315757517E-001
  -1.2832958375E+001   1.9411470205E-001
  -1.2678344419E+001   1.8384595647E-001
  -1.2523730462E+001   1.7795765524E-001
  -1.2369116506E+001   1.7428178939E-001
  -1.2214502550E+001   1.7176747002E-001
  -1.2059888594E+001   1.6992413021E-001
  -1.1905274637E+001   1.6855290119E-001
  -1.1750660681E+001   1.6760636559E-001
  -1.1596046725E+001   1.6710672826E-001
  -1.1441432768E+001   1.6709435448E-001
  -1.1286818812E+001   1.6759641846E-001
  -1.1132204856E+001   1.6861197260E-001
  -1.0977590899E+001   1.7010974083E-001
  -1.0822976943E+001   1.7203785847E-001
  -1.0668362987E+001   1.7434904385E-001
  -1.0513749030E+001   1.7704474677E-001
  -1.0359135074E+001   1.8024523783E-001
  -1.0204521118E+001   1.8430610542E-001
  -1.0049907161E+001   1.9003256267E-001
  -9.8952932049E+000   1.9911596109E-001
  -9.7406792486E+000   2.1502808560E-001
  -9.5860652923E+000   2.4463707057E-001
  -9.4314513359E+000   3.0057176621E-001
  -9.2768373796E+000   4.0459519177E-001
  -9.1222234233E+000   5.9602269728E-001
  -8.9676094670E+000   9.5014771216E-001
  -8.8129955106E+000   1.5576663415E+000
  -8.6583815543E+000   2.3112426082E+000
  -8.5037675980E+000   2.6894040250E+000
  -8.3491536417E+000   2.3120720697E+000
  -8.1945396853E+000   1.5593452651E+000
  -8.0399257290E+000   9.5270576471E-001
  -7.8853117727E+000   5.9948815785E-001
  -7.7306978164E+000   4.0898832469E-001
  -7.5760838600E+000   3.0590158907E-001
  -7.4214699037E+000   2.5090042672E-001
  -7.2668559474E+000   2.2221044152E-001
  -7.1122419910E+000   2.0719284857E-001
  -6.9576280347E+000   1.9897081128E-001
  -6.8030140784E+000   1.9406473356E-001
  -6.6484001221E+000   1.9077625375E-001
  -6.4937861657E+000   1.8829405968E-001
  -6.3391722094E+000   1.8625748285E-001
  -6.1845582531E+000   1.8454216231E-001
  -6.0299442968E+000   1.8314335900E-001
  -5.8753303404E+000   1.8210556971E-001
  -5.7207163841E+000   1.8147804664E-001
  -5.5661024278E+000   1.8128932443E-001
  -5.4114884714E+000   1.8153725940E-001
  -5.2568745151E+000   1.8219113962E-001
  -5.1022605588E+000   1.8320668306E-001
  -4.9476466025E+000   1.8455763901E-001
  -4.7930326461E+000   1.8628765427E-001
  -4.6384186898E+000   1.8859256469E-001
  -4.4838047335E+000   1.9196100102E-001
  -4.3291907772E+000   1.9744315032E-001
  -4.1745768208E+000   2.0720764098E-001
  -4.0199628645E+000   2.2565081311E-001
  -3.8653489082E+000   2.6127355302E-001
  -3.7107349518E+000   3.2927094902E-001
  -3.5561209955E+000   4.5580441742E-001
  -3.4015070392E+000   6.8990594860E-001
  -3.2468930829E+000   1.1201765899E+000
  -3.0922791265E+000   1.8074473379E+000
  -2.9376651702E+000   2.5065835592E+000
  -2.7830512139E+000   2.6382400007E+000
  -2.6284372576E+000   2.0648357319E+000
  -2.4738233012E+000   1.3216999420E+000
  -2.3192093449E+000   8.0417229257E-001
  -2.1645953886E+000   5.1561980136E-001
  -2.0099814323E+000   3.5965349091E-001
  -1.8553674759E+000   2.7503419778E-001
  -1.7007535196E+000   2.2994419711E-001
  -1.5461395633E+000   2.0620924868E-001
  -1.3915256069E+000   1.9342635781E-001
  -1.2369116506E+000   1.8608396038E-001
  -1.0822976943E+000   1.8143466277E-001
  -9.2768373796E-001   1.7814286000E-001
  -7.7306978164E-001   1.7557613425E-001
  -6.1845582531E-001   1.7346399233E-001
  -4.6384186898E-001   1.7172575632E-001
  -3.0922791265E-001   1.7037356975E-001
  -1.5461395633E-001   1.6945259819E-001
   0.0000000000E+000   1.6900369410E-001
   1.5461395633E-001   1.6904373369E-001
   3.0922791265E-001   1.6955995763E-001
   4.6384186898E-001   1.7051588916E-001
   6.1845582531E-001   1.7187118700E-001
   7.7306978164E-001   1.7361905045E-001
   9.2768373796E-001   1.7584593668E-001
   1.0822976943E+000   1.7882832222E-001
   1.2369116506E+000   1.8320448137E-001
   1.3915256069E+000   1.9031533993E-001
   1.5461395633E+000   2.0291238088E-001
   1.7007535196E+000   2.2650846917E-001
   1.8553674759E+000   2.7150209719E-001
   2.0099814323E+000   3.5605319652E-001
   2.1645953886E+000   5.1195197607E-001
   2.3192093449E+000   8.0039355498E-001
   2.4738233012E+000   1.3177101169E+000
   2.6284372576E+000   2.0605281842E+000
   2.7830512139E+000   2.6336738062E+000
   2.9376651702E+000   2.5020399980E+000
   3.0922791265E+000   1.8031442492E+000
   3.2468930829E+000   1.1160835636E+000
   3.4015070392E+000   6.8589097867E-001
   3.5561209955E+000   4.5177280709E-001
   3.7107349518E+000   3.2518260602E-001
   3.8653489082E+000   2.5712568859E-001
   4.0199628645E+000   2.2146233323E-001
   4.1745768208E+000   2.0300654575E-001
   4.3291907772E+000   1.9325771389E-001
   4.4838047335E+000   1.8781501038E-001
   4.6384186898E+000   1.8450325767E-001
   4.7930326461E+000   1.8226496915E-001
   4.9476466025E+000   1.8060411280E-001
   5.1022605588E+000   1.7931784113E-001
   5.2568745151E+000   1.7835635340E-001
   5.4114884714E+000   1.7774101309E-001
   5.5661024278E+000   1.7751279077E-001
   5.7207163841E+000   1.7770086943E-001
   5.8753303404E+000   1.7830777427E-001
   6.0299442968E+000   1.7930733530E-001
   6.1845582531E+000   1.8065466004E-001
   6.3391722094E+000   1.8231152076E-001
   6.4937861657E+000   1.8429060463E-001
   6.6484001221E+000   1.8672549279E-001
   6.8030140784E+000   1.8998677710E-001
   6.9576280347E+000   1.9489572806E-001
   7.1122419910E+000   2.0315990417E-001
   7.2668559474E+000   2.1826601887E-001
   7.4214699037E+000   2.4709325777E-001
   7.5760838600E+000   3.0227333997E-001
   7.7306978164E+000   4.0555858562E-001
   7.8853117727E+000   5.9623383887E-001
   8.0399257290E+000   9.4953333984E-001
   8.1945396853E+000   1.5560843326E+000
   8.3491536417E+000   2.3086200619E+000
   8.5037675980E+000   2.6860113092E+000
   8.6583815543E+000   2.3083980971E+000
   8.8129955106E+000   1.5555682411E+000
   8.9676094670E+000   9.4863241749E-001
   9.1222234233E+000   5.9487804263E-001
   9.2768373796E+000   4.0370264650E-001
   9.4314513359E+000   2.9989229274E-001
   9.5860652923E+000   2.4418074568E-001
   9.7406792486E+000   2.1483153770E-001
   9.8952932049E+000   1.9922460947E-001
   1.0049907161E+001   1.9048914147E-001
   1.0204521118E+001   1.8514509435E-001
   1.0359135074E+001   1.8149074731E-001
   1.0513749030E+001   1.7870987815E-001
   1.0668362987E+001   1.7643590002E-001
   1.0822976943E+001   1.7453804247E-001
   1.0977590899E+001   1.7300531017E-001
   1.1132204856E+001   1.7187674239E-001
   1.1286818812E+001   1.7119745037E-001
   1.1441432768E+001   1.7099347486E-001
   1.1596046725E+001   1.7126196454E-001
   1.1750660681E+001   1.7197325617E-001
   1.1905274637E+001   1.7308569013E-001
   1.2059888594E+001   1.7457687683E-001
   1.2214502550E+001   1.7649508640E-001
   1.2369116506E+001   1.7904097278E-001
   1.2523730462E+001   1.8270761470E-001
   1.2678344419E+001   1.8854879771E-001
   1.2832958375E+001   1.9873542979E-001
   1.2987572331E+001   2.1766395689E-001
   1.3142186288E+001   2.5383139059E-001
   1.3296800244E+001   3.2242231144E-001
   1.3451414200E+001   4.4957951984E-001
   1.3606028157E+001   6.8431138110E-001
   1.3760642113E+001   1.1151985842E+000
   1.3915256069E+001   1.8030612091E+000
   1.4069870026E+001   2.5027534756E+000
   1.4224483982E+001   2.6349163801E+000
   1.4379097938E+001   2.0619962581E+000
   1.4533711895E+001   1.3193808006E+000
   1.4688325851E+001   8.0242984400E-001
   1.4842939807E+001   5.1449894343E-001
   1.4997553764E+001   3.5919121635E-001
   1.5152167720E+001   2.7526535970E-001
   1.5306781676E+001   2.3089957400E-001
   1.5461395633E+001   2.0791124615E-001
   1.5616009589E+001   1.9588573707E-001
   1.5770623545E+001   1.8929798142E-001
   1.5925237502E+001   1.8538624300E-001
   1.6079851458E+001   1.8280053471E-001
   1.6234465414E+001   1.8089478318E-001
   1.6389079371E+001   1.7938626095E-001
   1.6543693327E+001   1.7818397931E-001
   1.6698307283E+001   1.7729193269E-001
   1.6852921240E+001   1.7674929755E-001
   1.7007535196E+001   1.7659294335E-001
   1.7162149152E+001   1.7683755800E-001
   1.7316763109E+001   1.7746979523E-001
   1.7471377065E+001   1.7845406879E-001
   1.7625991021E+001   1.7975237079E-001
   1.7780604978E+001   1.8136170682E-001
   1.7935218934E+001   1.8337384430E-001
   1.8089832890E+001   1.8607201219E-001
   1.8244446847E+001   1.9010243651E-001
   1.8399060803E+001   1.9681480494E-001
   1.8553674759E+001   2.0896997109E-001
   1.8708288716E+001   2.3209143614E-001
   1.8862902672E+001   2.7659167016E-001
   1.9017516628E+001   3.6065090625E-001
   1.9172130585E+001   5.1608897286E-001
   1.9326744541E+001   8.0414632454E-001
   1.9481358497E+001   1.3212221893E+000
   1.9635972454E+001   2.0639719824E+000
   1.9790586410E+001   2.6370590375E+000
   1.9945200366E+001   2.5051203341E+000
   2.0099814323E+001   1.8057157782E+000
   2.0254428279E+001   1.1181885915E+000
   2.0409042235E+001   6.8766264534E-001
   2.0563656191E+001   4.5330135174E-001
   2.0718270148E+001   3.2651192446E-001
   2.0872884104E+001   2.5827537614E-001
   2.1027498060E+001   2.2243963444E-001
   2.1182112017E+001   2.0381244080E-001
   2.1336725973E+001   1.9389014303E-001
   2.1491339929E+001   1.8827005775E-001
   2.1645953886E+001   1.8477526686E-001
   2.1800567842E+001   1.8234641370E-001
   2.1955181798E+001   1.8048560850E-001
   2.2109795755E+001   1.7898838129E-001
   2.2264409711E+001   1.7780374131E-001
   2.2419023667E+001   1.7695246550E-001
   2.2573637624E+001   1.7647570336E-001
   2.2728251580E+001   1.7640374266E-001
   2.2882865536E+001   1.7674129689E-001
   2.3037479493E+001   1.7746560505E-001
   2.3192093449E+001   1.7853648275E-001
   2.3346707405E+001   1.7992168530E-001
   2.3501321362E+001   1.8164099392E-001
   2.3655935318E+001   1.8383587043E-001
   2.3810549274E+001   1.8688510625E-001
   2.3965163231E+001   1.9161793510E-001
   2.4119777187E+001   1.9974900946E-001
   2.4274391143E+001   2.1477040029E-001
   2.4429005100E+001   2.4356350881E-001
   2.4583619056E+001   2.9875716953E-001
   2.4738233012E+001   4.0209442837E-001
   2.4892846969E+001   5.9284693526E-001
   2.5047460925E+001   9.4624119422E-001
   2.5202074881E+001   1.5529124215E+000
   2.5356688838E+001   2.3055959922E+000
   2.5511302794E+001   2.6831163309E+000
   2.5665916750E+001   2.3055954655E+000
   2.5820530707E+001   1.5529113403E+000
   2.5975144663E+001   9.4623950813E-001
   2.6129758619E+001   5.9284457786E-001
   2.6284372576E+001   4.0209132361E-001
   2.6438986532E+001   2.9875323478E-001
   2.6593600488E+001   2.4355865467E-001
   2.6748214445E+001   2.1476452841E-001
   2.6902828401E+001   1.9974200998E-001
   2.7057442357E+001   1.9160968443E-001
   2.7212056314E+001   1.8687546543E-001
   2.7366670270E+001   1.8382468352E-001
   2.7521284226E+001   1.8162808618E-001
   2.7675898183E+001   1.7990686083E-001
   2.7830512139E+001   1.7851952186E-001
   2.7985126095E+001   1.7744626119E-001
   2.8139740052E+001   1.7671929371E-001
   2.8294354008E+001   1.7637877116E-001
   2.8448967964E+001   1.7644741948E-001
   2.8603581920E+001   1.7692048841E-001
   2.8758195877E+001   1.7776765302E-001
   2.8912809833E+001   1.7894772780E-001
   2.9067423789E+001   1.8043990305E-001
   2.9222037746E+001   1.8229514265E-001
   2.9376651702E+001   1.8471789884E-001
   2.9531265658E+001   1.8820605685E-001
   2.9685879615E+001   1.9381898799E-001
   2.9840493571E+001   2.0373365287E-001
   2.9995107527E+001   2.2235281597E-001
   3.0149721484E+001   2.5818025725E-001
   3.0304335440E+001   3.2640840691E-001
   3.0458949396E+001   4.5318953733E-001
   3.0613563353E+001   6.8754284904E-001
   3.0768177309E+001   1.1180612901E+000
   3.0922791265E+001   1.8055812345E+000
   3.1077405222E+001   2.5049776687E+000
   3.1232019178E+001   2.6369054471E+000
   3.1386633134E+001   2.0638033917E+000
   3.1541247091E+001   1.3210350079E+000
   3.1695861047E+001   8.0393845210E-001
   3.1850475003E+001   5.1585954401E-001
   3.2005088960E+001   3.6039982987E-001
   3.2159702916E+001   2.7631951931E-001
   3.2314316872E+001   2.3179946059E-001
   3.2468930829E+001   2.0866006378E-001
   3.2623544785E+001   1.9648946860E-001
   3.2778158741E+001   1.8976479771E-001
   3.2932772698E+001   1.8572586980E-001
   3.3087386654E+001   1.8302372062E-001
   3.3242000610E+001   1.8101288221E-001
   3.3396614567E+001   1.7941089925E-001
   3.3551228523E+001   1.7812678043E-001
   3.3705842479E+001   1.7716429117E-001
   3.3860456436E+001   1.7656219882E-001
