  -3.4015070392E+001   1.7636689892E-001
  -3.3860456436E+001   1.7657259097E-001
  -3.3705842479E+001   1.7717497093E-001
  -3.3551228523E+001   1.7813771397E-001
  -3.3396614567E+001   1.7942205286E-001
  -3.3242000610E+001   1.8102422251E-001
  -3.3087386654E+001   1.8303521468E-001
  -3.2932772698E+001   1.8573748531E-001
  -3.2778158741E+001   1.8977650329E-001
  -3.2623544785E+001   1.9650123422E-001
  -3.2468930829E+001   2.0867186123E-001
  -3.2314316872E+001   2.3181126409E-001
  -3.2159702916E+001   2.7633130613E-001
  -3.2005088960E+001   3.6041158084E-001
  -3.1850475003E+001   5.1587124358E-001
  -3.1695861047E+001   8.0395008713E-001
  -3.1541247091E+001   1.3210465644E+000
  -3.1386633134E+001   2.0638148561E+000
  -3.1232019178E+001   2.6369168217E+000
  -3.1077405222E+001   2.5049889800E+000
  -3.0922791265E+001   1.8055925038E+000
  -3.0768177309E+001   1.1180725156E+000
  -3.0613563353E+001   6.8755402157E-001
  -3.0458949396E+001   4.5320065116E-001
  -3.0304335440E+001   3.2641945799E-001
  -3.0149721484E+001   2.5819124047E-001
  -2.9995107527E+001   2.2236372446E-001
  -2.9840493571E+001   2.0374447825E-001
  -2.9685879615E+001   1.9382972084E-001
  -2.9531265658E+001   1.8821668729E-001
  -2.9376651702E+001   1.8472841706E-001
  -2.9222037746E+001   1.8230553921E-001
  -2.9067423789E+001   1.8045016922E-001
  -2.8912809833E+001   1.7895785570E-001
  -2.8758195877E+001   1.7777763566E-001
  -2.8603581920E+001   1.7693031974E-001
  -2.8448967964E+001   1.7645709445E-001
  -2.8294354008E+001   1.7638828580E-001
  -2.8139740052E+001   1.7672864518E-001
  -2.7985126095E+001   1.7745544787E-001
  -2.7830512139E+001   1.7852854348E-001
  -2.7675898183E+001   1.7991571840E-001
  -2.7521284226E+001   1.8163678191E-001
  -2.7366670270E+001   1.8383322088E-001
  -2.7212056314E+001   1.8688384906E-001
  -2.7057442357E+001   1.9161792021E-001
  -2.6902828401E+001   1.9975010518E-001
  -2.6748214445E+001   2.1477249197E-001
  -2.6593600488E+001   2.4356649742E-001
  -2.6438986532E+001   2.9876096964E-001
  -2.6284372576E+001   4.0209896564E-001
  -2.6129758619E+001   5.9285214346E-001
  -2.5975144663E+001   9.4624701232E-001
  -2.5820530707E+001   1.5529187928E+000
  -2.5665916750E+001   2.3056028749E+000
  -2.5511302794E+001   2.6831237218E+000
  -2.5356688838E+001   2.3056033990E+000
  -2.5202074881E+001   1.5529198541E+000
  -2.5047460925E+001   9.4624863206E-001
  -2.4892846969E+001   5.9285434307E-001
  -2.4738233012E+001   4.0210175942E-001
  -2.4583619056E+001   2.9876435934E-001
  -2.4429005100E+001   2.4357046915E-001
  -2.4274391143E+001   2.1477701412E-001
  -2.4119777187E+001   1.9975512603E-001
  -2.3965163231E+001   1.9162336421E-001
  -2.3810549274E+001   1.8688961175E-001
  -2.3655935318E+001   1.8383916274E-001
  -2.3501321362E+001   1.8164272155E-001
  -2.3346707405E+001   1.7992142490E-001
  -2.3192093449E+001   1.7853372833E-001
  -2.3037479493E+001   1.7745975620E-001
  -2.2882865536E+001   1.7673164642E-001
  -2.2728251580E+001   1.7638946408E-001
  -2.2573637624E+001   1.7645583898E-001
  -2.2419023667E+001   1.7692591600E-001
  -2.2264409711E+001   1.7776925780E-001
  -2.2109795755E+001   1.7894456116E-001
  -2.1955181798E+001   1.8043089664E-001
  -2.1800567842E+001   1.8227911006E-001
  -2.1645953886E+001   1.8469354204E-001
  -2.1491339929E+001   1.8817197898E-001
  -2.1336725973E+001   1.9377371473E-001
  -2.1182112017E+001   2.0367566575E-001
  -2.1027498060E+001   2.2228060059E-001
  -2.0872884104E+001   2.5809236127E-001
  -2.0718270148E+001   3.2630348793E-001
  -2.0563656191E+001   4.5306637581E-001
  -2.0409042235E+001   6.8740031668E-001
  -2.0254428279E+001   1.1178982001E+000
  -2.0099814323E+001   1.8053957293E+000
  -1.9945200366E+001   2.5047658708E+000
  -1.9790586410E+001   2.6366603485E+000
  -1.9635972454E+001   2.0635157205E+000
  -1.9481358497E+001   1.3206956390E+000
  -1.9326744541E+001   8.0353984928E-001
  -1.9172130585E+001   5.1539546416E-001
  -1.9017516628E+001   3.5986467832E-001
  -1.8862902672E+001   2.7570812292E-001
  -1.8708288716E+001   2.3110697559E-001
  -1.8553674759E+001   2.0788181056E-001
  -1.8399060803E+001   1.9562076985E-001
  -1.8244446847E+001   1.8880088591E-001
  -1.8089832890E+001   1.8466184021E-001
  -1.7935218934E+001   1.8185448202E-001
  -1.7780604978E+001   1.7973308078E-001
  -1.7625991021E+001   1.7801481781E-001
  -1.7471377065E+001   1.7660822870E-001
  -1.7316763109E+001   1.7551650568E-001
  -1.7162149152E+001   1.7477776790E-001
  -1.7007535196E+001   1.7442765220E-001
  -1.6852921240E+001   1.7447952307E-001
  -1.6698307283E+001   1.7491870758E-001
  -1.6543693327E+001   1.7570837853E-001
  -1.6389079371E+001   1.7680946063E-001
  -1.6234465414E+001   1.7821815450E-001
  -1.6079851458E+001   1.8002577817E-001
  -1.5925237502E+001   1.8251557492E-001
  -1.5770623545E+001   1.8633440120E-001
  -1.5616009589E+001   1.9283342990E-001
  -1.5461395633E+001   2.0477618661E-001
  -1.5306781676E+001   2.2769034123E-001
  -1.5152167720E+001   2.7199401571E-001
  -1.4997553764E+001   3.5587396893E-001
  -1.4842939807E+001   5.1115661417E-001
  -1.4688325851E+001   7.9908837652E-001
  -1.4533711895E+001   1.3160687120E+000
  -1.4379097938E+001   2.0587297405E+000
  -1.4224483982E+001   2.6316724267E+000
  -1.4069870026E+001   2.4994613708E+000
  -1.3915256069E+001   1.7996367081E+000
  -1.3760642113E+001   1.1115873361E+000
  -1.3606028157E+001   6.8049687324E-001
  -1.3451414200E+001   4.4556567779E-001
  -1.3296800244E+001   3.1822150926E-001
  -1.3142186288E+001   2.4946247337E-001
  -1.2987572331E+001   2.1315173172E-001
  -1.2832958375E+001   1.9410904715E-001
  -1.2678344419E+001   1.8384048188E-001
  -1.2523730462E+001   1.7795235054E-001
  -1.2369116506E+001   1.7427664300E-001
  -1.2214502550E+001   1.7176246997E-001
  -1.2059888594E+001   1.6991926474E-001
  -1.1905274637E+001   1.6854815918E-001
  -1.1750660681E+001   1.6760173671E-001
  -1.1596046725E+001   1.6710220289E-001
  -1.1441432768E+001   1.6708992331E-001
  -1.1286818812E+001   1.6759207191E-001
  -1.1132204856E+001   1.6860769995E-001
  -1.0977590899E+001   1.7010552928E-001
  -1.0822976943E+001   1.7203369211E-001
  -1.0668362987E+001   1.7434490268E-001
  -1.0513749030E+001   1.7704060608E-001
  -1.0359135074E+001   1.8024106793E-001
  -1.0204521118E+001   1.8430187205E-001
  -1.0049907161E+001   1.9002822801E-001
  -9.8952932049E+000   1.9911148545E-001
  -9.7406792486E+000   2.1502343040E-001
  -9.5860652923E+000   2.4463220425E-001
  -9.4314513359E+000   3.0056667501E-001
  -9.2768373796E+000   4.0458989585E-001
  -9.1222234233E+000   5.9601726966E-001
  -8.9676094670E+000   9.5014229924E-001
  -8.8129955106E+000   1.5576611601E+000
  -8.6583815543E+000   2.3112378192E+000
  -8.5037675980E+000   2.6893994993E+000
  -8.3491536417E+000   2.3120674587E+000
  -8.1945396853E+000   1.5593404012E+000
  -8.0399257290E+000   9.5270075063E-001
  -7.8853117727E+000   5.9948315087E-001
  -7.7306978164E+000   4.0898341829E-001
  -7.5760838600E+000   3.0589681391E-001
  -7.4214699037E+000   2.5089577311E-001
  -7.2668559474E+000   2.2220587863E-001
  -7.1122419910E+000   2.0718833906E-001
  -6.9576280347E+000   1.9896632060E-001
  -6.8030140784E+000   1.9406023445E-001
  -6.6484001221E+000   1.9077172794E-001
  -6.4937861657E+000   1.8828949817E-001
  -6.3391722094E+000   1.8625288548E-001
  -6.1845582531E+000   1.8453753668E-001
  -6.0299442968E+000   1.8313871907E-001
  -5.8753303404E+000   1.8210093426E-001
  -5.7207163841E+000   1.8147343782E-001
  -5.5661024278E+000   1.8128476650E-001
  -5.4114884714E+000   1.8153277778E-001
  -5.2568745151E+000   1.8218676012E-001
  -5.1022605588E+000   1.8320243116E-001
  -4.9476466025E+000   1.8455353925E-001
  -4.7930326461E+000   1.8628372945E-001
  -4.6384186898E+000   1.8858883501E-001
  -4.4838047335E+000   1.9195748315E-001
  -4.3291907772E+000   1.9743985630E-001
  -4.1745768208E+000   2.0720457719E-001
  -4.0199628645E+000   2.2564797909E-001
  -3.8653489082E+000   2.6127094048E-001
  -3.7107349518E+000   3.2926854138E-001
  -3.5561209955E+000   4.5580219069E-001
  -3.4015070392E+000   6.8990387482E-001
  -3.2468930829E+000   1.1201746440E+000
  -3.0922791265E+000   1.8074455048E+000
  -2.9376651702E+000   2.5065818324E+000
  -2.7830512139E+000   2.6382383764E+000
  -2.6284372576E+000   2.0648342188E+000
  -2.4738233012E+000   1.3216985702E+000
  -2.3192093449E+000   8.0417109484E-001
  -2.1645953886E+000   5.1561879771E-001
  -2.0099814323E+000   3.5965268877E-001
  -1.8553674759E+000   2.7503359712E-001
  -1.7007535196E+000   2.2994379370E-001
  -1.5461395633E+000   2.0620903598E-001
  -1.3915256069E+000   1.9342632784E-001
  -1.2369116506E+000   1.8608410384E-001
  -1.0822976943E+000   1.8143496885E-001
  -9.2768373796E-001   1.7814331617E-001
  -7.7306978164E-001   1.7557672634E-001
  -6.1845582531E-001   1.7346470474E-001
  -4.6384186898E-001   1.7172657242E-001
  -3.0922791265E-001   1.7037447227E-001
  -1.5461395633E-001   1.6945356963E-001
   0.0000000000E+000   1.6900471715E-001
   1.5461395633E-001   1.6904479148E-001
   3.0922791265E-001   1.6956103404E-001
   4.6384186898E-001   1.7051696897E-001
   6.1845582531E-001   1.7187225598E-001
   7.7306978164E-001   1.7362009553E-001
   9.2768373796E-001   1.7584694615E-001
   1.0822976943E+000   1.7882928602E-001
   1.2369116506E+000   1.8320539157E-001
   1.3915256069E+000   1.9031619136E-001
   1.5461395633E+000   2.0291317199E-001
   1.7007535196E+000   2.2650920352E-001
   1.8553674759E+000   2.7150278597E-001
   2.0099814323E+000   3.5605386236E-001
   2.1645953886E+000   5.1195265733E-001
   2.3192093449E+000   8.0039430946E-001
   2.4738233012E+000   1.3177110221E+000
   2.6284372576E+000   2.0605293177E+000
   2.7830512139E+000   2.6336751936E+000
   2.9376651702E+000   2.5020415932E+000
   3.0922791265E+000   1.8031460070E+000
   3.2468930829E+000   1.1160854967E+000
   3.4015070392E+000   6.8589312854E-001
   3.5561209955E+000   4.5177520757E-001
   3.7107349518E+000   3.2518527515E-001
   3.8653489082E+000   2.5712863212E-001
   4.0199628645E+000   2.2146554903E-001
   4.1745768208E+000   2.0301002745E-001
   4.3291907772E+000   1.9326145345E-001
   4.4838047335E+000   1.8781899964E-001
   4.6384186898E+000   1.8450748912E-001
   4.7930326461E+000   1.8226943620E-001
   4.9476466025E+000   1.8060880987E-001
   5.1022605588E+000   1.7932276348E-001
   5.2568745151E+000   1.7836149681E-001
   5.4114884714E+000   1.7774637364E-001
   5.5661024278E+000   1.7751836467E-001
   5.7207163841E+000   1.7770665301E-001
   5.8753303404E+000   1.7831376414E-001
   6.0299442968E+000   1.7931352858E-001
   6.1845582531E+000   1.8066105466E-001
   6.3391722094E+000   1.8231811570E-001
   6.4937861657E+000   1.8429740000E-001
   6.6484001221E+000   1.8673248979E-001
   6.8030140784E+000   1.8999397780E-001
   6.9576280347E+000   1.9490313500E-001
   7.1122419910E+000   2.0316751987E-001
   7.2668559474E+000   2.1827384497E-001
   7.4214699037E+000   2.4710129374E-001
   7.5760838600E+000   3.0228158111E-001
   7.7306978164E+000   4.0556702064E-001
   7.8853117727E+000   5.9624244787E-001
   8.0399257290E+000   9.4954209337E-001
   8.1945396853E+000   1.5560931948E+000
   8.3491536417E+000   2.3086290106E+000
   8.5037675980E+000   2.6860203700E+000
   8.6583815543E+000   2.3084073337E+000
   8.8129955106E+000   1.5555776953E+000
   8.9676094670E+000   9.4864208922E-001
   9.1222234233E+000   5.9488791513E-001
   9.2768373796E+000   4.0371270325E-001
   9.4314513359E+000   2.9990251984E-001
   9.5860652923E+000   2.4419113062E-001
   9.7406792486E+000   2.1484206777E-001
   9.8952932049E+000   1.9923527031E-001
   1.0049907161E+001   1.9049991597E-001
   1.0204521118E+001   1.8515596198E-001
   1.0359135074E+001   1.8150168382E-001
   1.0513749030E+001   1.7872085563E-001
   1.0668362987E+001   1.7644688713E-001
   1.0822976943E+001   1.7454900488E-001
   1.0977590899E+001   1.7301621112E-001
   1.1132204856E+001   1.7188754330E-001
   1.1286818812E+001   1.7120811152E-001
   1.1441432768E+001   1.7100395606E-001
   1.1596046725E+001   1.7127222569E-001
   1.1750660681E+001   1.7198325778E-001
   1.1905274637E+001   1.7309539380E-001
   1.2059888594E+001   1.7458624558E-001
   1.2214502550E+001   1.7650408500E-001
   1.2369116506E+001   1.7904956810E-001
   1.2523730462E+001   1.8271577608E-001
   1.2678344419E+001   1.8855649738E-001
   1.2832958375E+001   1.9874264337E-001
   1.2987572331E+001   2.1767066389E-001
   1.3142186288E+001   2.5383757517E-001
   1.3296800244E+001   3.2242796323E-001
   1.3451414200E+001   4.4958463464E-001
   1.3606028157E+001   6.8431596058E-001
   1.3760642113E+001   1.1152026335E+000
   1.3915256069E+001   1.8030647368E+000
   1.4069870026E+001   2.5027565060E+000
   1.4224483982E+001   2.6349189678E+000
   1.4379097938E+001   2.0619984623E+000
   1.4533711895E+001   1.3193826513E+000
   1.4688325851E+001   8.0243135065E-001
   1.4842939807E+001   5.1450011492E-001
   1.4997553764E+001   3.5919206441E-001
   1.5152167720E+001   2.7526589649E-001
   1.5306781676E+001   2.3089981094E-001
   1.5461395633E+001   2.0791119396E-001
   1.5616009589E+001   1.9588540600E-001
   1.5770623545E+001   1.8929738150E-001
   1.5925237502E+001   1.8538538421E-001
   1.6079851458E+001   1.8279942708E-001
   1.6234465414E+001   1.8089343675E-001
   1.6389079371E+001   1.7938468568E-001
   1.6543693327E+001   1.7818218489E-001
   1.6698307283E+001   1.7728992830E-001
   1.6852921240E+001   1.7674709167E-001
   1.7007535196E+001   1.7659054361E-001
   1.7162149152E+001   1.7683497110E-001
   1.7316763109E+001   1.7746702684E-001
   1.7471377065E+001   1.7845112355E-001
   1.7625991021E+001   1.7974925223E-001
   1.7780604978E+001   1.8135841730E-001
   1.7935218934E+001   1.8337038497E-001
   1.8089832890E+001   1.8606838302E-001
   1.8244446847E+001   1.9009863643E-001
   1.8399060803E+001   1.9681083208E-001
   1.8553674759E+001   2.0896582322E-001
   1.8708288716E+001   2.3208711120E-001
   1.8862902672E+001   2.7658716682E-001
   1.9017516628E+001   3.6064622438E-001
   1.9172130585E+001   5.1608411368E-001
   1.9326744541E+001   8.0414128931E-001
   1.9481358497E+001   1.3212169762E+000
   1.9635972454E+001   2.0639665877E+000
   1.9790586410E+001   2.6370534715E+000
   1.9945200366E+001   2.5051146290E+000
   2.0099814323E+001   1.8057099594E+000
   2.0254428279E+001   1.1181826593E+000
   2.0409042235E+001   6.8765659111E-001
   2.0563656191E+001   4.5329516887E-001
   2.0718270148E+001   3.2650560662E-001
   2.0872884104E+001   2.5826891475E-001
   2.1027498060E+001   2.2243301805E-001
   2.1182112017E+001   2.0380565550E-001
   2.1336725973E+001   1.9388317312E-001
   2.1491339929E+001   1.8826288644E-001
   2.1645953886E+001   1.8476787691E-001
   2.1800567842E+001   1.8233878794E-001
   2.1955181798E+001   1.8047773027E-001
   2.2109795755E+001   1.7898023469E-001
   2.2264409711E+001   1.7779531144E-001
   2.2419023667E+001   1.7694373860E-001
   2.2573637624E+001   1.7646666699E-001
   2.2728251580E+001   1.7639438589E-001
   2.2882865536E+001   1.7673161052E-001
   2.3037479493E+001   1.7745558177E-001
   2.3192093449E+001   1.7852611734E-001
   2.3346707405E+001   1.7991097469E-001
   2.3501321362E+001   1.8162993731E-001
   2.3655935318E+001   1.8382446930E-001
   2.3810549274E+001   1.8687336454E-001
   2.3965163231E+001   1.9160585930E-001
   2.4119777187E+001   1.9973660900E-001
   2.4274391143E+001   2.1475768788E-001
   2.4429005100E+001   2.4355050092E-001
   2.4583619056E+001   2.9874388680E-001
   2.4738233012E+001   4.0208089592E-001
   2.4892846969E+001   5.9283318225E-001
   2.5047460925E+001   9.4622725168E-001
   2.5202074881E+001   1.5528983191E+000
   2.5356688838E+001   2.3055817638E+000
   2.5511302794E+001   2.6831020320E+000
   2.5665916750E+001   2.3055811690E+000
   2.5820530707E+001   1.5528971032E+000
   2.5975144663E+001   9.4622536660E-001
   2.6129758619E+001   5.9283056555E-001
   2.6284372576E+001   4.0207747673E-001
   2.6438986532E+001   2.9873958891E-001
   2.6593600488E+001   2.4354524260E-001
   2.6748214445E+001   2.1475137971E-001
   2.6902828401E+001   1.9972915125E-001
   2.7057442357E+001   1.9159713970E-001
   2.7212056314E+001   1.8686325660E-001
   2.7366670270E+001   1.8381283069E-001
   2.7521284226E+001   1.8161660793E-001
   2.7675898183E+001   1.7989577437E-001
   2.7830512139E+001   1.7850884303E-001
   2.7985126095E+001   1.7743600450E-001
   2.8139740052E+001   1.7670947233E-001
   2.8294354008E+001   1.7636939695E-001
   2.8448967964E+001   1.7643850304E-001
   2.8603581920E+001   1.7691203919E-001
   2.8758195877E+001   1.7775967941E-001
   2.8912809833E+001   1.7894023723E-001
   2.9067423789E+001   1.8043290197E-001
   2.9222037746E+001   1.8228863664E-001
   2.9376651702E+001   1.8471189262E-001
   2.9531265658E+001   1.8820055443E-001
   2.9685879615E+001   1.9381399291E-001
   2.9840493571E+001   2.0372916856E-001
   2.9995107527E+001   2.2234884626E-001
   3.0149721484E+001   2.5817680687E-001
   3.0304335440E+001   3.2640548196E-001
   3.0458949396E+001   4.5318714554E-001
   3.0613563353E+001   6.8754099899E-001
   3.0768177309E+001   1.1180599885E+000
   3.0922791265E+001   1.8055804842E+000
   3.1077405222E+001   2.5049774798E+000
   3.1232019178E+001   2.6369058525E+000
   3.1386633134E+001   2.0638044291E+000
   3.1541247091E+001   1.3210366903E+000
   3.1695861047E+001   8.0394077628E-001
   3.1850475003E+001   5.1586250589E-001
   3.2005088960E+001   3.6040342572E-001
   3.2159702916E+001   2.7632374249E-001
   3.2314316872E+001   2.3180430025E-001
   3.2468930829E+001   2.0866550492E-001
   3.2623544785E+001   1.9649549259E-001
   3.2778158741E+001   1.8977138285E-001
   3.2932772698E+001   1.8573299188E-001
   3.3087386654E+001   1.8303135343E-001
   3.3242000610E+001   1.8102099792E-001
   3.3396614567E+001   1.7941946866E-001
   3.3551228523E+001   1.7813577316E-001
   3.3705842479E+001   1.7717367579E-001
   3.3860456436E+001   1.7657194303E-001
