  -3.4015070392E+001   1.7635641267E-001
  -3.3860456436E+001   1.7656179880E-001
  -3.3705842479E+001   1.7716390861E-001
  -3.3551228523E+001   1.7812641726E-001
  -3.3396614567E+001   1.7941055727E-001
  -3.3242000610E+001   1.8101256313E-001
  -3.3087386654E+001   1.8302342598E-001
  -3.2932772698E+001   1.8572560094E-001
  -3.2778158741E+001   1.8976455584E-001
  -3.2623544785E+001   1.9648925480E-001
  -3.2468930829E+001   2.0865987903E-001
  -3.2314316872E+001   2.3179930583E-001
  -3.2159702916E+001   2.7631939548E-001
  -3.2005088960E+001   3.6039973791E-001
  -3.1850475003E+001   5.1585948487E-001
  -3.1695861047E+001   8.0393842679E-001
  -3.1541247091E+001   1.3210350177E+000
  -3.1386633134E+001   2.0638034386E+000
  -3.1232019178E+001   2.6369055333E+000
  -3.1077405222E+001   2.5049777961E+000
  -3.0922791265E+001   1.8055814047E+000
  -3.0768177309E+001   1.1180615048E+000
  -3.0613563353E+001   6.8754310892E-001
  -3.0458949396E+001   4.5318984230E-001
  -3.0304335440E+001   3.2640875630E-001
  -3.0149721484E+001   2.5818065001E-001
  -2.9995107527E+001   2.2235325074E-001
  -2.9840493571E+001   2.0373412799E-001
  -2.9685879615E+001   1.9381950148E-001
  -2.9531265658E+001   1.8820660655E-001
  -2.9376651702E+001   1.8471848248E-001
  -2.9222037746E+001   1.8229575782E-001
  -2.9067423789E+001   1.8044054730E-001
  -2.8912809833E+001   1.7894839870E-001
  -2.8758195877E+001   1.7776834811E-001
  -2.8603581920E+001   1.7692120521E-001
  -2.8448967964E+001   1.7644815553E-001
  -2.8294354008E+001   1.7637952399E-001
  -2.8139740052E+001   1.7672006078E-001
  -2.7985126095E+001   1.7744703992E-001
  -2.7830512139E+001   1.7852030966E-001
  -2.7675898183E+001   1.7990765502E-001
  -2.7521284226E+001   1.8162888392E-001
  -2.7366670270E+001   1.8382548190E-001
  -2.7212056314E+001   1.8687626138E-001
  -2.7057442357E+001   1.9161047470E-001
  -2.6902828401E+001   1.9974279112E-001
  -2.6748214445E+001   2.1476529676E-001
  -2.6593600488E+001   2.4355940625E-001
  -2.6438986532E+001   2.9875396519E-001
  -2.6284372576E+001   4.0209202786E-001
  -2.6129758619E+001   5.9284525005E-001
  -2.5975144663E+001   9.4624014102E-001
  -2.5820530707E+001   1.5529119249E+000
  -2.5665916750E+001   2.3055959904E+000
  -2.5511302794E+001   2.6831167807E+000
  -2.5356688838E+001   2.3055963455E+000
  -2.5202074881E+001   1.5529126505E+000
  -2.5047460925E+001   9.4624126281E-001
  -2.4892846969E+001   5.9284679645E-001
  -2.4738233012E+001   4.0209402227E-001
  -2.4583619056E+001   2.9875642067E-001
  -2.4429005100E+001   2.4356232235E-001
  -2.4274391143E+001   2.1476865737E-001
  -2.4119777187E+001   1.9974656202E-001
  -2.3965163231E+001   1.9161459975E-001
  -2.3810549274E+001   1.8688065729E-001
  -2.3655935318E+001   1.8383003204E-001
  -2.3501321362E+001   1.8163343132E-001
  -2.3346707405E+001   1.7991199462E-001
  -2.3192093449E+001   1.7852418006E-001
  -2.3037479493E+001   1.7745011448E-001
  -2.2882865536E+001   1.7672193812E-001
  -2.2728251580E+001   1.7637971814E-001
  -2.2573637624E+001   1.7644608622E-001
  -2.2419023667E+001   1.7691618880E-001
  -2.2264409711E+001   1.7775958976E-001
  -2.2109795755E+001   1.7893498685E-001
  -2.1955181798E+001   1.8042145127E-001
  -2.1800567842E+001   1.8226982927E-001
  -2.1645953886E+001   1.8468446157E-001
  -2.1491339929E+001   1.8816313433E-001
  -2.1336725973E+001   1.9376514069E-001
  -2.1182112017E+001   2.0366739585E-001
  -2.1027498060E+001   2.2227266638E-001
  -2.0872884104E+001   2.5808479166E-001
  -2.0718270148E+001   3.2629630844E-001
  -2.0563656191E+001   4.5305960815E-001
  -2.0409042235E+001   6.8739397925E-001
  -2.0254428279E+001   1.1178923107E+000
  -2.0099814323E+001   1.8053903070E+000
  -1.9945200366E+001   2.5047609250E+000
  -1.9790586410E+001   2.6366558621E+000
  -1.9635972454E+001   2.0635116680E+000
  -1.9481358497E+001   1.3206920157E+000
  -1.9326744541E+001   8.0353666259E-001
  -1.9172130585E+001   5.1539271748E-001
  -1.9017516628E+001   3.5986237016E-001
  -1.8862902672E+001   2.7570625039E-001
  -1.8708288716E+001   2.3110553568E-001
  -1.8553674759E+001   2.0788080015E-001
  -1.8399060803E+001   1.9562018529E-001
  -1.8244446847E+001   1.8880072260E-001
  -1.8089832890E+001   1.8466209221E-001
  -1.7935218934E+001   1.8185514179E-001
  -1.7780604978E+001   1.7973413908E-001
  -1.7625991021E+001   1.7801626370E-001
  -1.7471377065E+001   1.7661004972E-001
  -1.7316763109E+001   1.7551868800E-001
  -1.7162149152E+001   1.7478029659E-001
  -1.7007535196E+001   1.7443051147E-001
  -1.6852921240E+001   1.7448269654E-001
  -1.6698307283E+001   1.7492217854E-001
  -1.6543693327E+001   1.7571213032E-001
  -1.6389079371E+001   1.7681347704E-001
  -1.6234465414E+001   1.7822242026E-001
  -1.6079851458E+001   1.8003027950E-001
  -1.5925237502E+001   1.8252029997E-001
  -1.5770623545E+001   1.8633934049E-001
  -1.5616009589E+001   1.9283857660E-001
  -1.5461395633E+001   2.0478153665E-001
  -1.5306781676E+001   2.2769589326E-001
  -1.5152167720E+001   2.7199977074E-001
  -1.4997553764E+001   3.5587992951E-001
  -1.4842939807E+001   5.1116278333E-001
  -1.4688325851E+001   7.9909475742E-001
  -1.4533711895E+001   1.3160753077E+000
  -1.4379097938E+001   2.0587365444E+000
  -1.4224483982E+001   2.6316793936E+000
  -1.4069870026E+001   2.4994684055E+000
  -1.3915256069E+001   1.7996437118E+000
  -1.3760642113E+001   1.1115942476E+000
  -1.3606028157E+001   6.8050365795E-001
  -1.3451414200E+001   4.4557231143E-001
  -1.3296800244E+001   3.1822797464E-001
  -1.3142186288E+001   2.4946876140E-001
  -1.2987572331E+001   2.1315784064E-001
  -1.2832958375E+001   1.9411498039E-001
  -1.2678344419E+001   1.8384624603E-001
  -1.2523730462E+001   1.7795795405E-001
  -1.2369116506E+001   1.7428209531E-001
  -1.2214502550E+001   1.7176778085E-001
  -1.2059888594E+001   1.6992444381E-001
  -1.1905274637E+001   1.6855321551E-001
  -1.1750660681E+001   1.6760667868E-001
  -1.1596046725E+001   1.6710703826E-001
  -1.1441432768E+001   1.6709465963E-001
  -1.1286818812E+001   1.6759671704E-001
  -1.1132204856E+001   1.6861226291E-001
  -1.0977590899E+001   1.7011002118E-001
  -1.0822976943E+001   1.7203812717E-001
  -1.0668362987E+001   1.7434929922E-001
  -1.0513749030E+001   1.7704498723E-001
  -1.0359135074E+001   1.8024546190E-001
  -1.0204521118E+001   1.8430631191E-001
  -1.0049907161E+001   1.9003275076E-001
  -9.8952932049E+000   1.9911613050E-001
  -9.7406792486E+000   2.1502823671E-001
  -9.5860652923E+000   2.4463720457E-001
  -9.4314513359E+000   3.0057188498E-001
  -9.2768373796E+000   4.0459529774E-001
  -9.1222234233E+000   5.9602279292E-001
  -8.9676094670E+000   9.5014779933E-001
  -8.8129955106E+000   1.5576664211E+000
  -8.6583815543E+000   2.3112426813E+000
  -8.5037675980E+000   2.6894040954E+000
  -8.3491536417E+000   2.3120721427E+000
  -8.1945396853E+000   1.5593453427E+000
  -8.0399257290E+000   9.5270584437E-001
  -7.8853117727E+000   5.9948823569E-001
  -7.7306978164E+000   4.0898839728E-001
  -7.5760838600E+000   3.0590165379E-001
  -7.4214699037E+000   2.5090048148E-001
  -7.2668559474E+000   2.2221048462E-001
  -7.1122419910E+000   2.0719287857E-001
  -6.9576280347E+000   1.9897082701E-001
  -6.8030140784E+000   1.9406473411E-001
  -6.6484001221E+000   1.9077623853E-001
  -6.4937861657E+000   1.8829402837E-001
  -6.3391722094E+000   1.8625743548E-001
  -6.1845582531E+000   1.8454209919E-001
  -6.0299442968E+000   1.8314328069E-001
  -5.8753303404E+000   1.8210547702E-001
  -5.7207163841E+000   1.8147794060E-001
  -5.5661024278E+000   1.8128920626E-001
  -5.4114884714E+000   1.8153713050E-001
  -5.2568745151E+000   1.8219100153E-001
  -5.1022605588E+000   1.8320653745E-001
  -4.9476466025E+000   1.8455748759E-001
  -4.7930326461E+000   1.8628749873E-001
  -4.6384186898E+000   1.8859240656E-001
  -4.4838047335E+000   1.9196084155E-001
  -4.3291907772E+000   1.9744299023E-001
  -4.1745768208E+000   2.0720748030E-001
  -4.0199628645E+000   2.2565065092E-001
  -3.8653489082E+000   2.6127338730E-001
  -3.7107349518E+000   3.2927077667E-001
  -3.5561209955E+000   4.5580423467E-001
  -3.4015070392E+000   6.8990575198E-001
  -3.2468930829E+000   1.1201763783E+000
  -3.0922791265E+000   1.8074471142E+000
  -2.9376651702E+000   2.5065833256E+000
  -2.7830512139E+000   2.6382397515E+000
  -2.6284372576E+000   2.0648354600E+000
  -2.4738233012E+000   1.3216996500E+000
  -2.3192093449E+000   8.0417198784E-001
  -2.1645953886E+000   5.1561948866E-001
  -2.0099814323E+000   3.5965317202E-001
  -1.8553674759E+000   2.7503387337E-001
  -1.7007535196E+000   2.2994386775E-001
  -1.5461395633E+000   2.0620891527E-001
  -1.3915256069E+000   1.9342602164E-001
  -1.2369116506E+000   1.8608362301E-001
  -1.0822976943E+000   1.8143432590E-001
  -9.2768373796E-001   1.7814252534E-001
  -7.7306978164E-001   1.7557580339E-001
  -6.1845582531E-001   1.7346366667E-001
  -4.6384186898E-001   1.7172543706E-001
  -3.0922791265E-001   1.7037325786E-001
  -1.5461395633E-001   1.6945229441E-001
   0.0000000000E+000   1.6900339894E-001
   1.5461395633E-001   1.6904344739E-001
   3.0922791265E-001   1.6955968014E-001
   4.6384186898E-001   1.7051562010E-001
   6.1845582531E-001   1.7187092560E-001
   7.7306978164E-001   1.7361879552E-001
   9.2768373796E-001   1.7584568659E-001
   1.0822976943E+000   1.7882807492E-001
   1.2369116506E+000   1.8320423445E-001
   1.3915256069E+000   1.9031509080E-001
   1.5461395633E+000   2.0291212693E-001
   1.7007535196E+000   2.2650820821E-001
   1.8553674759E+000   2.7150182810E-001
   2.0099814323E+000   3.5605292029E-001
   2.1645953886E+000   5.1195169714E-001
   2.3192093449E+000   8.0039328282E-001
   2.4738233012E+000   1.3177098672E+000
   2.6284372576E+000   2.0605279731E+000
   2.7830512139E+000   2.6336736309E+000
   2.9376651702E+000   2.5020398301E+000
   3.0922791265E+000   1.8031440664E+000
   3.2468930829E+000   1.1160833704E+000
   3.4015070392E+000   6.8589079039E-001
   3.5561209955E+000   4.5177263450E-001
   3.7107349518E+000   3.2518245361E-001
   3.8653489082E+000   2.5712555641E-001
   4.0199628645E+000   2.2146221857E-001
   4.1745768208E+000   2.0300644450E-001
   4.3291907772E+000   1.9325762158E-001
   4.4838047335E+000   1.8781492271E-001
   4.6384186898E+000   1.8450317089E-001
   4.7930326461E+000   1.8226488013E-001
   4.9476466025E+000   1.8060401917E-001
   5.1022605588E+000   1.7931774130E-001
   5.2568745151E+000   1.7835624645E-001
   5.4114884714E+000   1.7774089875E-001
   5.5661024278E+000   1.7751266928E-001
   5.7207163841E+000   1.7770074141E-001
   5.8753303404E+000   1.7830764061E-001
   6.0299442968E+000   1.7930719707E-001
   6.1845582531E+000   1.8065451835E-001
   6.3391722094E+000   1.8231137671E-001
   6.4937861657E+000   1.8429045919E-001
   6.6484001221E+000   1.8672534673E-001
   6.8030140784E+000   1.8998663093E-001
   6.9576280347E+000   1.9489558191E-001
   7.1122419910E+000   2.0315975780E-001
   7.2668559474E+000   2.1826587157E-001
   7.4214699037E+000   2.4709310845E-001
   7.5760838600E+000   3.0227318749E-001
   7.7306978164E+000   4.0555842930E-001
   7.8853117727E+000   5.9623367952E-001
   8.0399257290E+000   9.4953318142E-001
   8.1945396853E+000   1.5560841835E+000
   8.3491536417E+000   2.3086199301E+000
   8.5037675980E+000   2.6860111895E+000
   8.6583815543E+000   2.3083979737E+000
   8.8129955106E+000   1.5555681082E+000
   8.9676094670E+000   9.4863228260E-001
   9.1222234233E+000   5.9487791411E-001
   9.2768373796E+000   4.0370252859E-001
   9.4314513359E+000   2.9989218671E-001
   9.5860652923E+000   2.4418065138E-001
   9.7406792486E+000   2.1483145448E-001
   9.8952932049E+000   1.9922453665E-001
   1.0049907161E+001   1.9048907861E-001
   1.0204521118E+001   1.8514504132E-001
   1.0359135074E+001   1.8149070424E-001
   1.0513749030E+001   1.7870984542E-001
   1.0668362987E+001   1.7643587818E-001
   1.0822976943E+001   1.7453803220E-001
   1.0977590899E+001   1.7300531223E-001
   1.1132204856E+001   1.7187675756E-001
   1.1286818812E+001   1.7119747941E-001
   1.1441432768E+001   1.7099351850E-001
   1.1596046725E+001   1.7126202340E-001
   1.1750660681E+001   1.7197333075E-001
   1.1905274637E+001   1.7308578082E-001
   1.2059888594E+001   1.7457698383E-001
   1.2214502550E+001   1.7649520973E-001
   1.2369116506E+001   1.7904111226E-001
   1.2523730462E+001   1.8270776996E-001
   1.2678344419E+001   1.8854896822E-001
   1.2832958375E+001   1.9873561489E-001
   1.2987572331E+001   2.1766415583E-001
   1.3142186288E+001   2.5383160263E-001
   1.3296800244E+001   3.2242253583E-001
   1.3451414200E+001   4.4957975583E-001
   1.3606028157E+001   6.8431162801E-001
   1.3760642113E+001   1.1151988415E+000
   1.3915256069E+001   1.8030614767E+000
   1.4069870026E+001   2.5027537539E+000
   1.4224483982E+001   2.6349166692E+000
   1.4379097938E+001   2.0619965581E+000
   1.4533711895E+001   1.3193811120E+000
   1.4688325851E+001   8.0243016717E-001
   1.4842939807E+001   5.1449927808E-001
   1.4997553764E+001   3.5919156173E-001
   1.5152167720E+001   2.7526571487E-001
   1.5306781676E+001   2.3089993787E-001
   1.5461395633E+001   2.0791161749E-001
   1.5616009589E+001   1.9588611455E-001
   1.5770623545E+001   1.8929836366E-001
   1.5925237502E+001   1.8538662864E-001
   1.6079851458E+001   1.8280092247E-001
   1.6234465414E+001   1.8089517185E-001
   1.6389079371E+001   1.7938664943E-001
   1.6543693327E+001   1.7818436663E-001
   1.6698307283E+001   1.7729231795E-001
   1.6852921240E+001   1.7674967993E-001
   1.7007535196E+001   1.7659332205E-001
   1.7162149152E+001   1.7683793226E-001
   1.7316763109E+001   1.7747016424E-001
   1.7471377065E+001   1.7845443173E-001
   1.7625991021E+001   1.7975272676E-001
   1.7780604978E+001   1.8136205485E-001
   1.7935218934E+001   1.8337418332E-001
   1.8089832890E+001   1.8607234108E-001
   1.8244446847E+001   1.9010275409E-001
   1.8399060803E+001   1.9681511003E-001
   1.8553674759E+001   2.0897026255E-001
   1.8708288716E+001   2.3209171295E-001
   1.8862902672E+001   2.7659193147E-001
   1.9017516628E+001   3.6065115142E-001
   1.9172130585E+001   5.1608920150E-001
   1.9326744541E+001   8.0414653653E-001
   1.9481358497E+001   1.3212223851E+000
   1.9635972454E+001   2.0639721633E+000
   1.9790586410E+001   2.6370592054E+000
   1.9945200366E+001   2.5051204908E+000
   2.0099814323E+001   1.8057159257E+000
   2.0254428279E+001   1.1181887319E+000
   2.0409042235E+001   6.8766278041E-001
   2.0563656191E+001   4.5330148255E-001
   2.0718270148E+001   3.2651205189E-001
   2.0872884104E+001   2.5827550100E-001
   2.1027498060E+001   2.2243975751E-001
   2.1182112017E+001   2.0381256281E-001
   2.1336725973E+001   1.9389026471E-001
   2.1491339929E+001   1.8827017988E-001
   2.1645953886E+001   1.8477539031E-001
   2.1800567842E+001   1.8234653944E-001
   2.1955181798E+001   1.8048573765E-001
   2.2109795755E+001   1.7898851508E-001
   2.2264409711E+001   1.7780388112E-001
   2.2419023667E+001   1.7695261279E-001
   2.2573637624E+001   1.7647585965E-001
   2.2728251580E+001   1.7640390949E-001
   2.2882865536E+001   1.7674147580E-001
   2.3037479493E+001   1.7746579750E-001
   2.3192093449E+001   1.7853669012E-001
   2.3346707405E+001   1.7992190882E-001
   2.3501321362E+001   1.8164123468E-001
   2.3655935318E+001   1.8383612932E-001
   2.3810549274E+001   1.8688538399E-001
   2.3965163231E+001   1.9161823221E-001
   2.4119777187E+001   1.9974932632E-001
   2.4274391143E+001   2.1477073718E-001
   2.4429005100E+001   2.4356386594E-001
   2.4583619056E+001   2.9875754707E-001
   2.4738233012E+001   4.0209482649E-001
   2.4892846969E+001   5.9284735411E-001
   2.5047460925E+001   9.4624163402E-001
   2.5202074881E+001   1.5529128828E+000
   2.5356688838E+001   2.3055964764E+000
   2.5511302794E+001   2.6831168391E+000
   2.5665916750E+001   2.3055959985E+000
   2.5820530707E+001   1.5529118990E+000
   2.5975144663E+001   9.4624009284E-001
   2.6129758619E+001   5.9284518813E-001
   2.6284372576E+001   4.0209195817E-001
   2.6438986532E+001   2.9875389191E-001
   2.6593600488E+001   2.4355933232E-001
   2.6748214445E+001   2.1476522425E-001
   2.6902828401E+001   1.9974272138E-001
   2.7057442357E+001   1.9161040856E-001
   2.7212056314E+001   1.8687619931E-001
   2.7366670270E+001   1.8382542410E-001
   2.7521284226E+001   1.8162883038E-001
   2.7675898183E+001   1.7990760559E-001
   2.7830512139E+001   1.7852026416E-001
   2.7985126095E+001   1.7744699807E-001
   2.8139740052E+001   1.7672002226E-001
   2.8294354008E+001   1.7637948854E-001
   2.8448967964E+001   1.7644812288E-001
   2.8603581920E+001   1.7692117508E-001
   2.8758195877E+001   1.7776832023E-001
   2.8912809833E+001   1.7894837287E-001
   2.9067423789E+001   1.8044052329E-001
   2.9222037746E+001   1.8229573543E-001
   2.9376651702E+001   1.8471846156E-001
   2.9531265658E+001   1.8820658698E-001
   2.9685879615E+001   1.9381948310E-001
   2.9840493571E+001   2.0373411068E-001
   2.9995107527E+001   2.2235323443E-001
   3.0149721484E+001   2.5818063462E-001
   3.0304335440E+001   3.2640874173E-001
   3.0458949396E+001   4.5318982853E-001
   3.0613563353E+001   6.8754309590E-001
   3.0768177309E+001   1.1180614925E+000
   3.0922791265E+001   1.8055813931E+000
   3.1077405222E+001   2.5049777851E+000
   3.1232019178E+001   2.6369055229E+000
   3.1386633134E+001   2.0638034288E+000
   3.1541247091E+001   1.3210350085E+000
   3.1695861047E+001   8.0393841818E-001
   3.1850475003E+001   5.1585947682E-001
   3.2005088960E+001   3.6039973044E-001
   3.2159702916E+001   2.7631938859E-001
   3.2314316872E+001   2.3179929952E-001
   3.2468930829E+001   2.0865987328E-001
   3.2623544785E+001   1.9648924961E-001
   3.2778158741E+001   1.8976455123E-001
   3.2932772698E+001   1.8572559690E-001
   3.3087386654E+001   1.8302342251E-001
   3.3242000610E+001   1.8101256025E-001
   3.3396614567E+001   1.7941055497E-001
   3.3551228523E+001   1.7812641552E-001
   3.3705842479E+001   1.7716390745E-001
   3.3860456436E+001   1.7656179823E-001
