  -3.4015070392E+001   1.7637061328E-001
  -3.3860456436E+001   1.7657651878E-001
  -3.3705842479E+001   1.7717912309E-001
  -3.3551228523E+001   1.7814210096E-001
  -3.3396614567E+001   1.7942668462E-001
  -3.3242000610E+001   1.8102910816E-001
  -3.3087386654E+001   1.8304036194E-001
  -3.2932772698E+001   1.8574289978E-001
  -3.2778158741E+001   1.8978218766E-001
  -3.2623544785E+001   1.9650718746E-001
  -3.2468930829E+001   2.0867807795E-001
  -3.2314316872E+001   2.3181773415E-001
  -3.2159702916E+001   2.7633801467E-001
  -3.2005088960E+001   3.6041850883E-001
  -3.1850475003E+001   5.1587836803E-001
  -3.1695861047E+001   8.0395737623E-001
  -3.1541247091E+001   1.3210539613E+000
  -3.1386633134E+001   2.0638222733E+000
  -3.1232019178E+001   2.6369242025E+000
  -3.1077405222E+001   2.5049963448E+000
  -3.0922791265E+001   1.8055998517E+000
  -3.0768177309E+001   1.1180797693E+000
  -3.0613563353E+001   6.8756110089E-001
  -3.0458949396E+001   4.5320750970E-001
  -3.0304335440E+001   3.2642606795E-001
  -3.0149721484E+001   2.5819758022E-001
  -2.9995107527E+001   2.2236977624E-001
  -2.9840493571E+001   2.0375022882E-001
  -2.9685879615E+001   1.9383516190E-001
  -2.9531265658E+001   1.8822181541E-001
  -2.9376651702E+001   1.8473323322E-001
  -2.9222037746E+001   1.8231004817E-001
  -2.9067423789E+001   1.8045437876E-001
  -2.8912809833E+001   1.7896177588E-001
  -2.8758195877E+001   1.7778127824E-001
  -2.8603581920E+001   1.7693369770E-001
  -2.8448967964E+001   1.7646022189E-001
  -2.8294354008E+001   1.7639117791E-001
  -2.8139740052E+001   1.7673131838E-001
  -2.7985126095E+001   1.7745792000E-001
  -2.7830512139E+001   1.7853083382E-001
  -2.7675898183E+001   1.7991784756E-001
  -2.7521284226E+001   1.8163877144E-001
  -2.7366670270E+001   1.8383509266E-001
  -2.7212056314E+001   1.8688562457E-001
  -2.7057442357E+001   1.9161961964E-001
  -2.6902828401E+001   1.9975174669E-001
  -2.6748214445E+001   2.1477409107E-001
  -2.6593600488E+001   2.4356806661E-001
  -2.6438986532E+001   2.9876251857E-001
  -2.6284372576E+001   4.0210050167E-001
  -2.6129758619E+001   5.9285367086E-001
  -2.5975144663E+001   9.4624852378E-001
  -2.5820530707E+001   1.5529202513E+000
  -2.5665916750E+001   2.3056042262E+000
  -2.5511302794E+001   2.6831249707E+000
  -2.5356688838E+001   2.3056046086E+000
  -2.5202074881E+001   1.5529210304E+000
  -2.5047460925E+001   9.4624972349E-001
  -2.4892846969E+001   5.9285531657E-001
  -2.4738233012E+001   4.0210261282E-001
  -2.4583619056E+001   2.9876510322E-001
  -2.4429005100E+001   2.4357111819E-001
  -2.4274391143E+001   2.1477758625E-001
  -2.4119777187E+001   1.9975564282E-001
  -2.3965163231E+001   1.9162385090E-001
  -2.3810549274E+001   1.8689009675E-001
  -2.3655935318E+001   1.8383967685E-001
  -2.3501321362E+001   1.8164329699E-001
  -2.3346707405E+001   1.7992209434E-001
  -2.3192093449E+001   1.7853452392E-001
  -2.3037479493E+001   1.7746070876E-001
  -2.2882865536E+001   1.7673278496E-001
  -2.2728251580E+001   1.7639081540E-001
  -2.2573637624E+001   1.7645742766E-001
  -2.2419023667E+001   1.7692776433E-001
  -2.2264409711E+001   1.7777138579E-001
  -2.2109795755E+001   1.7894698645E-001
  -2.1955181798E+001   1.8043363418E-001
  -2.1800567842E+001   1.8228217165E-001
  -2.1645953886E+001   1.8469693559E-001
  -2.1491339929E+001   1.8817570775E-001
  -2.1336725973E+001   1.9377777652E-001
  -2.1182112017E+001   2.0368005230E-001
  -2.1027498060E+001   2.2228529708E-001
  -2.0872884104E+001   2.5809734629E-001
  -2.0718270148E+001   3.2630873400E-001
  -2.0563656191E+001   4.5307185007E-001
  -2.0409042235E+001   6.8740597871E-001
  -2.0254428279E+001   1.1179039896E+000
  -2.0099814323E+001   1.8054015512E+000
  -1.9945200366E+001   2.5047716322E+000
  -1.9790586410E+001   2.6366660329E+000
  -1.9635972454E+001   2.0635213324E+000
  -1.9481358497E+001   1.3207011059E+000
  -1.9326744541E+001   8.0354506802E-001
  -1.9172130585E+001   5.1540036269E-001
  -1.9017516628E+001   3.5986921064E-001
  -1.8862902672E+001   2.7571225328E-001
  -1.8708288716E+001   2.3111067391E-001
  -1.8553674759E+001   2.0788505298E-001
  -1.8399060803E+001   1.9562353962E-001
  -1.8244446847E+001   1.8880317374E-001
  -1.8089832890E+001   1.8466364416E-001
  -1.7935218934E+001   1.8185580709E-001
  -1.7780604978E+001   1.7973393840E-001
  -1.7625991021E+001   1.7801522527E-001
  -1.7471377065E+001   1.7660820855E-001
  -1.7316763109E+001   1.7551608536E-001
  -1.7162149152E+001   1.7477697949E-001
  -1.7007535196E+001   1.7442653234E-001
  -1.6852921240E+001   1.7447811294E-001
  -1.6698307283E+001   1.7491705280E-001
  -1.6543693327E+001   1.7570652886E-001
  -1.6389079371E+001   1.7680746938E-001
  -1.6234465414E+001   1.7821607749E-001
  -1.6079851458E+001   1.8002367227E-001
  -1.5925237502E+001   1.8251349612E-001
  -1.5770623545E+001   1.8633240226E-001
  -1.5616009589E+001   1.9283155764E-001
  -1.5461395633E+001   2.0477447870E-001
  -1.5306781676E+001   2.2768882266E-001
  -1.5152167720E+001   2.7199269541E-001
  -1.4997553764E+001   3.5587283725E-001
  -1.4842939807E+001   5.1115564085E-001
  -1.4688325851E+001   7.9908750451E-001
  -1.4533711895E+001   1.3160678455E+000
  -1.4379097938E+001   2.0587287638E+000
  -1.4224483982E+001   2.6316713079E+000
  -1.4069870026E+001   2.4994602233E+000
  -1.3915256069E+001   1.7996356430E+000
  -1.3760642113E+001   1.1115863443E+000
  -1.3606028157E+001   6.8049588823E-001
  -1.3451414200E+001   4.4556464032E-001
  -1.3296800244E+001   3.1822037234E-001
  -1.3142186288E+001   2.4946119540E-001
  -1.2987572331E+001   2.1315027750E-001
  -1.2832958375E+001   1.9410739243E-001
  -1.2678344419E+001   1.8383861598E-001
  -1.2523730462E+001   1.7795027622E-001
  -1.2369116506E+001   1.7427437481E-001
  -1.2214502550E+001   1.7176003239E-001
  -1.2059888594E+001   1.6991669061E-001
  -1.1905274637E+001   1.6854548828E-001
  -1.1750660681E+001   1.6759901436E-001
  -1.1596046725E+001   1.6709947830E-001
  -1.1441432768E+001   1.6708724777E-001
  -1.1286818812E+001   1.6758949662E-001
  -1.1132204856E+001   1.6860527371E-001
  -1.0977590899E+001   1.7010329590E-001
  -1.0822976943E+001   1.7203168781E-001
  -1.0668362987E+001   1.7434315351E-001
  -1.0513749030E+001   1.7703912573E-001
  -1.0359135074E+001   1.8023985604E-001
  -1.0204521118E+001   1.8430091324E-001
  -1.0049907161E+001   1.9002749155E-001
  -9.8952932049E+000   1.9911092589E-001
  -9.7406792486E+000   2.1502299013E-001
  -9.5860652923E+000   2.4463182096E-001
  -9.4314513359E+000   3.0056629762E-001
  -9.2768373796E+000   4.0458950950E-001
  -9.1222234233E+000   5.9601692516E-001
  -8.9676094670E+000   9.5014214039E-001
  -8.8129955106E+000   1.5576614147E+000
  -8.6583815543E+000   2.3112386392E+000
  -8.5037675980E+000   2.6894006865E+000
  -8.3491536417E+000   2.3120685387E+000
  -8.1945396853E+000   1.5593410857E+000
  -8.0399257290E+000   9.5270107993E-001
  -7.8853117727E+000   5.9948327049E-001
  -7.7306978164E+000   4.0898342777E-001
  -7.5760838600E+000   3.0589675182E-001
  -7.4214699037E+000   2.5089563894E-001
  -7.2668559474E+000   2.2220565394E-001
  -7.1122419910E+000   2.0718800315E-001
  -6.9576280347E+000   1.9896585945E-001
  -6.8030140784E+000   1.9405964438E-001
  -6.6484001221E+000   1.9077101618E-001
  -6.4937861657E+000   1.8828868188E-001
  -6.3391722094E+000   1.8625198991E-001
  -6.1845582531E+000   1.8453659278E-001
  -6.0299442968E+000   1.8313776098E-001
  -5.8753303404E+000   1.8209999701E-001
  -5.7207163841E+000   1.8147255556E-001
  -5.5661024278E+000   1.8128397134E-001
  -5.4114884714E+000   1.8153209921E-001
  -5.2568745151E+000   1.8218622493E-001
  -5.1022605588E+000   1.8320206378E-001
  -4.9476466025E+000   1.8455336210E-001
  -4.7930326461E+000   1.8628376345E-001
  -4.6384186898E+000   1.8858910000E-001
  -4.4838047335E+000   1.9195799853E-001
  -4.3291907772E+000   1.9744064191E-001
  -4.1745768208E+000   2.0720565432E-001
  -4.0199628645E+000   2.2564937037E-001
  -3.8653489082E+000   2.6127266580E-001
  -3.7107349518E+000   3.2927060719E-001
  -3.5561209955E+000   4.5580457162E-001
  -3.4015070392E+000   6.8990648429E-001
  -3.2468930829E+000   1.1201772861E+000
  -3.0922791265E+000   1.8074478717E+000
  -2.9376651702E+000   2.5065837486E+000
  -2.7830512139E+000   2.6382401157E+000
  -2.6284372576E+000   2.0648361987E+000
  -2.4738233012E+000   1.3217008265E+000
  -2.3192093449E+000   8.0417340041E-001
  -2.1645953886E+000   5.1562096651E-001
  -2.0099814323E+000   3.5965463335E-001
  -1.8553674759E+000   2.7503528424E-001
  -1.7007535196E+000   2.2994521312E-001
  -1.5461395633E+000   2.0621018557E-001
  -1.3915256069E+000   1.9342720655E-001
  -1.2369116506E+000   1.8608470962E-001
  -1.0822976943E+000   1.8143529945E-001
  -9.2768373796E-001   1.7814337096E-001
  -7.7306978164E-001   1.7557650801E-001
  -6.1845582531E-001   1.7346422075E-001
  -4.6384186898E-001   1.7172583592E-001
  -3.0922791265E-001   1.7037350260E-001
  -1.5461395633E-001   1.6945239236E-001
   0.0000000000E+000   1.6900336353E-001
   1.5461395633E-001   1.6904329755E-001
   3.0922791265E-001   1.6955943925E-001
   4.6384186898E-001   1.7051531454E-001
   6.1845582531E-001   1.7187058309E-001
   7.7306978164E-001   1.7361844341E-001
   9.2768373796E-001   1.7584535028E-001
   1.0822976943E+000   1.7882777653E-001
   1.2369116506E+000   1.8320399190E-001
   1.3915256069E+000   1.9031491726E-001
   1.5461395633E+000   2.0291203123E-001
   1.7007535196E+000   2.2650819701E-001
   1.8553674759E+000   2.7150191184E-001
   2.0099814323E+000   3.5605312355E-001
   2.1645953886E+000   5.1195207121E-001
   2.3192093449E+000   8.0039391507E-001
   2.4738233012E+000   1.3177108761E+000
   2.6284372576E+000   2.0605294611E+000
   2.7830512139E+000   2.6336755947E+000
   2.9376651702E+000   2.5020421370E+000
   3.0922791265E+000   1.8031465709E+000
   3.2468930829E+000   1.1160860244E+000
   3.4015070392E+000   6.8589362371E-001
   3.5561209955E+000   4.5177568852E-001
   3.7107349518E+000   3.2518575156E-001
   3.8653489082E+000   2.5712910400E-001
   4.0199628645E+000   2.2146601230E-001
   4.1745768208E+000   2.0301047921E-001
   4.3291907772E+000   1.9326189511E-001
   4.4838047335E+000   1.8781943799E-001
   4.6384186898E+000   1.8450793622E-001
   4.7930326461E+000   1.8226990853E-001
   4.9476466025E+000   1.8060932708E-001
   5.1022605588E+000   1.7932334701E-001
   5.2568745151E+000   1.7836216849E-001
   5.4114884714E+000   1.7774715450E-001
   5.5661024278E+000   1.7751927405E-001
   5.7207163841E+000   1.7770770802E-001
   5.8753303404E+000   1.7831497943E-001
   6.0299442968E+000   1.7931491631E-001
   6.1845582531E+000   1.8066262466E-001
   6.3391722094E+000   1.8231987567E-001
   6.4937861657E+000   1.8429935568E-001
   6.6484001221E+000   1.8673464520E-001
   6.8030140784E+000   1.8999633553E-001
   6.9576280347E+000   1.9490569673E-001
   7.1122419910E+000   2.0317028716E-001
   7.2668559474E+000   2.1827681999E-001
   7.4214699037E+000   2.4710447891E-001
   7.5760838600E+000   3.0228497638E-001
   7.7306978164E+000   4.0557061726E-001
   7.8853117727E+000   5.9624621653E-001
   8.0399257290E+000   9.4954595848E-001
   8.1945396853E+000   1.5560970055E+000
   8.3491536417E+000   2.3086326149E+000
   8.5037675980E+000   2.6860238297E+000
   8.6583815543E+000   2.3084108921E+000
   8.8129955106E+000   1.5555814296E+000
   8.9676094670E+000   9.4864586610E-001
   9.1222234233E+000   5.9489159718E-001
   9.2768373796E+000   4.0371622222E-001
   9.4314513359E+000   2.9990584926E-001
   9.5860652923E+000   2.4419426129E-001
   9.7406792486E+000   2.1484499740E-001
   9.8952932049E+000   1.9923799892E-001
   1.0049907161E+001   1.9050244413E-001
   1.0204521118E+001   1.8515829082E-001
   1.0359135074E+001   1.8150381573E-001
   1.0513749030E+001   1.7872279492E-001
   1.0668362987E+001   1.7644864044E-001
   1.0822976943E+001   1.7455058136E-001
   1.0977590899E+001   1.7301762245E-001
   1.1132204856E+001   1.7188880366E-001
   1.1286818812E+001   1.7120923748E-001
   1.1441432768E+001   1.7100496648E-001
   1.1596046725E+001   1.7127314148E-001
   1.1750660681E+001   1.7198410160E-001
   1.1905274637E+001   1.7309618955E-001
   1.2059888594E+001   1.7458701773E-001
   1.2214502550E+001   1.7650485775E-001
   1.2369116506E+001   1.7905036441E-001
   1.2523730462E+001   1.8271661662E-001
   1.2678344419E+001   1.8855739962E-001
   1.2832958375E+001   1.9874362074E-001
   1.2987572331E+001   2.1767172527E-001
   1.3142186288E+001   2.5383872481E-001
   1.3296800244E+001   3.2242920133E-001
   1.3451414200E+001   4.4958595831E-001
   1.3606028157E+001   6.8431736194E-001
   1.3760642113E+001   1.1152040877E+000
   1.3915256069E+001   1.8030661872E+000
   1.4069870026E+001   2.5027579014E+000
   1.4224483982E+001   2.6349203349E+000
   1.4379097938E+001   2.0619998502E+000
   1.4533711895E+001   1.3193840316E+000
   1.4688325851E+001   8.0243266481E-001
   1.4842939807E+001   5.1450133526E-001
   1.4997553764E+001   3.5919318938E-001
   1.5152167720E+001   2.7526693433E-001
   1.5306781676E+001   2.3090077454E-001
   1.5461395633E+001   2.0791210062E-001
   1.5616009589E+001   1.9588627750E-001
   1.5770623545E+001   1.8929824356E-001
   1.5925237502E+001   1.8538626563E-001
   1.6079851458E+001   1.8280035860E-001
   1.6234465414E+001   1.8089444987E-001
   1.6389079371E+001   1.7938581152E-001
   1.6543693327E+001   1.7818345316E-001
   1.6698307283E+001   1.7729136651E-001
   1.6852921240E+001   1.7674872466E-001
   1.7007535196E+001   1.7659239329E-001
   1.7162149152E+001   1.7683705647E-001
   1.7316763109E+001   1.7746936406E-001
   1.7471377065E+001   1.7845372601E-001
   1.7625991021E+001   1.7975213049E-001
   1.7780604978E+001   1.8136157890E-001
   1.7935218934E+001   1.8337383398E-001
   1.8089832890E+001   1.8607211948E-001
   1.8244446847E+001   1.9010265568E-001
   1.8399060803E+001   1.9681512421E-001
   1.8553674759E+001   2.0897037263E-001
   1.8708288716E+001   2.3209189640E-001
   1.8862902672E+001   2.7659216071E-001
   1.9017516628E+001   3.6065139505E-001
   1.9172130585E+001   5.1608942481E-001
   1.9326744541E+001   8.0414669552E-001
   1.9481358497E+001   1.3212224070E+000
   1.9635972454E+001   2.0639719422E+000
   1.9790586410E+001   2.6370586795E+000
   1.9945200366E+001   2.5051196982E+000
   2.0099814323E+001   1.8057148770E+000
   2.0254428279E+001   1.1181873376E+000
   2.0409042235E+001   6.8766094064E-001
   2.0563656191E+001   4.5329913505E-001
   2.0718270148E+001   3.2650915475E-001
   2.0872884104E+001   2.5827201756E-001
   2.1027498060E+001   2.2243565351E-001
   2.1182112017E+001   2.0380780748E-001
   2.1336725973E+001   1.9388483187E-001
   2.1491339929E+001   1.8826404848E-001
   2.1645953886E+001   1.8476854457E-001
   2.1800567842E+001   1.8233896869E-001
   2.1955181798E+001   1.8047743585E-001
   2.2109795755E+001   1.7897948036E-001
   2.2264409711E+001   1.7779411519E-001
   2.2419023667E+001   1.7694212067E-001
   2.2573637624E+001   1.7646464957E-001
   2.2728251580E+001   1.7639199296E-001
   2.2882865536E+001   1.7672886789E-001
   2.3037479493E+001   1.7745251708E-001
   2.3192093449E+001   1.7852275994E-001
   2.3346707405E+001   1.7990735540E-001
   2.3501321362E+001   1.8162608786E-001
   2.3655935318E+001   1.8382042163E-001
   2.3810549274E+001   1.8686914983E-001
   2.3965163231E+001   1.9160150709E-001
   2.4119777187E+001   1.9973214623E-001
   2.4274391143E+001   2.1475313818E-001
   2.4429005100E+001   2.4354588420E-001
   2.4583619056E+001   2.9873921929E-001
   2.4738233012E+001   4.0207619069E-001
   2.4892846969E+001   5.9282844832E-001
   2.5047460925E+001   9.4622248558E-001
   2.5202074881E+001   1.5528934867E+000
   2.5356688838E+001   2.3055768126E+000
   2.5511302794E+001   2.6830969678E+000
   2.5665916750E+001   2.3055760548E+000
   2.5820530707E+001   1.5528919443E+000
   2.5975144663E+001   9.4622010973E-001
   2.6129758619E+001   5.9282517533E-001
   2.6284372576E+001   4.0207194807E-001
   2.6438986532E+001   2.9873392898E-001
   2.6593600488E+001   2.4353946235E-001
   2.6748214445E+001   2.1474549312E-001
   2.6902828401E+001   1.9972317588E-001
   2.7057442357E+001   1.9159109690E-001
   2.7212056314E+001   1.8685717116E-001
   2.7366670270E+001   1.8380673023E-001
   2.7521284226E+001   1.8161052212E-001
   2.7675898183E+001   1.7988973409E-001
   2.7830512139E+001   1.7850287960E-001
   2.7985126095E+001   1.7743014907E-001
   2.8139740052E+001   1.7670375545E-001
   2.8294354008E+001   1.7636384843E-001
   2.8448967964E+001   1.7643315198E-001
   2.8603581920E+001   1.7690691411E-001
   2.8758195877E+001   1.7775480833E-001
   2.8912809833E+001   1.7893564763E-001
   2.9067423789E+001   1.8042862063E-001
   2.9222037746E+001   1.8228468909E-001
   2.9376651702E+001   1.8470830255E-001
   2.9531265658E+001   1.8819734284E-001
   2.9685879615E+001   1.9381117732E-001
   2.9840493571E+001   2.0372676234E-001
   2.9995107527E+001   2.2234685805E-001
   3.0149721484E+001   2.5817524049E-001
   3.0304335440E+001   3.2640433676E-001
   3.0458949396E+001   4.5318641695E-001
   3.0613563353E+001   6.8754067620E-001
   3.0768177309E+001   1.1180600419E+000
   3.0922791265E+001   1.8055808503E+000
   3.1077405222E+001   2.5049780975E+000
   3.1232019178E+001   2.6369067369E+000
   3.1386633134E+001   2.0638056160E+000
   3.1541247091E+001   1.3210381382E+000
   3.1695861047E+001   8.0394241217E-001
   3.1850475003E+001   5.1586428677E-001
   3.2005088960E+001   3.6040533302E-001
   3.2159702916E+001   2.7632576575E-001
   3.2314316872E+001   2.3180643222E-001
   3.2468930829E+001   2.0866774170E-001
   3.2623544785E+001   1.9649783414E-001
   3.2778158741E+001   1.8977383301E-001
   3.2932772698E+001   1.8573555791E-001
   3.3087386654E+001   1.8303404533E-001
   3.3242000610E+001   1.8102382764E-001
   3.3396614567E+001   1.7942244925E-001
   3.3551228523E+001   1.7813891799E-001
   3.3705842479E+001   1.7717699805E-001
   3.3860456436E+001   1.7657545534E-001
