  -3.4015070392E+001   1.7602139798E-001
  -3.3860456436E+001   1.7622453482E-001
  -3.3705842479E+001   1.7682038683E-001
  -3.3551228523E+001   1.7777281064E-001
  -3.3396614567E+001   1.7904331745E-001
  -3.3242000610E+001   1.8062849283E-001
  -3.3087386654E+001   1.8261972935E-001
  -3.2932772698E+001   1.8529992317E-001
  -3.2778158741E+001   1.8931502808E-001
  -3.2623544785E+001   1.9601455792E-001
  -3.2468930829E+001   2.0815933221E-001
  -3.2314316872E+001   2.3127298077E-001
  -3.2159702916E+001   2.7576825873E-001
  -3.2005088960E+001   3.5982581079E-001
  -3.1850475003E+001   5.1526586133E-001
  -3.1695861047E+001   8.0332847366E-001
  -3.1541247091E+001   1.3204099463E+000
  -3.1386633134E+001   2.0631616803E+000
  -3.1232019178E+001   2.6362518027E+000
  -3.1077405222E+001   2.5043292854E+000
  -3.0922791265E+001   1.8049519381E+000
  -3.0768177309E+001   1.1174522590E+000
  -3.0613563353E+001   6.8695305187E-001
  -3.0458949396E+001   4.5262130171E-001
  -3.0304335440E+001   3.2586528798E-001
  -3.0149721484E+001   2.5766512867E-001
  -2.9995107527E+001   2.2186746210E-001
  -2.9840493571E+001   2.0327887454E-001
  -2.9685879615E+001   1.9339476158E-001
  -2.9531265658E+001   1.8781166704E-001
  -2.9376651702E+001   1.8435204428E-001
  -2.9222037746E+001   1.8195601615E-001
  -2.9067423789E+001   1.8012524807E-001
  -2.8912809833E+001   1.7865487993E-001
  -2.8758195877E+001   1.7749358151E-001
  -2.8603581920E+001   1.7666185300E-001
  -2.8448967964E+001   1.7620065127E-001
  -2.8294354008E+001   1.7614017716E-001
  -2.8139740052E+001   1.7648517675E-001
  -2.7985126095E+001   1.7721304235E-001
  -2.7830512139E+001   1.7828385136E-001
  -2.7675898183E+001   1.7966570706E-001
  -2.7521284226E+001   1.8137879976E-001
  -2.7366670270E+001   1.8356504237E-001
  -2.7212056314E+001   1.8660371404E-001
  -2.7057442357E+001   1.9132458356E-001
  -2.6902828401E+001   1.9944290809E-001
  -2.6748214445E+001   2.1445145836E-001
  -2.6593600488E+001   2.4323245630E-001
  -2.6438986532E+001   2.9841570609E-001
  -2.6284372576E+001   4.0174536652E-001
  -2.6129758619E+001   5.9249405379E-001
  -2.5975144663E+001   9.4588791844E-001
  -2.5820530707E+001   1.5525592057E+000
  -2.5665916750E+001   2.3052423673E+000
  -2.5511302794E+001   2.6827720605E+000
  -2.5356688838E+001   2.3052795232E+000
  -2.5202074881E+001   1.5526335589E+000
  -2.5047460925E+001   9.4599954653E-001
  -2.4892846969E+001   5.9264306246E-001
  -2.4738233012E+001   4.0193188139E-001
  -2.4583619056E+001   2.9863986638E-001
  -2.4429005100E+001   2.4349441043E-001
  -2.4274391143E+001   2.1475136036E-001
  -2.4119777187E+001   1.9978091338E-001
  -2.3965163231E+001   1.9170084318E-001
  -2.3810549274E+001   1.8701836723E-001
  -2.3655935318E+001   1.8401820799E-001
  -2.3501321362E+001   1.8187056660E-001
  -2.3346707405E+001   1.8019612320E-001
  -2.3192093449E+001   1.7885291277E-001
  -2.3037479493E+001   1.7782068061E-001
  -2.2882865536E+001   1.7713124596E-001
  -2.2728251580E+001   1.7682444022E-001
  -2.2573637624E+001   1.7692276613E-001
  -2.2419023667E+001   1.7742135920E-001
  -2.2264409711E+001   1.7828988791E-001
  -2.2109795755E+001   1.7948725431E-001
  -2.1955181798E+001   1.8099280977E-001
  -2.1800567842E+001   1.8285773222E-001
  -2.1645953886E+001   1.8528673014E-001
  -2.1491339929E+001   1.8877799304E-001
  -2.1336725973E+001   1.9439126776E-001
  -2.1182112017E+001   2.0430399694E-001
  -2.1027498060E+001   2.2291957351E-001
  -2.0872884104E+001   2.5874258858E-001
  -2.0718270148E+001   3.2696648253E-001
  -2.0563656191E+001   4.5374464886E-001
  -2.0409042235E+001   6.8809696310E-001
  -2.0254428279E+001   1.1186149859E+000
  -2.0099814323E+001   1.8061309600E+000
  -1.9945200366E+001   2.5055199559E+000
  -1.9790586410E+001   2.6374462291E+000
  -1.9635972454E+001   2.0643495960E+000
  -1.9481358497E+001   1.3215811245E+000
  -1.9326744541E+001   8.0447414608E-001
  -1.9172130585E+001   5.1637840770E-001
  -1.9017516628E+001   3.6089811716E-001
  -1.8862902672E+001   2.7679349297E-001
  -1.8708288716E+001   2.3224449963E-001
  -1.8553674759E+001   2.0907051515E-001
  -1.8399060803E+001   1.9685864440E-001
  -1.8244446847E+001   1.9008502408E-001
  -1.8089832890E+001   1.8598855381E-001
  -1.7935218934E+001   1.8321939035E-001
  -1.7780604978E+001   1.8113117661E-001
  -1.7625991021E+001   1.7944051617E-001
  -1.7471377065E+001   1.7805541185E-001
  -1.7316763109E+001   1.7697858019E-001
  -1.7162149152E+001   1.7624774501E-001
  -1.7007535196E+001   1.7589825397E-001
  -1.6852921240E+001   1.7594330826E-001
  -1.6698307283E+001   1.7636820498E-001
  -1.6543693327E+001   1.7713621324E-001
  -1.6389079371E+001   1.7820846089E-001
  -1.6234465414E+001   1.7958143277E-001
  -1.6079851458E+001   1.8134678868E-001
  -1.5925237502E+001   1.8378815812E-001
  -1.5770623545E+001   1.8755282957E-001
  -1.5616009589E+001   1.9399246552E-001
  -1.5461395633E+001   2.0587115295E-001
  -1.5306781676E+001   2.2871720885E-001
  -1.5152167720E+001   2.7294951209E-001
  -1.4997553764E+001   3.5675572023E-001
  -1.4842939807E+001   5.1196317244E-001
  -1.4688325851E+001   7.9981846182E-001
  -1.4533711895E+001   1.3167189707E+000
  -1.4379097938E+001   2.0592947636E+000
  -1.4224483982E+001   2.6321548608E+000
  -1.4069870026E+001   2.4998784794E+000
  -1.3915256069E+001   1.8000033623E+000
  -1.3760642113E+001   1.1119051941E+000
  -1.3606028157E+001   6.8076449108E-001
  -1.3451414200E+001   4.4578467111E-001
  -1.3296800244E+001   3.1839487204E-001
  -1.3142186288E+001   2.4959279788E-001
  -1.2987572331E+001   2.1324087657E-001
  -1.2832958375E+001   1.9415832747E-001
  -1.2678344419E+001   1.8385086190E-001
  -1.2523730462E+001   1.7792454753E-001
  -1.2369116506E+001   1.7421117425E-001
  -1.2214502550E+001   1.7165967403E-001
  -1.2059888594E+001   1.6977930935E-001
  -1.1905274637E+001   1.6837104154E-001
  -1.1750660681E+001   1.6738728507E-001
  -1.1596046725E+001   1.6685009156E-001
  -1.1441432768E+001   1.6679971194E-001
  -1.1286818812E+001   1.6726327407E-001
  -1.1132204856E+001   1.6823988015E-001
  -1.0977590899E+001   1.6969842219E-001
  -1.0822976943E+001   1.7158733365E-001
  -1.0668362987E+001   1.7385976112E-001
  -1.0513749030E+001   1.7651770225E-001
  -1.0359135074E+001   1.7968207719E-001
  -1.0204521118E+001   1.8370920651E-001
  -1.0049907161E+001   1.8940510210E-001
  -9.8952932049E+000   1.9846196148E-001
  -9.7406792486E+000   2.1435240474E-001
  -9.5860652923E+000   2.4394523005E-001
  -9.4314513359E+000   2.9986947223E-001
  -9.2768373796E+000   4.0388743679E-001
  -9.1222234233E+000   5.9531218065E-001
  -8.9676094670E+000   9.4943168369E-001
  -8.8129955106E+000   1.5569337021E+000
  -8.6583815543E+000   2.3104852550E+000
  -8.5037675980E+000   2.6886455394E+000
  -8.3491536417E+000   2.3113593255E+000
  -8.1945396853E+000   1.5586973961E+000
  -8.0399257290E+000   9.5210842488E-001
  -7.8853117727E+000   5.9892427376E-001
  -7.7306978164E+000   4.0844984776E-001
  -7.5760838600E+000   3.0538649664E-001
  -7.4214699037E+000   2.5040948426E-001
  -7.2668559474E+000   2.2174543620E-001
  -7.1122419910E+000   2.0675543865E-001
  -6.9576280347E+000   1.9856186618E-001
  -6.8030140784E+000   1.9368408390E-001
  -6.6484001221E+000   1.9042265691E-001
  -6.4937861657E+000   1.8796523248E-001
  -6.3391722094E+000   1.8595014920E-001
  -6.1845582531E+000   1.8425212192E-001
  -6.0299442968E+000   1.8286559707E-001
  -5.8753303404E+000   1.8183441832E-001
  -5.7207163841E+000   1.8120739522E-001
  -5.5661024278E+000   1.8101286672E-001
  -5.4114884714E+000   1.8124875947E-001
  -5.2568745151E+000   1.8188469752E-001
  -5.1022605588E+000   1.8287698074E-001
  -4.9476466025E+000   1.8420014920E-001
  -4.7930326461E+000   1.8589880156E-001
  -4.6384186898E+000   1.8816983894E-001
  -4.4838047335E+000   1.9150303683E-001
  -4.3291907772E+000   1.9694979058E-001
  -4.1745768208E+000   2.0667997378E-001
  -4.0199628645E+000   2.2509108661E-001
  -3.8653489082E+000   2.6068476568E-001
  -3.7107349518E+000   3.2865591176E-001
  -3.5561209955E+000   4.5516424213E-001
  -3.4015070392E+000   6.8923765616E-001
  -3.2468930829E+000   1.1194690624E+000
  -3.0922791265E+000   1.8066811597E+000
  -2.9376651702E+000   2.5057528280E+000
  -2.7830512139E+000   2.6373804760E+000
  -2.6284372576E+000   2.0639958390E+000
  -2.4738233012E+000   1.3208924407E+000
  -2.3192093449E+000   8.0338546735E-001
  -2.1645953886E+000   5.1484528535E-001
  -2.0099814323E+000   3.5889128682E-001
  -1.8553674759E+000   2.7428868692E-001
  -1.7007535196E+000   2.2922133304E-001
  -1.5461395633E+000   2.0551508404E-001
  -1.3915256069E+000   1.9276619717E-001
  -1.2369116506E+000   1.8546196899E-001
  -1.0822976943E+000   1.8085377613E-001
  -9.2768373796E-001   1.7760483178E-001
  -7.7306978164E-001   1.7508163018E-001
  -6.1845582531E-001   1.7301270079E-001
  -4.6384186898E-001   1.7131651227E-001
  -3.0922791265E-001   1.7000448929E-001
  -1.5461395633E-001   1.6912121590E-001
   0.0000000000E+000   1.6870709267E-001
   1.5461395633E-001   1.6877865470E-001
   3.0922791265E-001   1.6932288403E-001
   4.6384186898E-001   1.7030309569E-001
   6.1845582531E-001   1.7167876322E-001
   7.7306978164E-001   1.7344290881E-001
   9.2768373796E-001   1.7568182489E-001
   1.0822976943E+000   1.7867186232E-001
   1.2369116506E+000   1.8305125295E-001
   1.3915256069E+000   1.9016102066E-001
   1.5461395633E+000   2.0275298068E-001
   1.7007535196E+000   2.2634076092E-001
   1.8553674759E+000   2.7132441019E-001
   2.0099814323E+000   3.5586664892E-001
   2.1645953886E+000   5.1176187233E-001
   2.3192093449E+000   8.0021026266E-001
   2.4738233012E+000   1.3175479645E+000
   2.6284372576E+000   2.0603994139E+000
   2.7830512139E+000   2.6335786436E+000
   2.9376651702E+000   2.5019654125E+000
   3.0922791265E+000   1.8030777927E+000
   3.2468930829E+000   1.1160250553E+000
   3.4015070392E+000   6.8584911371E-001
   3.5561209955E+000   4.5175652171E-001
   3.7107349518E+000   3.2519699221E-001
   3.8653489082E+000   2.5717177172E-001
   4.0199628645E+000   2.2153810972E-001
   4.1745768208E+000   2.0310815813E-001
   4.3291907772E+000   1.9338034076E-001
   4.4838047335E+000   1.8795340496E-001
   4.6384186898E+000   1.8465204230E-001
   4.7930326461E+000   1.8241879071E-001
   4.9476466025E+000   1.8075771361E-001
   5.1022605588E+000   1.7946607347E-001
   5.2568745151E+000   1.7849416606E-001
   5.4114884714E+000   1.7786344343E-001
   5.5661024278E+000   1.7761499063E-001
   5.7207163841E+000   1.7777818115E-001
   5.8753303404E+000   1.7835586084E-001
   6.0299442968E+000   1.7932235751E-001
   6.1845582531E+000   1.8063348232E-001
   6.3391722094E+000   1.8225192080E-001
   6.4937861657E+000   1.8419146185E-001
   6.6484001221E+000   1.8658693666E-001
   6.8030140784E+000   1.8981028940E-001
   6.9576280347E+000   1.9468420742E-001
   7.1122419910E+000   2.0291768353E-001
   7.2668559474E+000   2.1799872961E-001
   7.4214699037E+000   2.4680726246E-001
   7.5760838600E+000   3.0197435923E-001
   7.7306978164E+000   4.0524934934E-001
   7.8853117727E+000   5.9591064131E-001
   8.0399257290E+000   9.4918054087E-001
   8.1945396853E+000   1.5556708522E+000
   8.3491536417E+000   2.3081223707E+000
   8.5037675980E+000   2.6854659180E+000
   8.6583815543E+000   2.3078876972E+000
   8.8129955106E+000   1.5551311505E+000
   8.9676094670E+000   9.4824748806E-001
   9.1222234233E+000   5.9451620247E-001
   9.2768373796E+000   4.0334972060E-001
   9.4314513359E+000   2.9954555457E-001
   9.5860652923E+000   2.4384345687E-001
   9.7406792486E+000   2.1450958796E-001
   9.8952932049E+000   1.9892428530E-001
   1.0049907161E+001   1.9021584185E-001
   1.0204521118E+001   1.8490281028E-001
   1.0359135074E+001   1.8128195326E-001
   1.0513749030E+001   1.7853557919E-001
   1.0668362987E+001   1.7629573637E-001
   1.0822976943E+001   1.7443043894E-001
   1.0977590899E+001   1.7292767318E-001
   1.1132204856E+001   1.7182569592E-001
   1.1286818812E+001   1.7116909230E-001
   1.1441432768E+001   1.7098363190E-001
   1.1596046725E+001   1.7126642453E-001
   1.1750660681E+001   1.7198796201E-001
   1.1905274637E+001   1.7310688700E-001
   1.2059888594E+001   1.7460121110E-001
   1.2214502550E+001   1.7651966243E-001
   1.2369116506E+001   1.7906338295E-001
   1.2523730462E+001   1.8272596341E-001
   1.2678344419E+001   1.8856173758E-001
   1.2832958375E+001   1.9874222062E-001
   1.2987572331E+001   2.1766455033E-001
   1.3142186288E+001   2.5382654164E-001
   1.3296800244E+001   3.2241371779E-001
   1.3451414200E+001   4.4956991934E-001
   1.3606028157E+001   6.8430415690E-001
   1.3760642113E+001   1.1151958484E+000
   1.3915256069E+001   1.8030615372E+000
   1.4069870026E+001   2.5027572445E+000
   1.4224483982E+001   2.6349361894E+000
   1.4379097938E+001   2.0620479835E+000
   1.4533711895E+001   1.3194680286E+000
   1.4688325851E+001   8.0254998223E-001
   1.4842939807E+001   5.1465206748E-001
   1.4997553764E+001   3.5937937027E-001
   1.5152167720E+001   2.7549016957E-001
   1.5306781676E+001   2.3116150102E-001
   1.5461395633E+001   2.0820963708E-001
   1.5616009589E+001   1.9621900531E-001
   1.5770623545E+001   1.8966376646E-001
   1.5925237502E+001   1.8578153941E-001
   1.6079851458E+001   1.8322179326E-001
   1.6234465414E+001   1.8133798550E-001
   1.6389079371E+001   1.7984697421E-001
   1.6543693327E+001   1.7865740457E-001
   1.6698307283E+001   1.7777296312E-001
   1.6852921240E+001   1.7723259830E-001
   1.7007535196E+001   1.7707305538E-001
   1.7162149152E+001   1.7730902026E-001
   1.7316763109E+001   1.7792727304E-001
   1.7471377065E+001   1.7889247461E-001
   1.7625991021E+001   1.8016696498E-001
   1.7780604978E+001   1.8174817285E-001
   1.7935218934E+001   1.8372834109E-001
   1.8089832890E+001   1.8639121504E-001
   1.8244446847E+001   1.9038358247E-001
   1.8399060803E+001   1.9705575645E-001
   1.8553674759E+001   2.0916930398E-001
   1.8708288716E+001   2.3224855258E-001
   1.8862902672E+001   2.7670693885E-001
   1.9017516628E+001   3.6072581951E-001
   1.9172130585E+001   5.1612616127E-001
   1.9326744541E+001   8.0414875356E-001
   1.9481358497E+001   1.3211907264E+000
   1.9635972454E+001   2.0639047655E+000
   1.9790586410E+001   2.6369605308E+000
   1.9945200366E+001   2.5050075220E+000
   2.0099814323E+001   1.8056023247E+000
   2.0254428279E+001   1.1180755592E+000
   2.0409042235E+001   6.8754892446E-001
   2.0563656191E+001   4.5318921893E-001
   2.0718270148E+001   3.2640490592E-001
   2.0872884104E+001   2.5817633486E-001
   2.1027498060E+001   2.2235035900E-001
   2.1182112017E+001   2.0373374802E-001
   2.1336725973E+001   1.9382203405E-001
   2.1491339929E+001   1.8821184773E-001
   2.1645953886E+001   1.8472568777E-001
   2.1800567842E+001   1.8230369176E-001
   2.1955181798E+001   1.8044751790E-001
   2.2109795755E+001   1.7895228300E-001
   2.2264409711E+001   1.7776662223E-001
   2.2419023667E+001   1.7691099295E-001
   2.2573637624E+001   1.7642630375E-001
   2.2728251580E+001   1.7634270395E-001
   2.2882865536E+001   1.7666488685E-001
   2.3037479493E+001   1.7737019181E-001
   2.3192093449E+001   1.7841864416E-001
   2.3346707405E+001   1.7977829660E-001
   2.3501321362E+001   1.8146929071E-001
   2.3655935318E+001   1.8363349246E-001
   2.3810549274E+001   1.8665013594E-001
   2.3965163231E+001   1.9134894648E-001
   2.4119777187E+001   1.9944513902E-001
   2.4274391143E+001   2.1443144322E-001
   2.4429005100E+001   2.4319004146E-001
   2.4583619056E+001   2.9835070045E-001
   2.4738233012E+001   4.0165754420E-001
   2.4892846969E+001   5.9238315668E-001
   2.5047460925E+001   9.4575365719E-001
   2.5202074881E+001   1.5524012577E+000
   2.5356688838E+001   2.3050603720E+000
   2.5511302794E+001   2.6825656143E+000
   2.5665916750E+001   2.3050481766E+000
   2.5820530707E+001   1.5523768189E+000
   2.5975144663E+001   9.4571688371E-001
   2.6129758619E+001   5.9233392126E-001
   2.6284372576E+001   4.0159568981E-001
   2.6438986532E+001   2.9827604371E-001
   2.6593600488E+001   2.4310237280E-001
   2.6748214445E+001   2.1433052523E-001
   2.6902828401E+001   1.9933070438E-001
   2.7057442357E+001   1.9122069643E-001
   2.7212056314E+001   1.8650773933E-001
   2.7366670270E+001   1.8347658499E-001
   2.7521284226E+001   1.8129747397E-001
   2.7675898183E+001   1.7959113675E-001
   2.7830512139E+001   1.7821567036E-001
   2.7985126095E+001   1.7715089448E-001
   2.8139740052E+001   1.7642871599E-001
   2.8294354008E+001   1.7608906782E-001
   2.8448967964E+001   1.7615456800E-001
   2.8603581920E+001   1.7662048074E-001
   2.8758195877E+001   1.7745661558E-001
   2.8912809833E+001   1.7862202604E-001
   2.9067423789E+001   1.8009622217E-001
   2.9222037746E+001   1.8193054445E-001
   2.9376651702E+001   1.8432986320E-001
   2.9531265658E+001   1.8779252310E-001
   2.9685879615E+001   1.9337841126E-001
   2.9840493571E+001   2.0326508423E-001
   2.9995107527E+001   2.2185600803E-001
   3.0149721484E+001   2.5765579672E-001
   3.0304335440E+001   3.2585787355E-001
   3.0458949396E+001   4.5261560970E-001
   3.0613563353E+001   6.8694889647E-001
   3.0768177309E+001   1.1174494636E+000
   3.0922791265E+001   1.8049503350E+000
   3.1077405222E+001   2.5043287161E+000
   3.1232019178E+001   2.6362521173E+000
   3.1386633134E+001   2.0631627376E+000
   3.1541247091E+001   1.3204116137E+000
   3.1695861047E+001   8.0333062712E-001
   3.1850475003E+001   5.1526838497E-001
   3.2005088960E+001   3.5982859706E-001
   3.2159702916E+001   2.7577120822E-001
   3.2314316872E+001   2.3127600207E-001
   3.2468930829E+001   2.0816234183E-001
   3.2623544785E+001   1.9601748029E-001
   3.2778158741E+001   1.8931779539E-001
   3.2932772698E+001   1.8530247530E-001
   3.3087386654E+001   1.8262201386E-001
   3.3242000610E+001   1.8063046491E-001
   3.3396614567E+001   1.7904493977E-001
   3.3551228523E+001   1.7777405339E-001
   3.3705842479E+001   1.7682122772E-001
   3.3860456436E+001   1.7622495899E-001
