               -753.0128936703
          0.000019316       0.000000000      -0.000000000
          0.000000000       0.000014867       0.000000000
         -0.000000000       0.000000000       0.000185528
           9
  1    79       0.000152711       0.000000004       0.000225750  Au
  1    79      -0.000641457       0.000000000      -0.000725751  Au
  1    79       0.002720425       0.000000002       0.003052915  Au
  1    79       0.012462991       0.000000002       0.007868810  Au
  1    79      -0.015053834      -0.000000006       0.000000023  Au
  1    79       0.012462986      -0.000000004      -0.007868844  Au
  1    79       0.002720371       0.000000008      -0.003053147  Au
  1    79      -0.000641713       0.000000000       0.000725594  Au
  1    79       0.000152918       0.000000002      -0.000225821  Au
