   0.00000000D+00   0.00000000D+00
   0.99998319D-01   0.57186406D-05
   0.29999496D+00   0.17290838D-04
   0.49999160D+00   0.29100836D-04
   0.59998992D+00   0.35006651D-04
   0.69998824D+00   0.41009608D-04
   0.79998655D+00   0.47106347D-04
   0.89998487D+00   0.53344586D-04
   0.99998319D+00   0.59737596D-04
   0.10999815D+01   0.66136012D-04
   0.11999798D+01   0.72635162D-04
   0.12999782D+01   0.79043661D-04
   0.13999765D+01   0.85905238D-04
   0.14499756D+01   0.88848482D-04
   0.14999748D+01   0.92282158D-04
   0.15499739D+01   0.95301598D-04
   0.15999731D+01   0.97914015D-04
   0.16999714D+01   0.10345418D-03
   0.17999697D+01   0.10831910D-03
   0.18999681D+01   0.11304233D-03
