# q1*q2/r  e1 e2                      e1(ev) e2(ev) e=e1+e2(ev)                                               
         0                       0                                      0                            0                         0
   0.002537770769731e-04   -0.001025095296824e-03               0.003653671124615e-03           -0.000014758468852        -0.000011104797728
   0.000794165431868e-04   -0.003905788425771e-03               0.001143373286977e-03           -0.000056232290798        -0.000055088917511
   0.013569745526294e-04   -0.015218584843210e-03               0.019536590140109e-03           -0.000219104517486        -0.000199567927346
   0.044858494135171e-04   -0.024421467145369e-03               0.064583526089208e-03           -0.000351599956915        -0.000287016430826
   0.069709113064162e-04   -0.037028823457844e-03               0.100361378798605e-03           -0.000533110179454        -0.000432748800655
   0.089122633670994e-04   -0.048715987539581e-03               0.128311349896980e-03           -0.000701372240170        -0.000573060890273
   0.147513910981905e-04   -0.081421332701638e-03               0.212378250810507e-03           -0.001172236577739        -0.000959858326929
   0.133546772504544e-04   -0.106338683776589e-03               0.192269527376188e-03           -0.001530975858727        -0.001338706331350
   0.174878488352611e-04   -0.139372597495443e-03               0.251775491636644e-03           -0.002006570652895        -0.001754795161258
   0.111295992254474e-04   -0.178726406063652e-03               0.160234706000876e-03           -0.002573154032782        -0.002412919326781
   0.130485169255138e-04   -0.213569164157743e-03               0.187861685848181e-03           -0.003074791062685        -0.002886929376837
   0.161090550861669e-04   -0.287799852588198e-03               0.231924766866895e-03           -0.004143502729292        -0.003911577962425
                   0e-04   -0.316695634497454e-03                               0e-03           -0.004559520146011        -0.004559520146011
                   0e-04   -0.333273220440559e-03                               0e-03           -0.004798190430178        -0.004798190430178
                   0e-04   -0.375313022855119e-03                               0e-03           -0.005403444513796        -0.005403444513796
                   0e-04   -0.409603605369514e-03                               0e-03           -0.005897131779302        -0.005897131779302
  -0.231503355159591e-04   -0.456209411786968e-03              -0.333299261732601e-03           -0.006568123388071        -0.006901422649804
                   0e-04   -0.575589822992802e-03                               0e-03           -0.008286863183130        -0.008286863183130
  -0.280348483972163e-04   -0.694483831753202e-03              -0.403622412605474e-03           -0.009998600160633        -0.010402222573238
                                                    