  -2.3810549274E+001   4.5418773729E-001
  -2.3655935318E+001   4.6597941044E-001
  -2.3501321362E+001   5.0236289169E-001
  -2.3346707405E+001   5.6649111245E-001
  -2.3192093449E+001   6.6377492728E-001
  -2.3037479493E+001   8.0203915014E-001
  -2.2882865536E+001   9.9207645457E-001
  -2.2728251580E+001   1.2474759890E+000
  -2.2573637624E+001   1.5813901238E+000
  -2.2419023667E+001   1.9982353191E+000
  -2.2264409711E+001   2.4798566619E+000
  -2.2109795755E+001   2.9732809883E+000
  -2.1955181798E+001   3.3989856253E+000
  -2.1800567842E+001   3.6902877080E+000
  -2.1645953886E+001   3.8363402890E+000
  -2.1491339929E+001   3.8827714850E+000
  -2.1336725973E+001   3.8883414677E+000
  -2.1182112017E+001   3.8873081170E+000
  -2.1027498060E+001   3.8883951125E+000
  -2.0872884104E+001   3.8858445080E+000
  -2.0718270148E+001   3.8527727217E+000
  -2.0563656191E+001   3.7344199617E+000
  -2.0409042235E+001   3.4769758423E+000
  -2.0254428279E+001   3.0764802912E+000
  -2.0099814323E+001   2.5909090277E+000
  -1.9945200366E+001   2.1011825088E+000
  -1.9790586410E+001   1.6671405305E+000
  -1.9635972454E+001   1.3142673400E+000
  -1.9481358497E+001   1.0426138782E+000
  -1.9326744541E+001   8.3956513098E-001
  -1.9172130585E+001   6.9060462778E-001
  -1.9017516628E+001   5.8485488953E-001
  -1.8862902672E+001   5.1419471606E-001
  -1.8708288716E+001   4.7197755138E-001
  -1.8553674759E+001   4.5454970915E-001
  -1.8399060803E+001   4.6121424383E-001
  -1.8244446847E+001   4.9226305235E-001
  -1.8089832890E+001   5.4964081662E-001
  -1.7935218934E+001   6.3872966539E-001
  -1.7780604978E+001   7.6732046017E-001
  -1.7625991021E+001   9.4485789995E-001
  -1.7471377065E+001   1.1841762228E+000
  -1.7316763109E+001   1.4998135893E+000
  -1.7162149152E+001   1.8991249447E+000
  -1.7007535196E+001   2.3694634842E+000
  -1.6852921240E+001   2.8662460356E+000
  -1.6698307283E+001   3.3142527306E+000
  -1.6543693327E+001   3.6390478886E+000
  -1.6389079371E+001   3.8146380647E+000
  -1.6234465414E+001   3.8776003377E+000
  -1.6079851458E+001   3.8885371951E+000
  -1.5925237502E+001   3.8875955947E+000
  -1.5770623545E+001   3.8878046741E+000
  -1.5616009589E+001   3.8874514750E+000
  -1.5461395633E+001   3.8655076517E+000
  -1.5306781676E+001   3.7714641159E+000
  -1.5152167720E+001   3.5472517762E+000
  -1.4997553764E+001   3.1755620726E+000
  -1.4842939807E+001   2.7021290663E+000
  -1.4688325851E+001   2.2066802196E+000
  -1.4533711895E+001   1.7567889335E+000
  -1.4379097938E+001   1.3855486326E+000
  -1.4224483982E+001   1.0967002501E+000
  -1.4069870026E+001   8.7934524669E-001
  -1.3915256069E+001   7.1951149346E-001
  -1.3760642113E+001   6.0524569971E-001
  -1.3606028157E+001   5.2728541607E-001
  -1.3451414200E+001   4.7897951632E-001
  -1.3296800244E+001   4.5641716186E-001
  -1.3142186288E+001   4.5781377729E-001
  -1.2987572331E+001   4.8304049607E-001
  -1.2832958375E+001   5.3423298307E-001
  -1.2678344419E+001   6.1602094845E-001
  -1.2523730462E+001   7.3501187926E-001
  -1.2369116506E+001   9.0038533443E-001
  -1.2214502550E+001   1.1248599598E+000
  -1.2059888594E+001   1.4226771390E+000
  -1.1905274637E+001   1.8032833463E+000
  -1.1750660681E+001   2.2603281187E+000
  -1.1596046725E+001   2.7572975426E+000
  -1.1441432768E+001   3.2233783625E+000
  -1.1286818812E+001   3.5796809241E+000
  -1.1132204856E+001   3.7872207023E+000
  -1.0977590899E+001   3.8703454836E+000
  -1.0822976943E+001   3.8880825211E+000
  -1.0668362987E+001   3.8875904499E+000
  -1.0513749030E+001   3.8875499388E+000
  -1.0359135074E+001   3.8884261565E+000
  -1.0204521118E+001   3.8742610316E+000
  -1.0049907161E+001   3.8015813815E+000
  -9.8952932049E+000   3.6103898633E+000
  -9.7406792486E+000   3.2696774215E+000
  -9.5860652923E+000   2.8119873108E+000
  -9.4314513359E+000   2.3146255459E+000
  -9.2768373796E+000   1.8508048539E+000
  -9.1222234233E+000   1.4607828820E+000
  -8.9676094670E+000   1.1540464903E+000
  -8.8129955106E+000   9.2231932080E-001
  -8.6583815543E+000   7.5098601747E-001
  -8.5037675980E+000   6.2712505040E-001
  -8.3491536417E+000   5.4168976086E-001
  -8.1945396853E+000   4.8756319616E-001
  -8.0399257290E+000   4.5946147647E-001
  -7.8853117727E+000   4.5533379075E-001
  -7.7306978164E+000   4.7533793043E-001
  -7.5760838600E+000   5.2063011308E-001
  -7.4214699037E+000   5.9481624362E-001
  -7.2668559474E+000   7.0473435998E-001
  -7.1122419910E+000   8.5919044980E-001
  -6.9576280347E+000   1.0693314190E+000
  -6.8030140784E+000   1.3493612933E+000
  -6.6484001221E+000   1.7113955822E+000
  -6.4937861657E+000   2.1536337455E+000
  -6.3391722094E+000   2.6465794891E+000
  -6.1845582531E+000   3.1265100886E+000
  -6.0299442968E+000   3.5130131279E+000
  -5.8753303404E+000   3.7537971076E+000
  -5.7207163841E+000   3.8594523034E+000
  -5.5661024278E+000   3.8865506220E+000
  -5.4114884714E+000   3.8880157239E+000
  -5.2568745151E+000   3.8873943396E+000
  -5.1022605588E+000   3.8883049120E+000
  -4.9476466025E+000   3.8802765586E+000
  -4.7930326461E+000   3.8260823448E+000
  -4.6384186898E+000   3.6655018678E+000
  -4.4838047335E+000   3.3572802487E+000
  -4.3291907772E+000   2.9201092559E+000
  -4.1745768208E+000   2.4246246615E+000
  -4.0199628645E+000   1.9482351692E+000
  -3.8653489082E+000   1.5400035709E+000
  -3.7107349518E+000   1.2153763282E+000
  -3.5561209955E+000   9.6813229090E-001
  -3.4015070392E+000   7.8434891528E-001
  -3.2468930829E+000   6.5102536129E-001
  -3.0922791265E+000   5.5795550725E-001
  -2.9376651702E+000   4.9713181926E-001
  -2.7830512139E+000   4.6334567092E-001
  -2.6284372576E+000   4.5422620640E-001
  -2.4738233012E+000   4.6889182868E-001
  -2.3192093449E+000   5.0807598146E-001
  -2.1645953886E+000   5.7541371664E-001
  -2.0099814323E+000   6.7694901326E-001
  -1.8553674759E+000   8.2043491503E-001
  -1.7007535196E+000   1.0168156495E+000
  -1.5461395633E+000   1.2803708244E+000
  -1.3915256069E+000   1.6238304490E+000
  -1.2369116506E+000   2.0492833008E+000
  -1.0822976943E+000   2.5352467684E+000
  -9.2768373796E-001   3.0253736479E+000
  -7.7306978164E-001   3.4388917781E+000
  -6.1845582531E-001   3.7131675843E+000
  -4.6384186898E-001   3.8450683134E+000
  -3.0922791265E-001   3.8845412673E+000
  -1.5461395633E-001   3.8883050484E+000
   0.0000000000E+000   3.8870869722E+000
   1.5461395633E-001   3.8883050482E+000
   3.0922791265E-001   3.8845412670E+000
   4.6384186898E-001   3.8450683129E+000
   6.1845582531E-001   3.7131675835E+000
   7.7306978164E-001   3.4388917770E+000
   9.2768373796E-001   3.0253736465E+000
   1.0822976943E+000   2.5352467667E+000
   1.2369116506E+000   2.0492832988E+000
   1.3915256069E+000   1.6238304469E+000
   1.5461395633E+000   1.2803708222E+000
   1.7007535196E+000   1.0168156472E+000
   1.8553674759E+000   8.2043491268E-001
   2.0099814323E+000   6.7694901087E-001
   2.1645953886E+000   5.7541371420E-001
   2.3192093449E+000   5.0807597895E-001
   2.4738233012E+000   4.6889182607E-001
   2.6284372576E+000   4.5422620366E-001
   2.7830512139E+000   4.6334566799E-001
   2.9376651702E+000   4.9713181606E-001
   3.0922791265E+000   5.5795550366E-001
   3.2468930829E+000   6.5102535718E-001
   3.4015070392E+000   7.8434891045E-001
   3.5561209955E+000   9.6813228507E-001
   3.7107349518E+000   1.2153763210E+000
   3.8653489082E+000   1.5400035618E+000
   4.0199628645E+000   1.9482351578E+000
   4.1745768208E+000   2.4246246474E+000
   4.3291907772E+000   2.9201092391E+000
   4.4838047335E+000   3.3572802296E+000
   4.6384186898E+000   3.6655018472E+000
   4.7930326461E+000   3.8260823232E+000
   4.9476466025E+000   3.8802765358E+000
   5.1022605588E+000   3.8883048881E+000
   5.2568745151E+000   3.8873943150E+000
   5.4114884714E+000   3.8880156997E+000
   5.5661024278E+000   3.8865505988E+000
   5.7207163841E+000   3.8594522815E+000
   5.8753303404E+000   3.7537970867E+000
   6.0299442968E+000   3.5130131083E+000
   6.1845582531E+000   3.1265100708E+000
   6.3391722094E+000   2.6465794737E+000
   6.4937861657E+000   2.1536337328E+000
   6.6484001221E+000   1.7113955719E+000
   6.8030140784E+000   1.3493612849E+000
   6.9576280347E+000   1.0693314121E+000
   7.1122419910E+000   8.5919044407E-001
   7.2668559474E+000   7.0473435508E-001
   7.4214699037E+000   5.9481623935E-001
   7.5760838600E+000   5.2063010929E-001
   7.7306978164E+000   4.7533792702E-001
   7.8853117727E+000   4.5533378763E-001
   8.0399257290E+000   4.5946147357E-001
   8.1945396853E+000   4.8756319344E-001
   8.3491536417E+000   5.4168975827E-001
   8.5037675980E+000   6.2712504794E-001
   8.6583815543E+000   7.5098601512E-001
   8.8129955106E+000   9.2231931856E-001
   8.9676094670E+000   1.1540464882E+000
   9.1222234233E+000   1.4607828800E+000
   9.2768373796E+000   1.8508048522E+000
   9.4314513359E+000   2.3146255443E+000
   9.5860652923E+000   2.8119873094E+000
   9.7406792486E+000   3.2696774204E+000
   9.8952932049E+000   3.6103898626E+000
   1.0049907161E+001   3.8015813811E+000
   1.0204521118E+001   3.8742610314E+000
   1.0359135074E+001   3.8884261565E+000
   1.0513749030E+001   3.8875499388E+000
   1.0668362987E+001   3.8875904499E+000
   1.0822976943E+001   3.8880825210E+000
   1.0977590899E+001   3.8703454834E+000
   1.1132204856E+001   3.7872207020E+000
   1.1286818812E+001   3.5796809237E+000
   1.1441432768E+001   3.2233783622E+000
   1.1596046725E+001   2.7572975423E+000
   1.1750660681E+001   2.2603281184E+000
   1.1905274637E+001   1.8032833460E+000
   1.2059888594E+001   1.4226771387E+000
   1.2214502550E+001   1.1248599596E+000
   1.2369116506E+001   9.0038533421E-001
   1.2523730462E+001   7.3501187907E-001
   1.2678344419E+001   6.1602094829E-001
   1.2832958375E+001   5.3423298293E-001
   1.2987572331E+001   4.8304049595E-001
   1.3142186288E+001   4.5781377719E-001
   1.3296800244E+001   4.5641716178E-001
   1.3451414200E+001   4.7897951625E-001
   1.3606028157E+001   5.2728541601E-001
   1.3760642113E+001   6.0524569965E-001
   1.3915256069E+001   7.1951149342E-001
   1.4069870026E+001   8.7934524665E-001
   1.4224483982E+001   1.0967002500E+000
   1.4379097938E+001   1.3855486326E+000
   1.4533711895E+001   1.7567889335E+000
   1.4688325851E+001   2.2066802196E+000
   1.4842939807E+001   2.7021290663E+000
   1.4997553764E+001   3.1755620726E+000
   1.5152167720E+001   3.5472517762E+000
   1.5306781676E+001   3.7714641159E+000
   1.5461395633E+001   3.8655076517E+000
   1.5616009589E+001   3.8874514750E+000
   1.5770623545E+001   3.8878046741E+000
   1.5925237502E+001   3.8875955947E+000
   1.6079851458E+001   3.8885371951E+000
   1.6234465414E+001   3.8776003377E+000
   1.6389079371E+001   3.8146380647E+000
   1.6543693327E+001   3.6390478886E+000
   1.6698307283E+001   3.3142527306E+000
   1.6852921240E+001   2.8662460356E+000
   1.7007535196E+001   2.3694634843E+000
   1.7162149152E+001   1.8991249447E+000
   1.7316763109E+001   1.4998135893E+000
   1.7471377065E+001   1.1841762229E+000
   1.7625991021E+001   9.4485789997E-001
   1.7780604978E+001   7.6732046019E-001
   1.7935218934E+001   6.3872966541E-001
   1.8089832890E+001   5.4964081663E-001
   1.8244446847E+001   4.9226305237E-001
   1.8399060803E+001   4.6121424385E-001
   1.8553674759E+001   4.5454970917E-001
   1.8708288716E+001   4.7197755140E-001
   1.8862902672E+001   5.1419471608E-001
   1.9017516628E+001   5.8485488955E-001
   1.9172130585E+001   6.9060462781E-001
   1.9326744541E+001   8.3956513100E-001
   1.9481358497E+001   1.0426138782E+000
   1.9635972454E+001   1.3142673400E+000
   1.9790586410E+001   1.6671405305E+000
   1.9945200366E+001   2.1011825089E+000
   2.0099814323E+001   2.5909090277E+000
   2.0254428279E+001   3.0764802913E+000
   2.0409042235E+001   3.4769758423E+000
   2.0563656191E+001   3.7344199618E+000
   2.0718270148E+001   3.8527727217E+000
   2.0872884104E+001   3.8858445080E+000
   2.1027498060E+001   3.8883951125E+000
   2.1182112017E+001   3.8873081171E+000
   2.1336725973E+001   3.8883414677E+000
   2.1491339929E+001   3.8827714851E+000
   2.1645953886E+001   3.8363402890E+000
   2.1800567842E+001   3.6902877080E+000
   2.1955181798E+001   3.3989856254E+000
   2.2109795755E+001   2.9732809884E+000
   2.2264409711E+001   2.4798566619E+000
   2.2419023667E+001   1.9982353191E+000
   2.2573637624E+001   1.5813901238E+000
   2.2728251580E+001   1.2474759890E+000
   2.2882865536E+001   9.9207645457E-001
   2.3037479493E+001   8.0203915014E-001
   2.3192093449E+001   6.6377492728E-001
   2.3346707405E+001   5.6649111245E-001
   2.3501321362E+001   5.0236289169E-001
   2.3655935318E+001   4.6597941044E-001
