  -2.3810549274E+001   4.5423012800E-001
  -2.3655935318E+001   4.6602166707E-001
  -2.3501321362E+001   5.0240475557E-001
  -2.3346707405E+001   5.6653230037E-001
  -2.3192093449E+001   6.6381511201E-001
  -2.3037479493E+001   8.0207801723E-001
  -2.2882865536E+001   9.9211366571E-001
  -2.2728251580E+001   1.2475111177E+000
  -2.2573637624E+001   1.5814227711E+000
  -2.2419023667E+001   1.9982651971E+000
  -2.2264409711E+001   2.4798835363E+000
  -2.2109795755E+001   2.9733048593E+000
  -2.1955181798E+001   3.3990070698E+000
  -2.1800567842E+001   3.6903078069E+000
  -2.1645953886E+001   3.8363602092E+000
  -2.1491339929E+001   3.8827920380E+000
  -2.1336725973E+001   3.8883624455E+000
  -2.1182112017E+001   3.8873277918E+000
  -2.1027498060E+001   3.8884109372E+000
  -2.0872884104E+001   3.8858545804E+000
  -2.0718270148E+001   3.8527764470E+000
  -2.0563656191E+001   3.7344178163E+000
  -2.0409042235E+001   3.4769690475E+000
  -2.0254428279E+001   3.0764702185E+000
  -2.0099814323E+001   2.5908964185E+000
  -1.9945200366E+001   2.1011675309E+000
  -1.9790586410E+001   1.6671233672E+000
  -1.9635972454E+001   1.3142480780E+000
  -1.9481358497E+001   1.0425922428E+000
  -1.9326744541E+001   8.3954098454E-001
  -1.9172130585E+001   6.9057818072E-001
  -1.9017516628E+001   5.8482612851E-001
  -1.8862902672E+001   5.1416344682E-001
  -1.8708288716E+001   4.7194399357E-001
  -1.8553674759E+001   4.5451417123E-001
  -1.8399060803E+001   4.6117660875E-001
  -1.8244446847E+001   4.9222333899E-001
  -1.8089832890E+001   5.4959946367E-001
  -1.7935218934E+001   6.3868677229E-001
  -1.7780604978E+001   7.6727577833E-001
  -1.7625991021E+001   9.4481160602E-001
  -1.7471377065E+001   1.1841285474E+000
  -1.7316763109E+001   1.4997641413E+000
  -1.7162149152E+001   1.8990734583E+000
  -1.7007535196E+001   2.3694103642E+000
  -1.6852921240E+001   2.8661915712E+000
  -1.6698307283E+001   3.3141971106E+000
  -1.6543693327E+001   3.6389920740E+000
  -1.6389079371E+001   3.8145830590E+000
  -1.6234465414E+001   3.8775459919E+000
  -1.6079851458E+001   3.8884830509E+000
  -1.5925237502E+001   3.8875417609E+000
  -1.5770623545E+001   3.8877508982E+000
  -1.5616009589E+001   3.8873970528E+000
  -1.5461395633E+001   3.8654527988E+000
  -1.5306781676E+001   3.7714097779E+000
  -1.5152167720E+001   3.5471985699E+000
  -1.4997553764E+001   3.1755110722E+000
  -1.4842939807E+001   2.7020823127E+000
  -1.4688325851E+001   2.2066391122E+000
  -1.4533711895E+001   1.7567539421E+000
  -1.4379097938E+001   1.3855210564E+000
  -1.4224483982E+001   1.0966820064E+000
  -1.4069870026E+001   8.7933746593E-001
  -1.3915256069E+001   7.1951570906E-001
  -1.3760642113E+001   6.0526512697E-001
  -1.3606028157E+001   5.2732342012E-001
  -1.3451414200E+001   4.7903924244E-001
  -1.3296800244E+001   4.5650367678E-001
  -1.3142186288E+001   4.5793386557E-001
  -1.2987572331E+001   4.8320075903E-001
  -1.2832958375E+001   5.3444106581E-001
  -1.2678344419E+001   6.1628695217E-001
  -1.2523730462E+001   7.3534589608E-001
  -1.2369116506E+001   9.0079579459E-001
  -1.2214502550E+001   1.1253547573E+000
  -1.2059888594E+001   1.4232610877E+000
  -1.1905274637E+001   1.8039516975E+000
  -1.1750660681E+001   2.2610618743E+000
  -1.1596046725E+001   2.7580577461E+000
  -1.1441432768E+001   3.2240967924E+000
  -1.1286818812E+001   3.5802591238E+000
  -1.1132204856E+001   3.7875481219E+000
  -1.0977590899E+001   3.8703324053E+000
  -1.0822976943E+001   3.8877007636E+000
  -1.0668362987E+001   3.8869125615E+000
  -1.0513749030E+001   3.8867629685E+000
  -1.0359135074E+001   3.8878015148E+000
  -1.0204521118E+001   3.8740937431E+000
  -1.0049907161E+001   3.8021255893E+000
  -9.8952932049E+000   3.6118079072E+000
  -9.7406792486E+000   3.2720196811E+000
  -9.5860652923E+000   2.8152134107E+000
  -9.4314513359E+000   2.3186456854E+000
  -9.2768373796E+000   1.8555093943E+000
  -9.1222234233E+000   1.4660569662E+000
  -8.9676094670E+000   1.1597780625E+000
  -8.8129955106E+000   9.2839523292E-001
  -8.6583815543E+000   7.5728088025E-001
  -8.5037675980E+000   6.3350149846E-001
  -8.3491536417E+000   5.4800579168E-001
  -8.1945396853E+000   4.9366963727E-001
  -8.0399257290E+000   4.6519941038E-001
  -7.8853117727E+000   4.6054353589E-001
  -7.7306978164E+000   4.7986304606E-001
  -7.5760838600E+000   5.2431290487E-001
  -7.4214699037E+000   5.9750774842E-001
  -7.2668559474E+000   7.0631590922E-001
  -7.1122419910E+000   8.5958508980E-001
  -6.9576280347E+000   1.0685135615E+000
  -6.8030140784E+000   1.3473638325E+000
  -6.6484001221E+000   1.7082642420E+000
  -6.4937861657E+000   2.1493117890E+000
  -6.3391722094E+000   2.6408303032E+000
  -6.1845582531E+000   3.1191095965E+000
  -6.0299442968E+000   3.5044206151E+000
  -5.8753303404E+000   3.7460252170E+000
  -5.7207163841E+000   3.8560543203E+000
  -5.5661024278E+000   3.8908038020E+000
  -5.4114884714E+000   3.9002467353E+000
  -5.2568745151E+000   3.9040344371E+000
  -5.1022605588E+000   3.9040654426E+000
  -4.9476466025E+000   3.8916133916E+000
  -4.7930326461E+000   3.8327178237E+000
  -4.6384186898E+000   3.6690431471E+000
  -4.4838047335E+000   3.3590143118E+000
  -4.3291907772E+000   2.9201689997E+000
  -4.1745768208E+000   2.4225476063E+000
  -4.0199628645E+000   1.9437165914E+000
  -3.8653489082E+000   1.5331795999E+000
  -3.7107349518E+000   1.2067161990E+000
  -3.5561209955E+000   9.5821030092E-001
  -3.4015070392E+000   7.7369917202E-001
  -3.2468930829E+000   6.4011600570E-001
  -3.0922791265E+000   5.4717915223E-001
  -2.9376651702E+000   4.8678287616E-001
  -2.7830512139E+000   4.5364923122E-001
  -2.6284372576E+000   4.4538641440E-001
  -2.4738233012E+000   4.6108572233E-001
  -2.3192093449E+000   5.0144463874E-001
  -2.1645953886E+000   5.7009491094E-001
  -2.0099814323E+000   6.7306581044E-001
  -1.8553674759E+000   8.1802290543E-001
  -1.7007535196E+000   1.0157868040E+000
  -1.5461395633E+000   1.2804770862E+000
  -1.3915256069E+000   1.6244952777E+000
  -1.2369116506E+000   2.0493698324E+000
  -1.0822976943E+000   2.5330200818E+000
  -9.2768373796E-001   3.0190286778E+000
  -7.7306978164E-001   3.4280939814E+000
  -6.1845582531E-001   3.7011658530E+000
  -4.6384186898E-001   3.8389851202E+000
  -3.0922791265E-001   3.8914863210E+000
  -1.5461395633E-001   3.9091787354E+000
   0.0000000000E+000   3.9139920788E+000
   1.5461395633E-001   3.9091787350E+000
   3.0922791265E-001   3.8914863203E+000
   4.6384186898E-001   3.8389851193E+000
   6.1845582531E-001   3.7011658521E+000
   7.7306978164E-001   3.4280939805E+000
   9.2768373796E-001   3.0190286770E+000
   1.0822976943E+000   2.5330200811E+000
   1.2369116506E+000   2.0493698319E+000
   1.3915256069E+000   1.6244952773E+000
   1.5461395633E+000   1.2804770860E+000
   1.7007535196E+000   1.0157868040E+000
   1.8553674759E+000   8.1802290564E-001
   2.0099814323E+000   6.7306581081E-001
   2.1645953886E+000   5.7009491147E-001
   2.3192093449E+000   5.0144463939E-001
   2.4738233012E+000   4.6108572307E-001
   2.6284372576E+000   4.4538641521E-001
   2.7830512139E+000   4.5364923207E-001
   2.9376651702E+000   4.8678287703E-001
   3.0922791265E+000   5.4717915310E-001
   3.2468930829E+000   6.4011600655E-001
   3.4015070392E+000   7.7369917283E-001
   3.5561209955E+000   9.5821030167E-001
   3.7107349518E+000   1.2067161997E+000
   3.8653489082E+000   1.5331796005E+000
   4.0199628645E+000   1.9437165917E+000
   4.1745768208E+000   2.4225476064E+000
   4.3291907772E+000   2.9201689996E+000
   4.4838047335E+000   3.3590143114E+000
   4.6384186898E+000   3.6690431464E+000
   4.7930326461E+000   3.8327178226E+000
   4.9476466025E+000   3.8916133902E+000
   5.1022605588E+000   3.9040654408E+000
   5.2568745151E+000   3.9040344351E+000
   5.4114884714E+000   3.9002467334E+000
   5.5661024278E+000   3.8908038003E+000
   5.7207163841E+000   3.8560543189E+000
   5.8753303404E+000   3.7460252158E+000
   6.0299442968E+000   3.5044206142E+000
   6.1845582531E+000   3.1191095956E+000
   6.3391722094E+000   2.6408303023E+000
   6.4937861657E+000   2.1493117880E+000
   6.6484001221E+000   1.7082642410E+000
   6.8030140784E+000   1.3473638313E+000
   6.9576280347E+000   1.0685135602E+000
   7.1122419910E+000   8.5958508837E-001
   7.2668559474E+000   7.0631590772E-001
   7.4214699037E+000   5.9750774688E-001
   7.5760838600E+000   5.2431290330E-001
   7.7306978164E+000   4.7986304449E-001
   7.8853117727E+000   4.6054353434E-001
   8.0399257290E+000   4.6519940886E-001
   8.1945396853E+000   4.9366963579E-001
   8.3491536417E+000   5.4800579026E-001
   8.5037675980E+000   6.3350149712E-001
   8.6583815543E+000   7.5728087901E-001
   8.8129955106E+000   9.2839523180E-001
   8.9676094670E+000   1.1597780616E+000
   9.1222234233E+000   1.4660569654E+000
   9.2768373796E+000   1.8555093937E+000
   9.4314513359E+000   2.3186456849E+000
   9.5860652923E+000   2.8152134103E+000
   9.7406792486E+000   3.2720196809E+000
   9.8952932049E+000   3.6118079071E+000
   1.0049907161E+001   3.8021255893E+000
   1.0204521118E+001   3.8740937432E+000
   1.0359135074E+001   3.8878015152E+000
   1.0513749030E+001   3.8867629691E+000
   1.0668362987E+001   3.8869125625E+000
   1.0822976943E+001   3.8877007649E+000
   1.0977590899E+001   3.8703324070E+000
   1.1132204856E+001   3.7875481239E+000
   1.1286818812E+001   3.5802591261E+000
   1.1441432768E+001   3.2240967950E+000
   1.1596046725E+001   2.7580577488E+000
   1.1750660681E+001   2.2610618772E+000
   1.1905274637E+001   1.8039517005E+000
   1.2059888594E+001   1.4232610907E+000
   1.2214502550E+001   1.1253547605E+000
   1.2369116506E+001   9.0079579786E-001
   1.2523730462E+001   7.3534589943E-001
   1.2678344419E+001   6.1628695560E-001
   1.2832958375E+001   5.3444106931E-001
   1.2987572331E+001   4.8320076259E-001
   1.3142186288E+001   4.5793386919E-001
   1.3296800244E+001   4.5650368045E-001
   1.3451414200E+001   4.7903924616E-001
   1.3606028157E+001   5.2732342388E-001
   1.3760642113E+001   6.0526513076E-001
   1.3915256069E+001   7.1951571288E-001
   1.4069870026E+001   8.7933746976E-001
   1.4224483982E+001   1.0966820103E+000
   1.4379097938E+001   1.3855210603E+000
   1.4533711895E+001   1.7567539460E+000
   1.4688325851E+001   2.2066391160E+000
   1.4842939807E+001   2.7020823166E+000
   1.4997553764E+001   3.1755110761E+000
   1.5152167720E+001   3.5471985738E+000
   1.5306781676E+001   3.7714097817E+000
   1.5461395633E+001   3.8654528026E+000
   1.5616009589E+001   3.8873970567E+000
   1.5770623545E+001   3.8877509020E+000
   1.5925237502E+001   3.8875417647E+000
   1.6079851458E+001   3.8884830546E+000
   1.6234465414E+001   3.8775459956E+000
   1.6389079371E+001   3.8145830627E+000
   1.6543693327E+001   3.6389920777E+000
   1.6698307283E+001   3.3141971142E+000
   1.6852921240E+001   2.8661915748E+000
   1.7007535196E+001   2.3694103677E+000
   1.7162149152E+001   1.8990734617E+000
   1.7316763109E+001   1.4997641447E+000
   1.7471377065E+001   1.1841285508E+000
   1.7625991021E+001   9.4481160935E-001
   1.7780604978E+001   7.6727578160E-001
   1.7935218934E+001   6.3868677550E-001
   1.8089832890E+001   5.4959946682E-001
   1.8244446847E+001   4.9222334208E-001
   1.8399060803E+001   4.6117661178E-001
   1.8553674759E+001   4.5451417419E-001
   1.8708288716E+001   4.7194399645E-001
   1.8862902672E+001   5.1416344964E-001
   1.9017516628E+001   5.8482613126E-001
   1.9172130585E+001   6.9057818339E-001
   1.9326744541E+001   8.3954098714E-001
   1.9481358497E+001   1.0425922454E+000
   1.9635972454E+001   1.3142480805E+000
   1.9790586410E+001   1.6671233696E+000
   1.9945200366E+001   2.1011675332E+000
   2.0099814323E+001   2.5908964208E+000
   2.0254428279E+001   3.0764702206E+000
   2.0409042235E+001   3.4769690495E+000
   2.0563656191E+001   3.7344178183E+000
   2.0718270148E+001   3.8527764489E+000
   2.0872884104E+001   3.8858545822E+000
   2.1027498060E+001   3.8884109389E+000
   2.1182112017E+001   3.8873277934E+000
   2.1336725973E+001   3.8883624470E+000
   2.1491339929E+001   3.8827920395E+000
   2.1645953886E+001   3.8363602106E+000
   2.1800567842E+001   3.6903078082E+000
   2.1955181798E+001   3.3990070709E+000
   2.2109795755E+001   2.9733048604E+000
   2.2264409711E+001   2.4798835373E+000
   2.2419023667E+001   1.9982651980E+000
   2.2573637624E+001   1.5814227719E+000
   2.2728251580E+001   1.2475111184E+000
   2.2882865536E+001   9.9211366627E-001
   2.3037479493E+001   8.0207801770E-001
   2.3192093449E+001   6.6381511239E-001
   2.3346707405E+001   5.6653230065E-001
   2.3501321362E+001   5.0240475575E-001
   2.3655935318E+001   4.6602166716E-001
