  -3.4015070392E+001   1.7635643147E-001
  -3.3860456436E+001   1.7656181471E-001
  -3.3705842479E+001   1.7716392177E-001
  -3.3551228523E+001   1.7812642782E-001
  -3.3396614567E+001   1.7941056539E-001
  -3.3242000610E+001   1.8101256895E-001
  -3.3087386654E+001   1.8302342964E-001
  -3.2932772698E+001   1.8572560259E-001
  -3.2778158741E+001   1.8976455559E-001
  -3.2623544785E+001   1.9648925272E-001
  -3.2468930829E+001   2.0865987516E-001
  -3.2314316872E+001   2.3179930014E-001
  -3.2159702916E+001   2.7631938787E-001
  -3.2005088960E+001   3.6039972821E-001
  -3.1850475003E+001   5.1585947280E-001
  -3.1695861047E+001   8.0393841201E-001
  -3.1541247091E+001   1.3210349998E+000
  -3.1386633134E+001   2.0638034173E+000
  -3.1232019178E+001   2.6369055080E+000
  -3.1077405222E+001   2.5049777658E+000
  -3.0922791265E+001   1.8055813688E+000
  -3.0768177309E+001   1.1180614628E+000
  -3.0613563353E+001   6.8754306054E-001
  -3.0458949396E+001   4.5318978729E-001
  -3.0304335440E+001   3.2640869450E-001
  -3.0149721484E+001   2.5818058136E-001
  -2.9995107527E+001   2.2235317526E-001
  -2.9840493571E+001   2.0373404579E-001
  -2.9685879615E+001   1.9381941278E-001
  -2.9531265658E+001   1.8820651158E-001
  -2.9376651702E+001   1.8471838147E-001
  -2.9222037746E+001   1.8229565102E-001
  -2.9067423789E+001   1.8044043491E-001
  -2.8912809833E+001   1.7894828083E-001
  -2.8758195877E+001   1.7776822476E-001
  -2.8603581920E+001   1.7692107626E-001
  -2.8448967964E+001   1.7644802064E-001
  -2.8294354008E+001   1.7637938259E-001
  -2.8139740052E+001   1.7671991205E-001
  -2.7985126095E+001   1.7744688268E-001
  -2.7830512139E+001   1.7852014230E-001
  -2.7675898183E+001   1.7990747549E-001
  -2.7521284226E+001   1.8162868968E-001
  -2.7366670270E+001   1.8382526980E-001
  -2.7212056314E+001   1.8687602763E-001
  -2.7057442357E+001   1.9161021488E-001
  -2.6902828401E+001   1.9974250014E-001
  -2.6748214445E+001   2.1476496890E-001
  -2.6593600488E+001   2.4355903532E-001
  -2.6438986532E+001   2.9875354468E-001
  -2.6284372576E+001   4.0209155102E-001
  -2.6129758619E+001   5.9284470966E-001
  -2.5975144663E+001   9.4623952880E-001
  -2.5820530707E+001   1.5529112301E+000
  -2.5665916750E+001   2.3055951977E+000
  -2.5511302794E+001   2.6831158684E+000
  -2.5356688838E+001   2.3055952849E+000
  -2.5202074881E+001   1.5529114075E+000
  -2.5047460925E+001   9.4623980028E-001
  -2.4892846969E+001   5.9284507757E-001
  -2.4738233012E+001   4.0209201328E-001
  -2.4583619056E+001   2.9875409272E-001
  -2.4429005100E+001   2.4355965249E-001
  -2.4274391143E+001   2.1476562925E-001
  -2.4119777187E+001   1.9974316679E-001
  -2.3965163231E+001   1.9161083794E-001
  -2.3810549274E+001   1.8687654142E-001
  -2.3655935318E+001   1.8382558958E-001
  -2.3501321362E+001   1.8162870804E-001
  -2.3346707405E+001   1.7990705824E-001
  -2.3192093449E+001   1.7851912408E-001
  -2.3037479493E+001   1.7744506219E-001
  -2.2882865536E+001   1.7671704702E-001
  -2.2728251580E+001   1.7637518462E-001
  -2.2573637624E+001   1.7644215009E-001
  -2.2419023667E+001   1.7691313773E-001
  -2.2264409711E+001   1.7775776334E-001
  -2.2109795755E+001   1.7893477969E-001
  -2.1955181798E+001   1.8042331478E-001
  -2.1800567842E+001   1.8227427199E-001
  -2.1645953886E+001   1.8469204765E-001
  -2.1491339929E+001   1.8817447945E-001
  -2.1336725973E+001   1.9378090463E-001
  -2.1182112017E+001   2.0368827049E-001
  -2.1027498060E+001   2.2229935786E-001
  -2.0872884104E+001   2.5811799881E-001
  -2.0718270148E+001   3.2633670614E-001
  -2.0563656191E+001   4.5310784600E-001
  -2.0409042235E+001   6.8745070043E-001
  -2.0254428279E+001   1.1179582201E+000
  -2.0099814323E+001   1.8054664248E+000
  -1.9945200366E+001   2.5048491348E+000
  -1.9790586410E+001   2.6367593635E+000
  -1.9635972454E+001   2.0636346296E+000
  -1.9481358497E+001   1.3208386098E+000
  -1.9326744541E+001   8.0371049366E-001
  -1.9172130585E+001   5.1559694124E-001
  -1.9017516628E+001   3.6009995181E-001
  -1.8862902672E+001   2.7598006340E-001
  -1.8708288716E+001   2.3141841284E-001
  -1.8553674759E+001   2.0823561538E-001
  -1.8399060803E+001   1.9601993412E-001
  -1.8244446847E+001   1.8924857475E-001
  -1.8089832890E+001   1.8516142644E-001
  -1.7935218934E+001   1.8240958230E-001
  -1.7780604978E+001   1.8034760290E-001
  -1.7625991021E+001   1.7869301748E-001
  -1.7471377065E+001   1.7735476859E-001
  -1.7316763109E+001   1.7633650792E-001
  -1.7162149152E+001   1.7567685197E-001
  -1.7007535196E+001   1.7541195210E-001
  -1.6852921240E+001   1.7555567783E-001
  -1.6698307283E+001   1.7609381812E-001
  -1.6543693327E+001   1.7698992376E-001
  -1.6389079371E+001   1.7820516744E-001
  -1.6234465414E+001   1.7973581670E-001
  -1.6079851458E+001   1.8167302009E-001
  -1.5925237502E+001   1.8429955210E-001
  -1.5770623545E+001   1.8826141589E-001
  -1.5616009589E+001   1.9490841425E-001
  -1.5461395633E+001   2.0700199723E-001
  -1.5306781676E+001   2.3006686964E-001
  -1.5152167720E+001   2.7451729670E-001
  -1.4997553764E+001   3.5853565476E-001
  -1.4842939807E+001   5.1394400825E-001
  -1.4688325851E+001   8.0198501189E-001
  -1.4533711895E+001   1.3190579392E+000
  -1.4379097938E+001   2.0618083941E+000
  -1.4224483982E+001   2.6348734159E+000
  -1.4069870026E+001   2.5028598972E+000
  -1.3915256069E+001   1.8033204483E+000
  -1.3760642113E+001   1.1156183794E+000
  -1.3606028157E+001   6.8490248912E-001
  -1.3451414200E+001   4.5035049480E-001
  -1.3296800244E+001   3.2337662300E-001
  -1.3142186288E+001   2.5496750534E-001
  -1.2987572331E+001   2.1897609524E-001
  -1.2832958375E+001   2.0021397555E-001
  -1.2678344419E+001   1.9018047927E-001
  -1.2523730462E+001   1.8447568819E-001
  -1.2369116506E+001   1.8092549336E-001
  -1.2214502550E+001   1.7847326765E-001
  -1.2059888594E+001   1.7662350421E-001
  -1.1905274637E+001   1.7517354846E-001
  -1.1750660681E+001   1.7407354080E-001
  -1.1596046725E+001   1.7334466336E-001
  -1.1441432768E+001   1.7302772636E-001
  -1.1286818812E+001   1.7315190030E-001
  -1.1132204856E+001   1.7371993594E-001
  -1.0977590899E+001   1.7470616713E-001
  -1.0822976943E+001   1.7606646430E-001
  -1.0668362987E+001   1.7776354146E-001
  -1.0513749030E+001   1.7981107159E-001
  -1.0359135074E+001   1.8234349179E-001
  -1.0204521118E+001   1.8573193277E-001
  -1.0049907161E+001   1.9079771717E-001
  -9.8952932049E+000   1.9924783595E-001
  -9.7406792486E+000   2.1456773177E-001
  -9.5860652923E+000   2.4363464035E-001
  -9.4314513359E+000   2.9907796180E-001
  -9.2768373796E+000   4.0264844535E-001
  -9.1222234233E+000   5.9363400042E-001
  -8.9676094670E+000   9.4728629375E-001
  -8.8129955106E+000   1.5542648998E+000
  -8.6583815543E+000   2.3072811467E+000
  -8.5037675980E+000   2.6850480064E+000
  -8.3491536417E+000   2.3076086176E+000
  -8.1945396853E+000   1.5549209410E+000
  -8.0399257290E+000   9.4827426161E-001
  -7.8853117727E+000   5.9495890123E-001
  -7.7306978164E+000   4.0431460142E-001
  -7.5760838600E+000   3.0108721524E-001
  -7.4214699037E+000   2.4598579541E-001
  -7.2668559474E+000   2.1725660565E-001
  -7.1122419910E+000   2.0226743083E-001
  -6.9576280347E+000   1.9413839531E-001
  -6.8030140784E+000   1.8938161030E-001
  -6.6484001221E+000   1.8628787945E-001
  -6.4937861657E+000   1.8403396276E-001
  -6.3391722094E+000   1.8224711519E-001
  -6.1845582531E+000   1.8079155586E-001
  -6.0299442968E+000   1.7965246129E-001
  -5.8753303404E+000   1.7886605243E-001
  -5.7207163841E+000   1.7847535951E-001
  -5.5661024278E+000   1.7850480245E-001
  -5.4114884714E+000   1.7895014809E-001
  -5.2568745151E+000   1.7978046051E-001
  -5.1022605588E+000   1.8095289801E-001
  -4.9476466025E+000   1.8244407519E-001
  -4.7930326461E+000   1.8430164063E-001
  -4.6384186898E+000   1.8672622597E-001
  -4.4838047335E+000   1.9021166198E-001
  -4.3291907772E+000   1.9581332046E-001
  -4.1745768208E+000   2.0570456955E-001
  -4.0199628645E+000   2.2428559526E-001
  -3.8653489082E+000   2.6005975032E-001
  -3.7107349518E+000   3.2822281165E-001
  -3.5561209955E+000   4.5493548845E-001
  -3.4015070392E+000   6.8923082764E-001
  -3.2468930829E+000   1.1197198672E+000
  -3.0922791265E+000   1.8072492270E+000
  -2.9376651702E+000   2.5066616485E+000
  -2.7830512139E+000   2.6385375024E+000
  -2.6284372576E+000   2.0652925508E+000
  -2.4738233012E+000   1.3223500496E+000
  -2.3192093449E+000   8.0509812538E-001
  -2.1645953886E+000   5.1688500747E-001
  -2.0099814323E+000   3.6129738641E-001
  -1.8553674759E+000   2.7708273502E-001
  -1.7007535196E+000   2.3241428775E-001
  -1.5461395633E+000   2.0910957912E-001
  -1.3915256069E+000   1.9675750969E-001
  -1.2369116506E+000   1.8983818624E-001
  -1.0822976943E+000   1.8559553171E-001
  -9.2768373796E-001   1.8268514799E-001
  -7.7306978164E-001   1.8046619633E-001
  -6.1845582531E-001   1.7866062141E-001
  -4.6384186898E-001   1.7718137853E-001
  -3.0922791265E-001   1.7603558763E-001
  -1.5461395633E-001   1.7526473310E-001
   0.0000000000E+000   1.7490724864E-001
   1.5461395633E-001   1.7497875921E-001
   3.0922791265E-001   1.7546635560E-001
   4.6384186898E-001   1.7633449726E-001
   6.1845582531E-001   1.7754490026E-001
   7.7306978164E-001   1.7909400096E-001
   9.2768373796E-001   1.8107270296E-001
   1.0822976943E+000   1.8376307041E-001
   1.2369116506E+000   1.8780988529E-001
   1.3915256069E+000   1.9456115648E-001
   1.5461395633E+000   2.0677576113E-001
   1.7007535196E+000   2.2997446616E-001
   1.8553674759E+000   2.7456512457E-001
   2.0099814323E+000   3.5871989263E-001
   2.1645953886E+000   5.1424553112E-001
   2.3192093449E+000   8.0236181231E-001
   2.4738233012E+000   1.3194383007E+000
   2.6284372576E+000   2.0621204515E+000
   2.7830512139E+000   2.6351485945E+000
   2.9376651702E+000   2.5032736862E+000
   3.0922791265E+000   1.8040292179E+000
   3.2468930829E+000   1.1166398024E+000
   3.4015070392E+000   6.8618519769E-001
   3.5561209955E+000   4.5184960763E-001
   3.7107349518E+000   3.2506471867E-001
   3.8653489082E+000   2.5682621360E-001
   4.0199628645E+000   2.2099028147E-001
   4.1745768208E+000   2.0236873999E-001
   4.3291907772E+000   1.9245936758E-001
   4.4838047335E+000   1.8685965361E-001
   4.6384186898E+000   1.8339242686E-001
   4.7930326461E+000   1.8099795602E-001
   4.9476466025E+000   1.7917791124E-001
   5.1022605588E+000   1.7772732666E-001
   5.2568745151E+000   1.7659468669E-001
   5.4114884714E+000   1.7580025021E-001
   5.5661024278E+000   1.7538468140E-001
   5.7207163841E+000   1.7537782337E-001
   5.8753303404E+000   1.7578397510E-001
   6.0299442968E+000   1.7657996879E-001
   6.1845582531E+000   1.7772519511E-001
   6.3391722094E+000   1.7918694282E-001
   6.4937861657E+000   1.8098446791E-001
   6.6484001221E+000   1.8325864281E-001
   6.8030140784E+000   1.8638761715E-001
   6.9576280347E+000   1.9119996026E-001
   7.1122419910E+000   1.9940967321E-001
   7.2668559474E+000   2.1450818203E-001
   7.4214699037E+000   2.4337610722E-001
   7.5760838600E+000   2.9864099718E-001
   7.7306978164E+000   4.0204346287E-001
   7.8853117727E+000   5.9285020081E-001
   8.0399257290E+000   9.4627711670E-001
   8.1945396853E+000   1.5529442903E+000
   8.3491536417E+000   2.3055965693E+000
   8.5037675980E+000   2.6831254056E+000
   8.6583815543E+000   2.3056977255E+000
   8.8129955106E+000   1.5531288415E+000
   8.9676094670E+000   9.4652366453E-001
   9.1222234233E+000   5.9314332802E-001
   9.2768373796E+000   4.0237363632E-001
   9.4314513359E+000   2.9900256059E-001
   9.5860652923E+000   2.4376657775E-001
   9.7406792486E+000   2.1492757485E-001
   9.8952932049E+000   1.9985952301E-001
   1.0049907161E+001   1.9168257294E-001
   1.0204521118E+001   1.8690573716E-001
   1.0359135074E+001   1.8381536199E-001
   1.0513749030E+001   1.8158317238E-001
   1.0668362987E+001   1.7983120757E-001
   1.0822976943E+001   1.7841862995E-001
   1.0977590899E+001   1.7732605232E-001
   1.1132204856E+001   1.7658590384E-001
   1.1286818812E+001   1.7623838397E-001
   1.1441432768E+001   1.7630613981E-001
   1.1596046725E+001   1.7678424631E-001
   1.1750660681E+001   1.7764212767E-001
   1.1905274637E+001   1.7883828311E-001
   1.2059888594E+001   1.8035152908E-001
   1.2214502550E+001   1.8223239722E-001
   1.2369116506E+001   1.8468484146E-001
   1.2523730462E+001   1.8820616301E-001
   1.2678344419E+001   1.9385503323E-001
   1.2832958375E+001   2.0380757238E-001
   1.2987572331E+001   2.2246558305E-001
   1.3142186288E+001   2.5833186161E-001
   1.3296800244E+001   3.2659797338E-001
   1.3451414200E+001   4.5341541893E-001
   1.3606028157E+001   6.8780244653E-001
   1.3760642113E+001   1.1183513242E+000
   1.3915256069E+001   1.8059004977E+000
   1.4069870026E+001   2.5053313956E+000
   1.4224483982E+001   2.6373046930E+000
   1.4379097938E+001   2.0642569569E+000
   1.4533711895E+001   1.3215429681E+000
   1.4688325851E+001   8.0449413154E-001
   1.4842939807E+001   5.1645485810E-001
   1.4997553764E+001   3.6102786305E-001
   1.5152167720E+001   2.7697453665E-001
   1.5306781676E+001   2.3247646362E-001
   1.5461395633E+001   2.0935455767E-001
   1.5616009589E+001   1.9719732751E-001
   1.5770623545E+001   1.9048214902E-001
   1.5925237502E+001   1.8644900625E-001
   1.6079851458E+001   1.8374905078E-001
   1.6234465414E+001   1.8173691278E-001
   1.6389079371E+001   1.8013023690E-001
   1.6543693327E+001   1.7883814289E-001
   1.6698307283E+001   1.7786452144E-001
   1.6852921240E+001   1.7724827958E-001
   1.7007535196E+001   1.7702589528E-001
   1.7162149152E+001   1.7721158268E-001
   1.7316763109E+001   1.7779147365E-001
   1.7471377065E+001   1.7872943951E-001
   1.7625991021E+001   1.7998692977E-001
   1.7780604978E+001   1.8156042208E-001
   1.7935218934E+001   1.8354118095E-001
   1.8089832890E+001   1.8621196390E-001
   1.8244446847E+001   1.9021856057E-001
   1.8399060803E+001   1.9691025914E-001
   1.8553674759E+001   2.0904755075E-001
   1.8708288716E+001   2.3215360989E-001
   1.8862902672E+001   2.7664061394E-001
   1.9017516628E+001   3.6068853593E-001
   1.9172130585E+001   5.1611697627E-001
   1.9326744541E+001   8.0416619211E-001
   1.9481358497E+001   1.3212352355E+000
   1.9635972454E+001   2.0639793484E+000
   1.9790586410E+001   2.6370616887E+000
   1.9945200366E+001   2.5051190863E+000
   2.0099814323E+001   1.8057113470E+000
   2.0254428279E+001   1.1181816178E+000
   2.0409042235E+001   6.8765368805E-001
   2.0563656191E+001   4.5329088272E-001
   2.0718270148E+001   3.2650033849E-001
   2.0872884104E+001   2.5826300593E-001
   2.1027498060E+001   2.2242676231E-001
   2.1182112017E+001   2.0379930674E-001
   2.1336725973E+001   1.9387695052E-001
   2.1491339929E+001   1.8825697833E-001
   2.1645953886E+001   1.8476244387E-001
   2.1800567842E+001   1.8233396546E-001
   2.1955181798E+001   1.8047363104E-001
   2.2109795755E+001   1.7897695070E-001
   2.2264409711E+001   1.7779291598E-001
   2.2419023667E+001   1.7694228809E-001
   2.2573637624E+001   1.7646620268E-001
   2.2728251580E+001   1.7639493540E-001
   2.2882865536E+001   1.7673318931E-001
   2.3037479493E+001   1.7745819440E-001
   2.3192093449E+001   1.7852975855E-001
   2.3346707405E+001   1.7991563049E-001
   2.3501321362E+001   1.8163558588E-001
   2.3655935318E+001   1.8383108177E-001
   2.3810549274E+001   1.8688090570E-001
   2.3965163231E+001   1.9161428841E-001
   2.4119777187E+001   1.9974588034E-001
   2.4274391143E+001   2.1476775133E-001
   2.4429005100E+001   2.4356130219E-001
   2.4583619056E+001   2.9875536713E-001
   2.4738233012E+001   4.0209299136E-001
   2.4892846969E+001   5.9284582345E-001
   2.5047460925E+001   9.4624036604E-001
   2.5202074881E+001   1.5529118353E+000
   2.5356688838E+001   2.3055956087E+000
   2.5511302794E+001   2.6831161150E+000
   2.5665916750E+001   2.3055953882E+000
   2.5820530707E+001   1.5529113806E+000
   2.5975144663E+001   9.4623965123E-001
   2.6129758619E+001   5.9284481298E-001
   2.6284372576E+001   4.0209164181E-001
   2.6438986532E+001   2.9875362785E-001
   2.6593600488E+001   2.4355911450E-001
   2.6748214445E+001   2.1476504680E-001
   2.6902828401E+001   1.9974257869E-001
   2.7057442357E+001   1.9161029543E-001
   2.7212056314E+001   1.8687611109E-001
   2.7366670270E+001   1.8382535670E-001
   2.7521284226E+001   1.8162878029E-001
   2.7675898183E+001   1.7990756983E-001
   2.7830512139E+001   1.7852024027E-001
   2.7985126095E+001   1.7744698403E-001
   2.8139740052E+001   1.7672001645E-001
   2.8294354008E+001   1.7637948969E-001
   2.8448967964E+001   1.7644813002E-001
   2.8603581920E+001   1.7692118748E-001
   2.8758195877E+001   1.7776833738E-001
   2.8912809833E+001   1.7894839442E-001
   2.9067423789E+001   1.8044054904E-001
   2.9222037746E+001   1.8229576525E-001
   2.9376651702E+001   1.8471849542E-001
   2.9531265658E+001   1.8820662488E-001
   2.9685879615E+001   1.9381952505E-001
   2.9840493571E+001   2.0373415670E-001
   2.9995107527E+001   2.2235328449E-001
   3.0149721484E+001   2.5818068861E-001
   3.0304335440E+001   3.2640879948E-001
   3.0458949396E+001   4.5318988976E-001
   3.0613563353E+001   6.8754316023E-001
   3.0768177309E+001   1.1180615595E+000
   3.0922791265E+001   1.8055814623E+000
   3.1077405222E+001   2.5049778559E+000
   3.1232019178E+001   2.6369055944E+000
   3.1386633134E+001   2.0638034999E+000
   3.1541247091E+001   1.3210350785E+000
   3.1695861047E+001   8.0393848651E-001
   3.1850475003E+001   5.1585954301E-001
   3.2005088960E+001   3.6039979399E-001
   3.2159702916E+001   2.7631944911E-001
   3.2314316872E+001   2.3179935672E-001
   3.2468930829E+001   2.0865992694E-001
   3.2623544785E+001   1.9648929962E-001
   3.2778158741E+001   1.8976459751E-001
   3.2932772698E+001   1.8572563946E-001
   3.3087386654E+001   1.8302346138E-001
   3.3242000610E+001   1.8101259550E-001
   3.3396614567E+001   1.7941058669E-001
   3.3551228523E+001   1.7812644383E-001
   3.3705842479E+001   1.7716393246E-001
   3.3860456436E+001   1.7656182006E-001
