  -3.4015070392E+001   1.7635808214E-001
  -3.3860456436E+001   1.7656353669E-001
  -3.3705842479E+001   1.7716571380E-001
  -3.3551228523E+001   1.7812828790E-001
  -3.3396614567E+001   1.7941249036E-001
  -3.3242000610E+001   1.8101455418E-001
  -3.3087386654E+001   1.8302546890E-001
  -3.2932772698E+001   1.8572768811E-001
  -3.2778158741E+001   1.8976667828E-001
  -3.2623544785E+001   1.9649140265E-001
  -3.2468930829E+001   2.0866204211E-001
  -3.2314316872E+001   2.3180147428E-001
  -3.2159702916E+001   2.7632156035E-001
  -3.2005088960E+001   3.6040189163E-001
  -3.1850475003E+001   5.1586162155E-001
  -3.1695861047E+001   8.0394054341E-001
  -3.1541247091E+001   1.3210371176E+000
  -3.1386633134E+001   2.0638055340E+000
  -3.1232019178E+001   2.6369076359E+000
  -3.1077405222E+001   2.5049799073E+000
  -3.0922791265E+001   1.8055835294E+000
  -3.0768177309E+001   1.1180636577E+000
  -3.0613563353E+001   6.8754530124E-001
  -3.0458949396E+001   4.5319207691E-001
  -3.0304335440E+001   3.2641103179E-001
  -3.0149721484E+001   2.5818296326E-001
  -2.9995107527E+001   2.2235559755E-001
  -2.9840493571E+001   2.0373650343E-001
  -2.9685879615E+001   1.9382190035E-001
  -2.9531265658E+001   1.8820902394E-001
  -2.9376651702E+001   1.8472091434E-001
  -2.9222037746E+001   1.8229820149E-001
  -2.9067423789E+001   1.8044300177E-001
  -2.8912809833E+001   1.7895086471E-001
  -2.8758195877E+001   1.7777082807E-001
  -2.8603581920E+001   1.7692370296E-001
  -2.8448967964E+001   1.7645067581E-001
  -2.8294354008E+001   1.7638207194E-001
  -2.8139740052E+001   1.7672264133E-001
  -2.7985126095E+001   1.7744965713E-001
  -2.7830512139E+001   1.7852296611E-001
  -2.7675898183E+001   1.7991035132E-001
  -2.7521284226E+001   1.8163161838E-001
  -2.7366670270E+001   1.8382825028E-001
  -2.7212056314E+001   1.8687905692E-001
  -2.7057442357E+001   1.9161328838E-001
  -2.6902828401E+001   1.9974561209E-001
  -2.6748214445E+001   2.1476811293E-001
  -2.6593600488E+001   2.4356220505E-001
  -2.6438986532E+001   2.9875673429E-001
  -2.6284372576E+001   4.0209475556E-001
  -2.6129758619E+001   5.9284792549E-001
  -2.5975144663E+001   9.4624275528E-001
  -2.5820530707E+001   1.5529144737E+000
  -2.5665916750E+001   2.3055984715E+000
  -2.5511302794E+001   2.6831191796E+000
  -2.5356688838E+001   2.3055986321E+000
  -2.5202074881E+001   1.5529147967E+000
  -2.5047460925E+001   9.4624324252E-001
  -2.4892846969E+001   5.9284857626E-001
  -2.4738233012E+001   4.0209556372E-001
  -2.4583619056E+001   2.9875768622E-001
  -2.4429005100E+001   2.4356327814E-001
  -2.4274391143E+001   2.1476927437E-001
  -2.4119777187E+001   1.9974681733E-001
  -2.3965163231E+001   1.9161447907E-001
  -2.3810549274E+001   1.8688015820E-001
  -2.3655935318E+001   1.8382916759E-001
  -2.3501321362E+001   1.8163223392E-001
  -2.3346707405E+001   1.7991052001E-001
  -2.3192093449E+001   1.7852251128E-001
  -2.3037479493E+001   1.7744836586E-001
  -2.2882865536E+001   1.7672025944E-001
  -2.2728251580E+001   1.7637829897E-001
  -2.2573637624E+001   1.7644516003E-001
  -2.2419023667E+001   1.7691603688E-001
  -2.2264409711E+001   1.7776054479E-001
  -2.2109795755E+001   1.7893743560E-001
  -2.1955181798E+001   1.8042583606E-001
  -2.1800567842E+001   1.8227664814E-001
  -2.1645953886E+001   1.8469426678E-001
  -2.1491339929E+001   1.8817652850E-001
  -2.1336725973E+001   1.9378276980E-001
  -2.1182112017E+001   2.0368993777E-001
  -2.1027498060E+001   2.2230081375E-001
  -2.0872884104E+001   2.5811923099E-001
  -2.0718270148E+001   3.2633770397E-001
  -2.0563656191E+001   4.5310860096E-001
  -2.0409042235E+001   6.8745120677E-001
  -2.0254428279E+001   1.1179584775E+000
  -2.0099814323E+001   1.8054664423E+000
  -1.9945200366E+001   2.5048489262E+000
  -1.9790586410E+001   2.6367589341E+000
  -1.9635972454E+001   2.0636339822E+000
  -1.9481358497E+001   1.3208377586E+000
  -1.9326744541E+001   8.0370945392E-001
  -1.9172130585E+001   5.1559572039E-001
  -1.9017516628E+001   3.6009855177E-001
  -1.8862902672E+001   2.7597848407E-001
  -1.8708288716E+001   2.3141665311E-001
  -1.8553674759E+001   2.0823367347E-001
  -1.8399060803E+001   1.9601780796E-001
  -1.8244446847E+001   1.8924626251E-001
  -1.8089832890E+001   1.8515892716E-001
  -1.7935218934E+001   1.8240689638E-001
  -1.7780604978E+001   1.8034473251E-001
  -1.7625991021E+001   1.7868996666E-001
  -1.7471377065E+001   1.7735154333E-001
  -1.7316763109E+001   1.7633311591E-001
  -1.7162149152E+001   1.7567330222E-001
  -1.7007535196E+001   1.7540825447E-001
  -1.6852921240E+001   1.7555184252E-001
  -1.6698307283E+001   1.7608985506E-001
  -1.6543693327E+001   1.7698584210E-001
  -1.6389079371E+001   1.7820097513E-001
  -1.6234465414E+001   1.7973152018E-001
  -1.6079851458E+001   1.8166862423E-001
  -1.5925237502E+001   1.8429506028E-001
  -1.5770623545E+001   1.8825683037E-001
  -1.5616009589E+001   1.9490373672E-001
  -1.5461395633E+001   2.0699722959E-001
  -1.5306781676E+001   2.3006201487E-001
  -1.5152167720E+001   2.7451235973E-001
  -1.4997553764E+001   3.5853064310E-001
  -1.4842939807E+001   5.1393893246E-001
  -1.4688325851E+001   8.0197988670E-001
  -1.4533711895E+001   1.3190527865E+000
  -1.4379097938E+001   2.0618032437E+000
  -1.4224483982E+001   2.6348682932E+000
  -1.4069870026E+001   2.5028548124E+000
  -1.3915256069E+001   1.8033154130E+000
  -1.3760642113E+001   1.1156134168E+000
  -1.3606028157E+001   6.8489762140E-001
  -1.3451414200E+001   4.5034573692E-001
  -1.3296800244E+001   3.2337198485E-001
  -1.3142186288E+001   2.5496299381E-001
  -1.2987572331E+001   2.1897171450E-001
  -1.2832958375E+001   2.0020972702E-001
  -1.2678344419E+001   1.9017636188E-001
  -1.2523730462E+001   1.8447169902E-001
  -1.2369116506E+001   1.8092162839E-001
  -1.2214502550E+001   1.7846952246E-001
  -1.2059888594E+001   1.7661987452E-001
  -1.1905274637E+001   1.7517003044E-001
  -1.1750660681E+001   1.7407013132E-001
  -1.1596046725E+001   1.7334135999E-001
  -1.1441432768E+001   1.7302452733E-001
  -1.1286818812E+001   1.7314880428E-001
  -1.1132204856E+001   1.7371694178E-001
  -1.0977590899E+001   1.7470327349E-001
  -1.0822976943E+001   1.7606366922E-001
  -1.0668362987E+001   1.7776084187E-001
  -1.0513749030E+001   1.7980846287E-001
  -1.0359135074E+001   1.8234096736E-001
  -1.0204521118E+001   1.8572948378E-001
  -1.0049907161E+001   1.9079533232E-001
  -9.8952932049E+000   1.9924550151E-001
  -9.7406792486E+000   2.1456543188E-001
  -9.5860652923E+000   2.4363235812E-001
  -9.4314513359E+000   2.9907568187E-001
  -9.2768373796E+000   4.0264615840E-001
  -9.1222234233E+000   5.9363171032E-001
  -8.9676094670E+000   9.4728402935E-001
  -8.8129955106E+000   1.5542627234E+000
  -8.6583815543E+000   2.3072791104E+000
  -8.5037675980E+000   2.6850460520E+000
  -8.3491536417E+000   2.3076066060E+000
  -8.1945396853E+000   1.5549188274E+000
  -8.0399257290E+000   9.4827211516E-001
  -7.8853117727E+000   5.9495679790E-001
  -7.7306978164E+000   4.0431257917E-001
  -7.5760838600E+000   3.0108528324E-001
  -7.4214699037E+000   2.4598394654E-001
  -7.2668559474E+000   2.1725482462E-001
  -7.1122419910E+000   2.0226570000E-001
  -6.9576280347E+000   1.9413669816E-001
  -6.8030140784E+000   1.8937993309E-001
  -6.6484001221E+000   1.8628621188E-001
  -6.4937861657E+000   1.8403229817E-001
  -6.3391722094E+000   1.8224545065E-001
  -6.1845582531E+000   1.8078989206E-001
  -6.0299442968E+000   1.7965080220E-001
  -5.8753303404E+000   1.7886440478E-001
  -5.7207163841E+000   1.7847373211E-001
  -5.5661024278E+000   1.7850320534E-001
  -5.4114884714E+000   1.7894859164E-001
  -5.2568745151E+000   1.7977895446E-001
  -5.1022605588E+000   1.8095145057E-001
  -4.9476466025E+000   1.8244269221E-001
  -4.7930326461E+000   1.8430032491E-001
  -4.6384186898E+000   1.8672497691E-001
  -4.4838047335E+000   1.9021047546E-001
  -4.3291907772E+000   1.9581218910E-001
  -4.1745768208E+000   2.0570348326E-001
  -4.0199628645E+000   2.2428454271E-001
  -3.8653489082E+000   2.6005872202E-001
  -3.7107349518E+000   3.2822180548E-001
  -3.5561209955E+000   4.5493451741E-001
  -3.4015070392E+000   6.8922992965E-001
  -3.2468930829E+000   1.1197191175E+000
  -3.0922791265E+000   1.8072487313E+000
  -2.9376651702E+000   2.5066614575E+000
  -2.7830512139E+000   2.6385375131E+000
  -2.6284372576E+000   2.0652926132E+000
  -2.4738233012E+000   1.3223501430E+000
  -2.3192093449E+000   8.0509832438E-001
  -2.1645953886E+000   5.1688537822E-001
  -2.0099814323E+000   3.6129795963E-001
  -1.8553674759E+000   2.7708351591E-001
  -1.7007535196E+000   2.3241526621E-001
  -1.5461395633E+000   2.0911073673E-001
  -1.3915256069E+000   1.9675882474E-001
  -1.2369116506E+000   1.8983963666E-001
  -1.0822976943E+000   1.8559709656E-001
  -9.2768373796E-001   1.8268680802E-001
  -7.7306978164E-001   1.8046793426E-001
  -6.1845582531E-001   1.7866242177E-001
  -4.6384186898E-001   1.7718322745E-001
  -3.0922791265E-001   1.7603747251E-001
  -1.5461395633E-001   1.7526664226E-001
   0.0000000000E+000   1.7490917126E-001
   1.5461395633E-001   1.7498068546E-001
   3.0922791265E-001   1.7546827701E-001
   4.6384186898E-001   1.7633640745E-001
   6.1845582531E-001   1.7754679577E-001
   7.7306978164E-001   1.7909588215E-001
   9.2768373796E-001   1.8107457485E-001
   1.0822976943E+000   1.8376494320E-001
   1.2369116506E+000   1.8781177456E-001
   1.3915256069E+000   1.9456308302E-001
   1.5461395633E+000   2.0677774990E-001
   1.7007535196E+000   2.2997654341E-001
   1.8553674759E+000   2.7456731128E-001
   2.0099814323E+000   3.5872219317E-001
   2.1645953886E+000   5.1424791838E-001
   2.3192093449E+000   8.0236421111E-001
   2.4738233012E+000   1.3194405793E+000
   2.6284372576E+000   2.0621224818E+000
   2.7830512139E+000   2.6351504311E+000
   2.9376651702E+000   2.5032756214E+000
   3.0922791265E+000   1.8040314920E+000
   3.2468930829E+000   1.1166424039E+000
   3.4015070392E+000   6.8618799767E-001
   3.5561209955E+000   4.5185250322E-001
   3.7107349518E+000   3.2506765953E-001
   3.8653489082E+000   2.5682918766E-001
   4.0199628645E+000   2.2099329919E-001
   4.1745768208E+000   2.0237182132E-001
   4.3291907772E+000   1.9246253299E-001
   4.4838047335E+000   1.8686291940E-001
   4.6384186898E+000   1.8339580340E-001
   4.7930326461E+000   1.8100144725E-001
   4.9476466025E+000   1.7918151499E-001
   5.1022605588E+000   1.7773103525E-001
   5.2568745151E+000   1.7659848795E-001
   5.4114884714E+000   1.7580412866E-001
   5.5661024278E+000   1.7538861948E-001
   5.7207163841E+000   1.7538180255E-001
   5.8753303404E+000   1.7578797688E-001
   6.0299442968E+000   1.7658397544E-001
   6.1845582531E+000   1.7772919026E-001
   6.3391722094E+000   1.7919091189E-001
   6.4937861657E+000   1.8098839836E-001
   6.6484001221E+000   1.8326252426E-001
   6.8030140784E+000   1.8639144146E-001
   6.9576280347E+000   1.9120372138E-001
   7.1122419910E+000   1.9941336696E-001
   7.2668559474E+000   2.1451180574E-001
   7.4214699037E+000   2.4337965947E-001
   7.5760838600E+000   2.9864447769E-001
   7.7306978164E+000   4.0204687290E-001
   7.8853117727E+000   5.9285354465E-001
   8.0399257290E+000   9.4628040633E-001
   8.1945396853E+000   1.5529475526E+000
   8.3491536417E+000   2.3055998388E+000
   8.5037675980E+000   2.6831286921E+000
   8.6583815543E+000   2.3057010125E+000
   8.8129955106E+000   1.5531321301E+000
   8.9676094670E+000   9.4652697740E-001
   9.1222234233E+000   5.9314668146E-001
   9.2768373796E+000   4.0237703464E-001
   9.4314513359E+000   2.9900600359E-001
   9.5860652923E+000   2.4377006542E-001
   9.7406792486E+000   2.1493110854E-001
   9.8952932049E+000   1.9986310528E-001
   1.0049907161E+001   1.9168620709E-001
   1.0204521118E+001   1.8690942676E-001
   1.0359135074E+001   1.8381911039E-001
   1.0513749030E+001   1.8158698236E-001
   1.0668362987E+001   1.7983508090E-001
   1.0822976943E+001   1.7842256714E-001
   1.0977590899E+001   1.7733005235E-001
   1.1132204856E+001   1.7658996399E-001
   1.1286818812E+001   1.7624249970E-001
   1.1441432768E+001   1.7631030465E-001
   1.1596046725E+001   1.7678845188E-001
   1.1750660681E+001   1.7764636361E-001
   1.1905274637E+001   1.7884253717E-001
   1.2059888594E+001   1.8035578715E-001
   1.2214502550E+001   1.8223664356E-001
   1.2369116506E+001   1.8468905889E-001
   1.2523730462E+001   1.8821033333E-001
   1.2678344419E+001   1.9385913776E-001
   1.2832958375E+001   2.0381159265E-001
   1.2987572331E+001   2.2246950147E-001
   1.3142186288E+001   2.5833566209E-001
   1.3296800244E+001   3.2660164153E-001
   1.3451414200E+001   4.5341894196E-001
   1.3606028157E+001   6.8780581352E-001
   1.3760642113E+001   1.1183545281E+000
   1.3915256069E+001   1.8059035380E+000
   1.4069870026E+001   2.5053342713E+000
   1.4224483982E+001   2.6373073914E+000
   1.4379097938E+001   2.0642594652E+000
   1.4533711895E+001   1.3215452908E+000
   1.4688325851E+001   8.0449628064E-001
   1.4842939807E+001   5.1645683956E-001
   1.4997553764E+001   3.6102967743E-001
   1.5152167720E+001   2.7697618168E-001
   1.5306781676E+001   2.3247793506E-001
   1.5461395633E+001   2.0935584947E-001
   1.5616009589E+001   1.9719843227E-001
   1.5770623545E+001   1.9048305869E-001
   1.5925237502E+001   1.8644971295E-001
   1.6079851458E+001   1.8374954744E-001
   1.6234465414E+001   1.8173719372E-001
   1.6389079371E+001   1.8013029814E-001
   1.6543693327E+001   1.7883798232E-001
   1.6698307283E+001   1.7786413872E-001
   1.6852921240E+001   1.7724767593E-001
   1.7007535196E+001   1.7702507306E-001
   1.7162149152E+001   1.7721054497E-001
   1.7316763109E+001   1.7779022373E-001
   1.7471377065E+001   1.7872798037E-001
   1.7625991021E+001   1.7998526369E-001
   1.7780604978E+001   1.8155855034E-001
   1.7935218934E+001   1.8353910365E-001
   1.8089832890E+001   1.8620967999E-001
   1.8244446847E+001   1.9021606810E-001
   1.8399060803E+001   1.9690755565E-001
   1.8553674759E+001   2.0904463380E-001
   1.8708288716E+001   2.3215047770E-001
   1.8862902672E+001   2.7663726594E-001
   1.9017516628E+001   3.6068497315E-001
   1.9172130585E+001   5.1611320166E-001
   1.9326744541E+001   8.0416221160E-001
   1.9481358497E+001   1.3212310615E+000
   1.9635972454E+001   2.0639750020E+000
   1.9790586410E+001   2.6370571907E+000
   1.9945200366E+001   2.5051144476E+000
   2.0099814323E+001   1.8057065815E+000
   2.0254428279E+001   1.1181767487E+000
   2.0409042235E+001   6.8764873492E-001
   2.0563656191E+001   4.5328585644E-001
   2.0718270148E+001   3.2649524530E-001
   2.0872884104E+001   2.5825784998E-001
   2.1027498060E+001   2.2242154626E-001
   2.1182112017E+001   2.0379403209E-001
   2.1336725973E+001   1.9387161809E-001
   2.1491339929E+001   1.8825158883E-001
   2.1645953886E+001   1.8475699855E-001
   2.1800567842E+001   1.8232846661E-001
   2.1955181798E+001   1.8046808233E-001
   2.2109795755E+001   1.7897135735E-001
   2.2264409711E+001   1.7778728471E-001
   2.2419023667E+001   1.7693662692E-001
   2.2573637624E+001   1.7646052054E-001
   2.2728251580E+001   1.7638924167E-001
   2.2882865536E+001   1.7672749328E-001
   2.3037479493E+001   1.7745250473E-001
   2.3192093449E+001   1.7852408278E-001
   2.3346707405E+001   1.7990997464E-001
   2.3501321362E+001   1.8162995416E-001
   2.3655935318E+001   1.8382547652E-001
   2.3810549274E+001   1.8687532749E-001
   2.3965163231E+001   1.9160873635E-001
   2.4119777187E+001   1.9974035256E-001
   2.4274391143E+001   2.1476224559E-001
   2.4429005100E+001   2.4355581652E-001
   2.4583619056E+001   2.9874990043E-001
   2.4738233012E+001   4.0208754375E-001
   2.4892846969E+001   5.9284039673E-001
   2.5047460925E+001   9.4623496542E-001
   2.5202074881E+001   1.5529064735E+000
   2.5356688838E+001   2.3055903056E+000
   2.5511302794E+001   2.6831108849E+000
   2.5665916750E+001   2.3055902373E+000
   2.5820530707E+001   1.5529063230E+000
   2.5975144663E+001   9.4623470666E-001
   2.6129758619E+001   5.9283999386E-001
   2.6284372576E+001   4.0208695296E-001
   2.6438986532E+001   2.9874907054E-001
   2.6593600488E+001   2.4355468819E-001
   2.6748214445E+001   2.1476074957E-001
   2.6902828401E+001   1.9973840765E-001
   2.7057442357E+001   1.9160624721E-001
   2.7212056314E+001   1.8687218251E-001
   2.7366670270E+001   1.8382154534E-001
   2.7521284226E+001   1.8162508497E-001
   2.7675898183E+001   1.7990399091E-001
   2.7830512139E+001   1.7851677971E-001
   2.7985126095E+001   1.7744364530E-001
   2.8139740052E+001   1.7671680424E-001
   2.8294354008E+001   1.7637640949E-001
   2.8448967964E+001   1.7644518762E-001
   2.8603581920E+001   1.7691838840E-001
   2.8758195877E+001   1.7776568632E-001
   2.8912809833E+001   1.7894589477E-001
   2.9067423789E+001   1.8043820251E-001
   2.9222037746E+001   1.8229357166E-001
   2.9376651702E+001   1.8471645261E-001
   2.9531265658E+001   1.8820472891E-001
   2.9685879615E+001   1.9381777054E-001
   2.9840493571E+001   2.0373253736E-001
   2.9995107527E+001   2.2235179370E-001
   3.0149721484E+001   2.5817932010E-001
   3.0304335440E+001   3.2640754779E-001
   3.0458949396E+001   4.5318875058E-001
   3.0613563353E+001   6.8754213108E-001
   3.0768177309E+001   1.1180606423E+000
   3.0922791265E+001   1.8055806673E+000
   3.1077405222E+001   2.5049771971E+000
   3.1232019178E+001   2.6369050762E+000
   3.1386633134E+001   2.0638031237E+000
   3.1541247091E+001   1.3210348554E+000
   3.1695861047E+001   8.0393842828E-001
   3.1850475003E+001   5.1585965233E-001
   3.2005088960E+001   3.6040006731E-001
   3.2159702916E+001   2.7631988000E-001
   3.2314316872E+001   2.3179993703E-001
   3.2468930829E+001   2.0866064715E-001
   3.2623544785E+001   1.9649014925E-001
   3.2778158741E+001   1.8976556579E-001
   3.2932772698E+001   1.8572671595E-001
   3.3087386654E+001   1.8302463657E-001
   3.3242000610E+001   1.8101386124E-001
   3.3396614567E+001   1.7941193644E-001
   3.3551228523E+001   1.7812787271E-001
   3.3705842479E+001   1.7716543713E-001
   3.3860456436E+001   1.7656339839E-001
