  -3.4015070392E+001   1.7635609129E-001
  -3.3860456436E+001   1.7656146080E-001
  -3.3705842479E+001   1.7716355692E-001
  -3.3551228523E+001   1.7812605533E-001
  -3.3396614567E+001   1.7941018932E-001
  -3.3242000610E+001   1.8101219434E-001
  -3.3087386654E+001   1.8302306274E-001
  -3.2932772698E+001   1.8572525093E-001
  -3.2778158741E+001   1.8976422792E-001
  -3.2623544785E+001   1.9648895872E-001
  -3.2468930829E+001   2.0865962493E-001
  -3.2314316872E+001   2.3179910346E-001
  -3.2159702916E+001   2.7631925332E-001
  -3.2005088960E+001   3.6039966231E-001
  -3.1850475003E+001   5.1585947962E-001
  -3.1695861047E+001   8.0393849520E-001
  -3.1541247091E+001   1.3210351690E+000
  -3.1386633134E+001   2.0638036881E+000
  -3.1232019178E+001   2.6369058743E+000
  -3.1077405222E+001   2.5049781823E+000
  -3.0922791265E+001   1.8055818003E+000
  -3.0768177309E+001   1.1180619142E+000
  -3.0613563353E+001   6.8754354615E-001
  -3.0458949396E+001   4.5319031253E-001
  -3.0304335440E+001   3.2640926096E-001
  -3.0149721484E+001   2.5818119184E-001
  -2.9995107527E+001   2.2235383465E-001
  -2.9840493571E+001   2.0373476043E-001
  -2.9685879615E+001   1.9382018952E-001
  -2.9531265658E+001   1.8820735701E-001
  -2.9376651702E+001   1.8471930121E-001
  -2.9222037746E+001   1.8229664932E-001
  -2.9067423789E+001   1.8044151441E-001
  -2.8912809833E+001   1.7894944258E-001
  -2.8758195877E+001   1.7776946836E-001
  -2.8603581920E+001   1.7692240012E-001
  -2.8448967964E+001   1.7644942218E-001
  -2.8294354008E+001   1.7638085850E-001
  -2.8139740052E+001   1.7672145849E-001
  -2.7985126095E+001   1.7744849554E-001
  -2.7830512139E+001   1.7852181738E-001
  -2.7675898183E+001   1.7990920880E-001
  -2.7521284226E+001   1.8163047766E-001
  -2.7366670270E+001   1.8382710957E-001
  -2.7212056314E+001   1.8687791706E-001
  -2.7057442357E+001   1.9161215247E-001
  -2.6902828401E+001   1.9974448475E-001
  -2.6748214445E+001   2.1476699916E-001
  -2.6593600488E+001   2.4356110893E-001
  -2.6438986532E+001   2.9875565757E-001
  -2.6284372576E+001   4.0209369657E-001
  -2.6129758619E+001   5.9284687892E-001
  -2.5975144663E+001   9.4624171401E-001
  -2.5820530707E+001   1.5529134314E+000
  -2.5665916750E+001   2.3055974153E+000
  -2.5511302794E+001   2.6831180694E+000
  -2.5356688838E+001   2.3055974079E+000
  -2.5202074881E+001   1.5529134195E+000
  -2.5047460925E+001   9.4624170188E-001
  -2.4892846969E+001   5.9284686920E-001
  -2.4738233012E+001   4.0209368765E-001
  -2.4583619056E+001   2.9875564144E-001
  -2.4429005100E+001   2.4356106966E-001
  -2.4274391143E+001   2.1476691163E-001
  -2.4119777187E+001   1.9974431308E-001
  -2.3965163231E+001   1.9161184790E-001
  -2.3810549274E+001   1.8687741520E-001
  -2.3655935318E+001   1.8382632716E-001
  -2.3501321362E+001   1.8162930892E-001
  -2.3346707405E+001   1.7990752136E-001
  -2.3192093449E+001   1.7851944790E-001
  -2.3037479493E+001   1.7744524492E-001
  -2.2882865536E+001   1.7671708688E-001
  -2.2728251580E+001   1.7637508008E-001
  -2.2573637624E+001   1.7644190014E-001
  -2.2419023667E+001   1.7691274208E-001
  -2.2264409711E+001   1.7775722261E-001
  -2.2109795755E+001   1.7893409568E-001
  -2.1955181798E+001   1.8042249069E-001
  -2.1800567842E+001   1.8227331262E-001
  -2.1645953886E+001   1.8469095958E-001
  -2.1491339929E+001   1.8817327097E-001
  -2.1336725973E+001   1.9377958558E-001
  -2.1182112017E+001   2.0368685174E-001
  -2.1027498060E+001   2.2229785065E-001
  -2.0872884104E+001   2.5811641395E-001
  -2.0718270148E+001   3.2633505298E-001
  -2.0563656191E+001   4.5310613184E-001
  -2.0409042235E+001   6.8744893129E-001
  -2.0254428279E+001   1.1179564058E+000
  -2.0099814323E+001   1.8054645838E+000
  -1.9945200366E+001   2.5048472761E+000
  -1.9790586410E+001   2.6367574556E+000
  -1.9635972454E+001   2.0636326306E+000
  -1.9481358497E+001   1.3208365167E+000
  -1.9326744541E+001   8.0370832522E-001
  -1.9172130585E+001   5.1559470974E-001
  -1.9017516628E+001   3.6009766333E-001
  -1.8862902672E+001   2.7597772414E-001
  -1.8708288716E+001   2.3141603110E-001
  -1.8553674759E+001   2.0823320118E-001
  -1.8399060803E+001   1.9601749832E-001
  -1.8244446847E+001   1.8924612814E-001
  -1.8089832890E+001   1.8515897906E-001
  -1.7935218934E+001   1.8240714291E-001
  -1.7780604978E+001   1.8034517874E-001
  -1.7625991021E+001   1.7869061417E-001
  -1.7471377065E+001   1.7735239032E-001
  -1.7316763109E+001   1.7633415766E-001
  -1.7162149152E+001   1.7567453175E-001
  -1.7007535196E+001   1.7540966328E-001
  -1.6852921240E+001   1.7555342139E-001
  -1.6698307283E+001   1.7609159486E-001
  -1.6543693327E+001   1.7698773461E-001
  -1.6389079371E+001   1.7820301370E-001
  -1.6234465414E+001   1.7973370033E-001
  -1.6079851458E+001   1.8167094394E-001
  -1.5925237502E+001   1.8429752000E-001
  -1.5770623545E+001   1.8825943265E-001
  -1.5616009589E+001   1.9490648523E-001
  -1.5461395633E+001   2.0700012777E-001
  -1.5306781676E+001   2.3006506418E-001
  -1.5152167720E+001   2.7451555770E-001
  -1.4997553764E+001   3.5853398162E-001
  -1.4842939807E+001   5.1394239680E-001
  -1.4688325851E+001   8.0198345628E-001
  -1.4533711895E+001   1.3190564386E+000
  -1.4379097938E+001   2.0618069552E+000
  -1.4224483982E+001   2.6348720284E+000
  -1.4069870026E+001   2.5028585185E+000
  -1.3915256069E+001   1.8033190482E+000
  -1.3760642113E+001   1.1156169638E+000
  -1.3606028157E+001   6.8490106893E-001
  -1.3451414200E+001   4.5034907041E-001
  -1.3296800244E+001   3.2337519094E-001
  -1.3142186288E+001   2.5496606386E-001
  -1.2987572331E+001   2.1897464552E-001
  -1.2832958375E+001   2.0021252137E-001
  -1.2678344419E+001   1.9017902630E-001
  -1.2523730462E+001   1.8447424324E-001
  -1.2369116506E+001   1.8092406364E-001
  -1.2214502550E+001   1.7847186026E-001
  -1.2059888594E+001   1.7662212596E-001
  -1.1905274637E+001   1.7517220574E-001
  -1.1750660681E+001   1.7407223973E-001
  -1.1596046725E+001   1.7334340981E-001
  -1.1441432768E+001   1.7302652599E-001
  -1.1286818812E+001   1.7315075836E-001
  -1.1132204856E+001   1.7371885708E-001
  -1.0977590899E+001   1.7470515503E-001
  -1.0822976943E+001   1.7606552132E-001
  -1.0668362987E+001   1.7776266827E-001
  -1.0513749030E+001   1.7981026691E-001
  -1.0359135074E+001   1.8234275227E-001
  -1.0204521118E+001   1.8573125294E-001
  -1.0049907161E+001   1.9079708950E-001
  -9.8952932049E+000   1.9924725100E-001
  -9.7406792486E+000   2.1456717864E-001
  -9.5860652923E+000   2.4363410810E-001
  -9.4314513359E+000   2.9907744249E-001
  -9.2768373796E+000   4.0264793901E-001
  -9.1222234233E+000   5.9363352181E-001
  -8.9676094670E+000   9.4728588243E-001
  -8.8129955106E+000   1.5542646256E+000
  -8.6583815543E+000   2.3072810613E+000
  -8.5037675980E+000   2.6850480356E+000
  -8.3491536417E+000   2.3076085892E+000
  -8.1945396853E+000   1.5549207715E+000
  -8.0399257290E+000   9.4827399137E-001
  -7.8853117727E+000   5.9495859213E-001
  -7.7306978164E+000   4.0431428891E-001
  -7.5760838600E+000   3.0108691292E-001
  -7.4214699037E+000   2.4598550457E-001
  -7.2668559474E+000   2.1725632116E-001
  -7.1122419910E+000   2.0226714527E-001
  -6.9576280347E+000   1.9413810140E-001
  -6.8030140784E+000   1.8938130202E-001
  -6.6484001221E+000   1.8628755240E-001
  -6.4937861657E+000   1.8403361420E-001
  -6.3391722094E+000   1.8224674397E-001
  -6.1845582531E+000   1.8079116230E-001
  -6.0299442968E+000   1.7965204694E-001
  -5.8753303404E+000   1.7886561976E-001
  -5.7207163841E+000   1.7847491167E-001
  -5.5661024278E+000   1.7850434306E-001
  -5.4114884714E+000   1.7894968114E-001
  -5.2568745151E+000   1.7977999048E-001
  -5.1022605588E+000   1.8095243016E-001
  -4.9476466025E+000   1.8244361605E-001
  -4.7930326461E+000   1.8430119850E-001
  -4.6384186898E+000   1.8672581147E-001
  -4.4838047335E+000   1.9021128841E-001
  -4.3291907772E+000   1.9581300402E-001
  -4.1745768208E+000   2.0570432912E-001
  -4.0199628645E+000   2.2428545141E-001
  -3.8653489082E+000   2.6005972254E-001
  -3.7107349518E+000   3.2822291276E-001
  -3.5561209955E+000   4.5493571625E-001
  -3.4015070392E+000   6.8923115492E-001
  -3.2468930829E+000   1.1197202330E+000
  -3.0922791265E+000   1.8072495501E+000
  -2.9376651702E+000   2.5066619014E+000
  -2.7830512139E+000   2.6385377814E+000
  -2.6284372576E+000   2.0652929830E+000
  -2.4738233012E+000   1.3223506518E+000
  -2.3192093449E+000   8.0509882709E-001
  -2.1645953886E+000   5.1688573845E-001
  -2.0099814323E+000   3.6129810736E-001
  -1.8553674759E+000   2.7708343265E-001
  -1.7007535196E+000   2.3241496505E-001
  -1.5461395633E+000   2.0911024689E-001
  -1.3915256069E+000   1.9675818052E-001
  -1.2369116506E+000   1.8983887118E-001
  -1.0822976943E+000   1.8559623893E-001
  -9.2768373796E-001   1.8268588248E-001
  -7.7306978164E-001   1.8046696012E-001
  -6.1845582531E-001   1.7866141396E-001
  -4.6384186898E-001   1.7718219741E-001
  -3.0922791265E-001   1.7603642925E-001
  -1.5461395633E-001   1.7526559333E-001
   0.0000000000E+000   1.7490812345E-001
   1.5461395633E-001   1.7497964506E-001
   3.0922791265E-001   1.7546724977E-001
   4.6384186898E-001   1.7633539807E-001
   6.1845582531E-001   1.7754580724E-001
   7.7306978164E-001   1.7909491496E-001
   9.2768373796E-001   1.8107362626E-001
   1.0822976943E+000   1.8376400671E-001
   1.2369116506E+000   1.8781083951E-001
   1.3915256069E+000   1.9456213439E-001
   1.5461395633E+000   2.0677676879E-001
   1.7007535196E+000   2.2997550919E-001
   1.8553674759E+000   2.7456620736E-001
   2.0099814323E+000   3.5872101763E-001
   2.1645953886E+000   5.1424669847E-001
   2.3192093449E+000   8.0236302175E-001
   2.4738233012E+000   1.3194395574E+000
   2.6284372576E+000   2.0621217672E+000
   2.7830512139E+000   2.6351499637E+000
   2.9376651702E+000   2.5032750692E+000
   3.0922791265E+000   1.8040305815E+000
   3.2468930829E+000   1.1166411450E+000
   3.4015070392E+000   6.8618652543E-001
   3.5561209955E+000   4.5185092000E-001
   3.7107349518E+000   3.2506601329E-001
   3.8653489082E+000   2.5682749052E-001
   4.0199628645E+000   2.2099154358E-001
   4.1745768208E+000   2.0236999201E-001
   4.3291907772E+000   1.9246061495E-001
   4.4838047335E+000   1.8686090156E-001
   4.6384186898E+000   1.8339367973E-001
   4.7930326461E+000   1.8099921676E-001
   4.9476466025E+000   1.7917918119E-001
   5.1022605588E+000   1.7772860548E-001
   5.2568745151E+000   1.7659597247E-001
   5.4114884714E+000   1.7580153969E-001
   5.5661024278E+000   1.7538597025E-001
   5.7207163841E+000   1.7537910650E-001
   5.8753303404E+000   1.7578524705E-001
   6.0299442968E+000   1.7658122414E-001
   6.1845582531E+000   1.7772642898E-001
   6.3391722094E+000   1.7918815151E-001
   6.4937861657E+000   1.8098564949E-001
   6.6484001221E+000   1.8325979767E-001
   6.8030140784E+000   1.8638874849E-001
   6.9576280347E+000   1.9120107432E-001
   7.1122419910E+000   1.9941077925E-001
   7.2668559474E+000   2.1450929180E-001
   7.4214699037E+000   2.4337723347E-001
   7.5760838600E+000   2.9864215028E-001
   7.7306978164E+000   4.0204464542E-001
   7.8853117727E+000   5.9285140089E-001
   8.0399257290E+000   9.4627830138E-001
   8.1945396853E+000   1.5529454077E+000
   8.3491536417E+000   2.3055975830E+000
   8.5037675980E+000   2.6831263492E+000
   8.6583815543E+000   2.3056986822E+000
   8.8129955106E+000   1.5531298479E+000
   8.9676094670E+000   9.4652468781E-001
   9.1222234233E+000   5.9314431940E-001
   9.2768373796E+000   4.0237456522E-001
   9.4314513359E+000   2.9900341703E-001
   9.5860652923E+000   2.4376736606E-001
   9.7406792486E+000   2.1492830726E-001
   9.8952932049E+000   1.9986021450E-001
   1.0049907161E+001   1.9168323803E-001
   1.0204521118E+001   1.8690638842E-001
   1.0359135074E+001   1.8381600949E-001
   1.0513749030E+001   1.8158382361E-001
   1.0668362987E+001   1.7983186755E-001
   1.0822976943E+001   1.7841930164E-001
   1.0977590899E+001   1.7732673704E-001
   1.1132204856E+001   1.7658660175E-001
   1.1286818812E+001   1.7623909452E-001
   1.1441432768E+001   1.7630686209E-001
   1.1596046725E+001   1.7678497935E-001
   1.1750660681E+001   1.7764287064E-001
   1.1905274637E+001   1.7883903556E-001
   1.2059888594E+001   1.8035229112E-001
   1.2214502550E+001   1.8223316977E-001
   1.2369116506E+001   1.8468562629E-001
   1.2523730462E+001   1.8820696277E-001
   1.2678344419E+001   1.9385585121E-001
   1.2832958375E+001   2.0380841204E-001
   1.2987572331E+001   2.2246644738E-001
   1.3142186288E+001   2.5833275232E-001
   1.3296800244E+001   3.2659889007E-001
   1.3451414200E+001   4.5341635856E-001
   1.3606028157E+001   6.8780340444E-001
   1.3760642113E+001   1.1183522994E+000
   1.3915256069E+001   1.8059014981E+000
   1.4069870026E+001   2.5053324200E+000
   1.4224483982E+001   2.6373057008E+000
   1.4379097938E+001   2.0642578969E+000
   1.4533711895E+001   1.3215438269E+000
   1.4688325851E+001   8.0449491733E-001
   1.4842939807E+001   5.1645557255E-001
   1.4997553764E+001   3.6102850213E-001
   1.5152167720E+001   2.7697509704E-001
   1.5306781676E+001   2.3247694481E-001
   1.5461395633E+001   2.0935496155E-001
   1.5616009589E+001   1.9719765740E-001
   1.5770623545E+001   1.9048240879E-001
   1.5925237502E+001   1.8644919956E-001
   1.6079851458E+001   1.8374918051E-001
   1.6234465414E+001   1.8173698074E-001
   1.6389079371E+001   1.8013024372E-001
   1.6543693327E+001   1.7883808817E-001
   1.6698307283E+001   1.7786440393E-001
   1.6852921240E+001   1.7724809746E-001
   1.7007535196E+001   1.7702564639E-001
   1.7162149152E+001   1.7721126478E-001
   1.7316763109E+001   1.7779108463E-001
   1.7471377065E+001   1.7872897768E-001
   1.7625991021E+001   1.7998639410E-001
   1.7780604978E+001   1.8155981248E-001
   1.7935218934E+001   1.8354049853E-001
   1.8089832890E+001   1.8621121112E-001
   1.8244446847E+001   1.9021774123E-001
   1.8399060803E+001   1.9690937813E-001
   1.8553674759E+001   2.0904661355E-001
   1.8708288716E+001   2.3215262194E-001
   1.8862902672E+001   2.7663957981E-001
   1.9017516628E+001   3.6068745843E-001
   1.9172130585E+001   5.1611585616E-001
   1.9326744541E+001   8.0416503017E-001
   1.9481358497E+001   1.3212340390E+000
   1.9635972454E+001   2.0639781310E+000
   1.9790586410E+001   2.6370604430E+000
   1.9945200366E+001   2.5051177662E+000
   2.0099814323E+001   1.8057099172E+000
   2.0254428279E+001   1.1181800831E+000
   2.0409042235E+001   6.8765206352E-001
   2.0563656191E+001   4.5328917493E-001
   2.0718270148E+001   3.2649855080E-001
   2.0872884104E+001   2.5826114348E-001
   2.1027498060E+001   2.2242483293E-001
   2.1182112017E+001   2.0379732027E-001
   2.1336725973E+001   1.9387491791E-001
   2.1491339929E+001   1.8825491076E-001
   2.1645953886E+001   1.8476035211E-001
   2.1800567842E+001   1.8233185941E-001
   2.1955181798E+001   1.8047151949E-001
   2.2109795755E+001   1.7897484130E-001
   2.2264409711E+001   1.7779081538E-001
   2.2419023667E+001   1.7694020216E-001
   2.2573637624E+001   1.7646413668E-001
   2.2728251580E+001   1.7639289423E-001
   2.2882865536E+001   1.7673117767E-001
   2.3037479493E+001   1.7745621700E-001
   2.3192093449E+001   1.7852782030E-001
   2.3346707405E+001   1.7991373672E-001
   2.3501321362E+001   1.8163374256E-001
   2.3655935318E+001   1.8382929571E-001
   2.3810549274E+001   1.8687918458E-001
   2.3965163231E+001   1.9161264065E-001
   2.4119777187E+001   1.9974431475E-001
   2.4274391143E+001   2.1476627651E-001
   2.4429005100E+001   2.4355992578E-001
   2.4583619056E+001   2.9875409493E-001
   2.4738233012E+001   4.0209182653E-001
   2.4892846969E+001   5.9284476664E-001
   2.5047460925E+001   9.4623941892E-001
   2.5202074881E+001   1.5529110072E+000
   2.5356688838E+001   2.3055949088E+000
   2.5511302794E+001   2.6831155189E+000
   2.5665916750E+001   2.3055948428E+000
   2.5820530707E+001   1.5529108607E+000
   2.5975144663E+001   9.4623916484E-001
   2.6129758619E+001   5.9284436747E-001
   2.6284372576E+001   4.0209123630E-001
   2.6438986532E+001   2.9875325982E-001
   2.6593600488E+001   2.4355878331E-001
   2.6748214445E+001   2.1476475389E-001
   2.6902828401E+001   1.9974232677E-001
   2.7057442357E+001   1.9161008762E-001
   2.7212056314E+001   1.8687595018E-001
   2.7366670270E+001   1.8382524461E-001
   2.7521284226E+001   1.8162871773E-001
   2.7675898183E+001   1.7990755622E-001
   2.7830512139E+001   1.7852027378E-001
   2.7985126095E+001   1.7744706182E-001
   2.8139740052E+001   1.7672013495E-001
   2.8294354008E+001   1.7637964484E-001
   2.8448967964E+001   1.7644831752E-001
   2.8603581920E+001   1.7692140303E-001
   2.8758195877E+001   1.7776857691E-001
   2.8912809833E+001   1.7894865433E-001
   2.9067423789E+001   1.8044082650E-001
   2.9222037746E+001   1.8229605843E-001
   2.9376651702E+001   1.8471880365E-001
   2.9531265658E+001   1.8820694872E-001
   2.9685879615E+001   1.9381986611E-001
   2.9840493571E+001   2.0373451718E-001
   2.9995107527E+001   2.2235366660E-001
   3.0149721484E+001   2.5818109380E-001
   3.0304335440E+001   3.2640922753E-001
   3.0458949396E+001   4.5319033816E-001
   3.0613563353E+001   6.8754362514E-001
   3.0768177309E+001   1.1180620408E+000
   3.0922791265E+001   1.8055819687E+000
   3.1077405222E+001   2.5049783865E+000
   3.1232019178E+001   2.6369061086E+000
   3.1386633134E+001   2.0638039468E+000
   3.1541247091E+001   1.3210354464E+000
   3.1695861047E+001   8.0393878565E-001
   3.1850475003E+001   5.1585977778E-001
   3.2005088960E+001   3.6039996300E-001
   3.2159702916E+001   2.7631955159E-001
   3.2314316872E+001   2.3179939459E-001
   3.2468930829E+001   2.0865990450E-001
   3.2623544785E+001   1.9648922262E-001
   3.2778158741E+001   1.8976447237E-001
   3.2932772698E+001   1.8572547253E-001
   3.3087386654E+001   1.8302325845E-001
   3.3242000610E+001   1.8101236154E-001
   3.3396614567E+001   1.7941032577E-001
   3.3551228523E+001   1.7812615925E-001
   3.3705842479E+001   1.7716362695E-001
   3.3860456436E+001   1.7656149605E-001
