  -3.4015070392E+001   1.7635678311E-001
  -3.3860456436E+001   1.7656216305E-001
  -3.3705842479E+001   1.7716426600E-001
  -3.3551228523E+001   1.7812676716E-001
  -3.3396614567E+001   1.7941089912E-001
  -3.3242000610E+001   1.8101289649E-001
  -3.3087386654E+001   1.8302375055E-001
  -3.2932772698E+001   1.8572591665E-001
  -3.2778158741E+001   1.8976486275E-001
  -3.2623544785E+001   1.9648955309E-001
  -3.2468930829E+001   2.0866016887E-001
  -3.2314316872E+001   2.3179958720E-001
  -3.2159702916E+001   2.7631966801E-001
  -3.2005088960E+001   3.6040000067E-001
  -3.1850475003E+001   5.1585973627E-001
  -3.1695861047E+001   8.0393866517E-001
  -3.1541247091E+001   1.3210352430E+000
  -3.1386633134E+001   2.0638036524E+000
  -3.1232019178E+001   2.6369057319E+000
  -3.1077405222E+001   2.5049779660E+000
  -3.0922791265E+001   1.8055815352E+000
  -3.0768177309E+001   1.1180615952E+000
  -3.0613563353E+001   6.8754316128E-001
  -3.0458949396E+001   4.5318985636E-001
  -3.0304335440E+001   3.2640873107E-001
  -3.0149721484E+001   2.5818058507E-001
  -2.9995107527E+001   2.2235314643E-001
  -2.9840493571E+001   2.0373398530E-001
  -2.9685879615E+001   1.9381932182E-001
  -2.9531265658E+001   1.8820639153E-001
  -2.9376651702E+001   1.8471823374E-001
  -2.9222037746E+001   1.8229547695E-001
  -2.9067423789E+001   1.8044023574E-001
  -2.8912809833E+001   1.7894805767E-001
  -2.8758195877E+001   1.7776797866E-001
  -2.8603581920E+001   1.7692080822E-001
  -2.8448967964E+001   1.7644773166E-001
  -2.8294354008E+001   1.7637907369E-001
  -2.8139740052E+001   1.7671958430E-001
  -2.7985126095E+001   1.7744653725E-001
  -2.7830512139E+001   1.7851978044E-001
  -2.7675898183E+001   1.7990709860E-001
  -2.7521284226E+001   1.8162829933E-001
  -2.7366670270E+001   1.8382486777E-001
  -2.7212056314E+001   1.8687561592E-001
  -2.7057442357E+001   1.9160979566E-001
  -2.6902828401E+001   1.9974207569E-001
  -2.6748214445E+001   2.1476454147E-001
  -2.6593600488E+001   2.4355860694E-001
  -2.6438986532E+001   2.9875311699E-001
  -2.6284372576E+001   4.0209112505E-001
  -2.6129758619E+001   5.9284428593E-001
  -2.5975144663E+001   9.4623910812E-001
  -2.5820530707E+001   1.5529108153E+000
  -2.5665916750E+001   2.3055947919E+000
  -2.5511302794E+001   2.6831154664E+000
  -2.5356688838E+001   2.3055948747E+000
  -2.5202074881E+001   1.5529109837E+000
  -2.5047460925E+001   9.4623936587E-001
  -2.4892846969E+001   5.9284463502E-001
  -2.4738233012E+001   4.0209156299E-001
  -2.4583619056E+001   2.9875363467E-001
  -2.4429005100E+001   2.4355918711E-001
  -2.4274391143E+001   2.1476515746E-001
  -2.4119777187E+001   1.9974268985E-001
  -2.3965163231E+001   1.9161035721E-001
  -2.3810549274E+001   1.8687605825E-001
  -2.3655935318E+001   1.8382510514E-001
  -2.3501321362E+001   1.8162822329E-001
  -2.3346707405E+001   1.7990657386E-001
  -2.3192093449E+001   1.7851864054E-001
  -2.3037479493E+001   1.7744457975E-001
  -2.2882865536E+001   1.7671656577E-001
  -2.2728251580E+001   1.7637470456E-001
  -2.2573637624E+001   1.7644167116E-001
  -2.2419023667E+001   1.7691265984E-001
  -2.2264409711E+001   1.7775728639E-001
  -2.2109795755E+001   1.7893430362E-001
  -2.1955181798E+001   1.8042283964E-001
  -2.1800567842E+001   1.8227379795E-001
  -2.1645953886E+001   1.8469157509E-001
  -2.1491339929E+001   1.8817400891E-001
  -2.1336725973E+001   1.9378043683E-001
  -2.1182112017E+001   2.0368780618E-001
  -2.1027498060E+001   2.2229889775E-001
  -2.0872884104E+001   2.5811754337E-001
  -2.0718270148E+001   3.2633625539E-001
  -2.0563656191E+001   4.5310739941E-001
  -2.0409042235E+001   6.8745025714E-001
  -2.0254428279E+001   1.1179577802E+000
  -2.0099814323E+001   1.8054659906E+000
  -1.9945200366E+001   2.5048487067E+000
  -1.9790586410E+001   2.6367589318E+000
  -1.9635972454E+001   2.0636341821E+000
  -1.9481358497E+001   1.3208381442E+000
  -1.9326744541E+001   8.0371001265E-001
  -1.9172130585E+001   5.1559644602E-001
  -1.9017516628E+001   3.6009944204E-001
  -1.8862902672E+001   2.7597953891E-001
  -1.8708288716E+001   2.3141787407E-001
  -1.8553674759E+001   2.0823506338E-001
  -1.8399060803E+001   1.9601937031E-001
  -1.8244446847E+001   1.8924800076E-001
  -1.8089832890E+001   1.8516084394E-001
  -1.7935218934E+001   1.8240899291E-001
  -1.7780604978E+001   1.8034700813E-001
  -1.7625991021E+001   1.7869241868E-001
  -1.7471377065E+001   1.7735416705E-001
  -1.7316763109E+001   1.7633590486E-001
  -1.7162149152E+001   1.7567624859E-001
  -1.7007535196E+001   1.7541134961E-001
  -1.6852921240E+001   1.7555507755E-001
  -1.6698307283E+001   1.7609322142E-001
  -1.6543693327E+001   1.7698933214E-001
  -1.6389079371E+001   1.7820458256E-001
  -1.6234465414E+001   1.7973524042E-001
  -1.6079851458E+001   1.8167245448E-001
  -1.5925237502E+001   1.8429899947E-001
  -1.5770623545E+001   1.8826087878E-001
  -1.5616009589E+001   1.9490789531E-001
  -1.5461395633E+001   2.0700149908E-001
  -1.5306781676E+001   2.3006639470E-001
  -1.5152167720E+001   2.7451684692E-001
  -1.4997553764E+001   3.5853523139E-001
  -1.4842939807E+001   5.1394361171E-001
  -1.4688325851E+001   8.0198464230E-001
  -1.4533711895E+001   1.3190575980E+000
  -1.4379097938E+001   2.0618080848E+000
  -1.4224483982E+001   2.6348731376E+000
  -1.4069870026E+001   2.5028596406E+000
  -1.3915256069E+001   1.8033202070E+000
  -1.3760642113E+001   1.1156181559E+000
  -1.3606028157E+001   6.8490228710E-001
  -1.3451414200E+001   4.5035031507E-001
  -1.3296800244E+001   3.2337646511E-001
  -1.3142186288E+001   2.5496736893E-001
  -1.2987572331E+001   2.1897598033E-001
  -1.2832958375E+001   2.0021388251E-001
  -1.2678344419E+001   1.9018040860E-001
  -1.2523730462E+001   1.8447564037E-001
  -1.2369116506E+001   1.8092546873E-001
  -1.2214502550E+001   1.7847326627E-001
  -1.2059888594E+001   1.7662352589E-001
  -1.1905274637E+001   1.7517359270E-001
  -1.1750660681E+001   1.7407360688E-001
  -1.1596046725E+001   1.7334475039E-001
  -1.1441432768E+001   1.7302783332E-001
  -1.1286818812E+001   1.7315202602E-001
  -1.1132204856E+001   1.7372007917E-001
  -1.0977590899E+001   1.7470632650E-001
  -1.0822976943E+001   1.7606663836E-001
  -1.0668362987E+001   1.7776372870E-001
  -1.0513749030E+001   1.7981127048E-001
  -1.0359135074E+001   1.8234370083E-001
  -1.0204521118E+001   1.8573215055E-001
  -1.0049907161E+001   1.9079794240E-001
  -9.8952932049E+000   1.9924806748E-001
  -9.7406792486E+000   2.1456796855E-001
  -9.5860652923E+000   2.4363488144E-001
  -9.4314513359E+000   2.9907820632E-001
  -9.2768373796E+000   4.0264869248E-001
  -9.1222234233E+000   5.9363424946E-001
  -8.9676094670E+000   9.4728654471E-001
  -8.8129955106E+000   1.5542651547E+000
  -8.6583815543E+000   2.3072814080E+000
  -8.5037675980E+000   2.6850482696E+000
  -8.3491536417E+000   2.3076088717E+000
  -8.1945396853E+000   1.5549211796E+000
  -8.0399257290E+000   9.4827448469E-001
  -7.8853117727E+000   5.9495910933E-001
  -7.7306978164E+000   4.0431479407E-001
  -7.5760838600E+000   3.0108739209E-001
  -7.4214699037E+000   2.4598595676E-001
  -7.2668559474E+000   2.1725675230E-001
  -7.1122419910E+000   2.0226756391E-001
  -6.9576280347E+000   1.9413851609E-001
  -6.8030140784E+000   1.8938172011E-001
  -6.6484001221E+000   1.8628797960E-001
  -6.4937861657E+000   1.8403405453E-001
  -6.3391722094E+000   1.8224719980E-001
  -6.1845582531E+000   1.8079163447E-001
  -6.0299442968E+000   1.7965253504E-001
  -5.8753303404E+000   1.7886612238E-001
  -5.7207163841E+000   1.7847542673E-001
  -5.5661024278E+000   1.7850486798E-001
  -5.4114884714E+000   1.7895021299E-001
  -5.2568745151E+000   1.7978052588E-001
  -5.1022605588E+000   1.8095296508E-001
  -4.9476466025E+000   1.8244414544E-001
  -4.7930326461E+000   1.8430171581E-001
  -4.6384186898E+000   1.8672630827E-001
  -4.4838047335E+000   1.9021175404E-001
  -4.3291907772E+000   1.9581342541E-001
  -4.1745768208E+000   2.0570469094E-001
  -4.0199628645E+000   2.2428573683E-001
  -3.8653489082E+000   2.6005991549E-001
  -3.7107349518E+000   3.2822300248E-001
  -3.5561209955E+000   4.5493570414E-001
  -3.4015070392E+000   6.8923106284E-001
  -3.2468930829E+000   1.1197201109E+000
  -3.0922791265E+000   1.8072494653E+000
  -2.9376651702E+000   2.5066618764E+000
  -2.7830512139E+000   2.6385377342E+000
  -2.6284372576E+000   2.0652928055E+000
  -2.4738233012E+000   1.3223503296E+000
  -2.3192093449E+000   8.0509841893E-001
  -2.1645953886E+000   5.1688530216E-001
  -2.0099814323E+000   3.6129767465E-001
  -1.8553674759E+000   2.7708301368E-001
  -1.7007535196E+000   2.3241455671E-001
  -1.5461395633E+000   2.0910983975E-001
  -1.3915256069E+000   1.9675776382E-001
  -1.2369116506E+000   1.8983843550E-001
  -1.0822976943E+000   1.8559577732E-001
  -9.2768373796E-001   1.8268539065E-001
  -7.7306978164E-001   1.8046643627E-001
  -6.1845582531E-001   1.7866085844E-001
  -4.6384186898E-001   1.7718161218E-001
  -3.0922791265E-001   1.7603581729E-001
  -1.5461395633E-001   1.7526495810E-001
   0.0000000000E+000   1.7490746840E-001
   1.5461395633E-001   1.7497897326E-001
   3.0922791265E-001   1.7546656365E-001
   4.6384186898E-001   1.7633469921E-001
   6.1845582531E-001   1.7754509621E-001
   7.7306978164E-001   1.7909419121E-001
   9.2768373796E-001   1.8107288803E-001
   1.0822976943E+000   1.8376325101E-001
   1.2369116506E+000   1.8781006225E-001
   1.3915256069E+000   1.9456133068E-001
   1.5461395633E+000   2.0677593338E-001
   1.7007535196E+000   2.2997463706E-001
   1.8553674759E+000   2.7456529445E-001
   2.0099814323E+000   3.5872006162E-001
   2.1645953886E+000   5.1424569936E-001
   2.3192093449E+000   8.0236198096E-001
   2.4738233012E+000   1.3194384739E+000
   2.6284372576E+000   2.0621206355E+000
   2.7830512139E+000   2.6351487869E+000
   2.9376651702E+000   2.5032738702E+000
   3.0922791265E+000   1.8040293806E+000
   3.2468930829E+000   1.1166399454E+000
   3.4015070392E+000   6.8618532715E-001
   3.5561209955E+000   4.5184972650E-001
   3.7107349518E+000   3.2506482784E-001
   3.8653489082E+000   2.5682631352E-001
   4.0199628645E+000   2.2099037272E-001
   4.1745768208E+000   2.0236882340E-001
   4.3291907772E+000   1.9245944416E-001
   4.4838047335E+000   1.8685972447E-001
   4.6384186898E+000   1.8339249310E-001
   4.7930326461E+000   1.8099801858E-001
   4.9476466025E+000   1.7917797088E-001
   5.1022605588E+000   1.7772738391E-001
   5.2568745151E+000   1.7659474188E-001
   5.4114884714E+000   1.7580030347E-001
   5.5661024278E+000   1.7538473268E-001
   5.7207163841E+000   1.7537787246E-001
   5.8753303404E+000   1.7578402169E-001
   6.0299442968E+000   1.7658001246E-001
   6.1845582531E+000   1.7772523538E-001
   6.3391722094E+000   1.7918697925E-001
   6.4937861657E+000   1.8098450020E-001
   6.6484001221E+000   1.8325867081E-001
   6.8030140784E+000   1.8638764100E-001
   6.9576280347E+000   1.9119998043E-001
   7.1122419910E+000   1.9940969050E-001
   7.2668559474E+000   2.1450819751E-001
   7.4214699037E+000   2.4337612207E-001
   7.5760838600E+000   2.9864101234E-001
   7.7306978164E+000   4.0204347853E-001
   7.8853117727E+000   5.9285021577E-001
   8.0399257290E+000   9.4627712814E-001
   8.1945396853E+000   1.5529442947E+000
   8.3491536417E+000   2.3055965648E+000
   8.5037675980E+000   2.6831253922E+000
   8.6583815543E+000   2.3056977039E+000
   8.8129955106E+000   1.5531288116E+000
   8.9676094670E+000   9.4652362408E-001
   9.1222234233E+000   5.9314327349E-001
   9.2768373796E+000   4.0237356485E-001
   9.4314513359E+000   2.9900247108E-001
   9.5860652923E+000   2.4376647065E-001
   9.7406792486E+000   2.1492745159E-001
   9.8952932049E+000   1.9985938546E-001
   1.0049907161E+001   1.9168242304E-001
   1.0204521118E+001   1.8690557677E-001
   1.0359135074E+001   1.8381519280E-001
   1.0513749030E+001   1.8158299589E-001
   1.0668362987E+001   1.7983102511E-001
   1.0822976943E+001   1.7841844270E-001
   1.0977590899E+001   1.7732586136E-001
   1.1132204856E+001   1.7658571022E-001
   1.1286818812E+001   1.7623818870E-001
   1.1441432768E+001   1.7630594391E-001
   1.1596046725E+001   1.7678405082E-001
   1.1750660681E+001   1.7764193363E-001
   1.1905274637E+001   1.7883809162E-001
   1.2059888594E+001   1.8035134127E-001
   1.2214502550E+001   1.8223221433E-001
   1.2369116506E+001   1.8468466479E-001
   1.2523730462E+001   1.8820599397E-001
   1.2678344419E+001   1.9385487325E-001
   1.2832958375E+001   2.0380742284E-001
   1.2987572331E+001   2.2246544512E-001
   1.3142186288E+001   2.5833173609E-001
   1.3296800244E+001   3.2659786049E-001
   1.3451414200E+001   4.5341531821E-001
   1.3606028157E+001   6.8780235706E-001
   1.3760642113E+001   1.1183512459E+000
   1.3915256069E+001   1.8059004328E+000
   1.4069870026E+001   2.5053313440E+000
   1.4224483982E+001   2.6373046450E+000
   1.4379097938E+001   2.0642569002E+000
   1.4533711895E+001   1.3215429000E+000
   1.4688325851E+001   8.0449405468E-001
   1.4842939807E+001   5.1645477353E-001
   1.4997553764E+001   3.6102777037E-001
   1.5152167720E+001   2.7697443564E-001
   1.5306781676E+001   2.3247635475E-001
   1.5461395633E+001   2.0935444199E-001
   1.5616009589E+001   1.9719720645E-001
   1.5770623545E+001   1.9048202418E-001
   1.5925237502E+001   1.8644887927E-001
   1.6079851458E+001   1.8374892317E-001
   1.6234465414E+001   1.8173678588E-001
   1.6389079371E+001   1.8013011187E-001
   1.6543693327E+001   1.7883802071E-001
   1.6698307283E+001   1.7786440295E-001
   1.6852921240E+001   1.7724816552E-001
   1.7007535196E+001   1.7702578633E-001
   1.7162149152E+001   1.7721147950E-001
   1.7316763109E+001   1.7779137687E-001
   1.7471377065E+001   1.7872934981E-001
   1.7625991021E+001   1.7998684787E-001
   1.7780604978E+001   1.8156034883E-001
   1.7935218934E+001   1.8354111734E-001
   1.8089832890E+001   1.8621191108E-001
   1.8244446847E+001   1.9021851986E-001
   1.8399060803E+001   1.9691023197E-001
   1.8553674759E+001   2.0904753852E-001
   1.8708288716E+001   2.3215361386E-001
   1.8862902672E+001   2.7664063502E-001
   1.9017516628E+001   3.6068857448E-001
   1.9172130585E+001   5.1611703203E-001
   1.9326744541E+001   8.0416626475E-001
   1.9481358497E+001   1.3212353262E+000
   1.9635972454E+001   2.0639794600E+000
   1.9790586410E+001   2.6370618189E+000
   1.9945200366E+001   2.5051192231E+000
   2.0099814323E+001   1.8057114810E+000
   2.0254428279E+001   1.1181817492E+000
   2.0409042235E+001   6.8765381953E-001
   2.0563656191E+001   4.5329101448E-001
   2.0718270148E+001   3.2650046984E-001
   2.0872884104E+001   2.5826313650E-001
   2.1027498060E+001   2.2242689232E-001
   2.1182112017E+001   2.0379943683E-001
   2.1336725973E+001   1.9387708158E-001
   2.1491339929E+001   1.8825711129E-001
   2.1645953886E+001   1.8476257958E-001
   2.1800567842E+001   1.8233410461E-001
   2.1955181798E+001   1.8047377411E-001
   2.2109795755E+001   1.7897709795E-001
   2.2264409711E+001   1.7779306748E-001
   2.2419023667E+001   1.7694244381E-001
   2.2573637624E+001   1.7646636248E-001
   2.2728251580E+001   1.7639509911E-001
   2.2882865536E+001   1.7673335672E-001
   2.3037479493E+001   1.7745836533E-001
   2.3192093449E+001   1.7852993289E-001
   2.3346707405E+001   1.7991580822E-001
   2.3501321362E+001   1.8163576711E-001
   2.3655935318E+001   1.8383126682E-001
   2.3810549274E+001   1.8688109508E-001
   2.3965163231E+001   1.9161448281E-001
   2.4119777187E+001   1.9974608057E-001
   2.4274391143E+001   2.1476795819E-001
   2.4429005100E+001   2.4356151629E-001
   2.4583619056E+001   2.9875558873E-001
   2.4738233012E+001   4.0209322019E-001
   2.4892846969E+001   5.9284605873E-001
   2.5047460925E+001   9.4624060741E-001
   2.5202074881E+001   1.5529120845E+000
   2.5356688838E+001   2.3055958677E+000
   2.5511302794E+001   2.6831163778E+000
   2.5665916750E+001   2.3055956418E+000
   2.5820530707E+001   1.5529116190E+000
   2.5975144663E+001   9.4623987671E-001
   2.6129758619E+001   5.9284502749E-001
   2.6284372576E+001   4.0209184534E-001
   2.6438986532E+001   2.9875382007E-001
   2.6593600488E+001   2.4355929564E-001
   2.6748214445E+001   2.1476521771E-001
   2.6902828401E+001   1.9974274067E-001
   2.7057442357E+001   1.9161044999E-001
   2.7212056314E+001   1.8687625983E-001
   2.7366670270E+001   1.8382550115E-001
   2.7521284226E+001   1.8162892184E-001
   2.7675898183E+001   1.7990770974E-001
   2.7830512139E+001   1.7852037960E-001
   2.7985126095E+001   1.7744712375E-001
   2.8139740052E+001   1.7672015743E-001
   2.8294354008E+001   1.7637963276E-001
   2.8448967964E+001   1.7644827600E-001
   2.8603581920E+001   1.7692133719E-001
   2.8758195877E+001   1.7776849168E-001
   2.8912809833E+001   1.7894855423E-001
   2.9067423789E+001   1.8044071537E-001
   2.9222037746E+001   1.8229593929E-001
   2.9376651702E+001   1.8471867848E-001
   2.9531265658E+001   1.8820681846E-001
   2.9685879615E+001   1.9381973077E-001
   2.9840493571E+001   2.0373437619E-001
   2.9995107527E+001   2.2235351926E-001
   3.0149721484E+001   2.5818093989E-001
   3.0304335440E+001   3.2640906797E-001
   3.0458949396E+001   4.5319017552E-001
   3.0613563353E+001   6.8754346292E-001
   3.0768177309E+001   1.1180618796E+000
   3.0922791265E+001   1.8055818025E+000
   3.1077405222E+001   2.5049782167E+000
   3.1232019178E+001   2.6369059663E+000
   3.1386633134E+001   2.0638038709E+000
   3.1541247091E+001   1.3210354459E+000
   3.1695861047E+001   8.0393885299E-001
   3.1850475003E+001   5.1585990934E-001
   3.2005088960E+001   3.6040015938E-001
   3.2159702916E+001   2.7631981278E-001
   3.2314316872E+001   2.3179971839E-001
   3.2468930829E+001   2.0866028684E-001
   3.2623544785E+001   1.9648965819E-001
   3.2778158741E+001   1.8976495531E-001
   3.2932772698E+001   1.8572599696E-001
   3.3087386654E+001   1.8302381887E-001
   3.3242000610E+001   1.8101295306E-001
   3.3396614567E+001   1.7941094414E-001
   3.3551228523E+001   1.7812680077E-001
   3.3705842479E+001   1.7716428834E-001
   3.3860456436E+001   1.7656217420E-001
