  -3.4015070392E+001   1.7635665760E-001
  -3.3860456436E+001   1.7656203154E-001
  -3.3705842479E+001   1.7716412861E-001
  -3.3551228523E+001   1.7812662398E-001
  -3.3396614567E+001   1.7941075014E-001
  -3.3242000610E+001   1.8101274151E-001
  -3.3087386654E+001   1.8302358913E-001
  -3.2932772698E+001   1.8572574806E-001
  -3.2778158741E+001   1.8976468597E-001
  -3.2623544785E+001   1.9648936690E-001
  -3.2468930829E+001   2.0865997204E-001
  -3.2314316872E+001   2.3179937874E-001
  -3.2159702916E+001   2.7631944742E-001
  -3.2005088960E+001   3.6039976830E-001
  -3.1850475003E+001   5.1585949346E-001
  -3.1695861047E+001   8.0393841332E-001
  -3.1541247091E+001   1.3210349807E+000
  -3.1386633134E+001   2.0638033755E+000
  -3.1232019178E+001   2.6369054447E+000
  -3.1077405222E+001   2.5049776891E+000
  -3.0922791265E+001   1.8055812848E+000
  -3.0768177309E+001   1.1180613710E+000
  -3.0613563353E+001   6.8754295919E-001
  -3.0458949396E+001   4.5318967622E-001
  -3.0304335440E+001   3.2640857435E-001
  -3.0149721484E+001   2.5818045262E-001
  -2.9995107527E+001   2.2235303810E-001
  -2.9840493571E+001   2.0373390017E-001
  -2.9685879615E+001   1.9381925852E-001
  -2.9531265658E+001   1.8820634855E-001
  -2.9376651702E+001   1.8471820959E-001
  -2.9222037746E+001   1.8229547038E-001
  -2.9067423789E+001   1.8044024574E-001
  -2.8912809833E+001   1.7894808351E-001
  -2.8758195877E+001   1.7776801979E-001
  -2.8603581920E+001   1.7692086424E-001
  -2.8448967964E+001   1.7644780221E-001
  -2.8294354008E+001   1.7637915841E-001
  -2.8139740052E+001   1.7671968279E-001
  -2.7985126095E+001   1.7744664899E-001
  -2.7830512139E+001   1.7851990477E-001
  -2.7675898183E+001   1.7990723465E-001
  -2.7521284226E+001   1.8162844592E-001
  -2.7366670270E+001   1.8382502338E-001
  -2.7212056314E+001   1.8687577865E-001
  -2.7057442357E+001   1.9160996327E-001
  -2.6902828401E+001   1.9974224573E-001
  -2.6748214445E+001   2.1476471147E-001
  -2.6593600488E+001   2.4355877471E-001
  -2.6438986532E+001   2.9875328092E-001
  -2.6284372576E+001   4.0209128442E-001
  -2.6129758619E+001   5.9284444082E-001
  -2.5975144663E+001   9.4623925792E-001
  -2.5820530707E+001   1.5529109558E+000
  -2.5665916750E+001   2.3055949182E+000
  -2.5511302794E+001   2.6831155876E+000
  -2.5356688838E+001   2.3055950114E+000
  -2.5202074881E+001   1.5529111448E+000
  -2.5047460925E+001   9.4623954661E-001
  -2.4892846969E+001   5.9284483118E-001
  -2.4738233012E+001   4.0209177399E-001
  -2.4583619056E+001   2.9875386061E-001
  -2.4429005100E+001   2.4355942729E-001
  -2.4274391143E+001   2.1476541031E-001
  -2.4119777187E+001   1.9974295320E-001
  -2.3965163231E+001   1.9161062865E-001
  -2.3810549274E+001   1.8687633536E-001
  -2.3655935318E+001   1.8382538575E-001
  -2.3501321362E+001   1.8162850554E-001
  -2.3346707405E+001   1.7990685629E-001
  -2.3192093449E+001   1.7851892202E-001
  -2.3037479493E+001   1.7744485946E-001
  -2.2882865536E+001   1.7671684312E-001
  -2.2728251580E+001   1.7637497910E-001
  -2.2573637624E+001   1.7644194253E-001
  -2.2419023667E+001   1.7691292775E-001
  -2.2264409711E+001   1.7775755053E-001
  -2.2109795755E+001   1.7893456363E-001
  -2.1955181798E+001   1.8042309503E-001
  -2.1800567842E+001   1.8227404802E-001
  -2.1645953886E+001   1.8469181884E-001
  -2.1491339929E+001   1.8817424510E-001
  -2.1336725973E+001   1.9378066397E-001
  -2.1182112017E+001   2.0368802273E-001
  -2.1027498060E+001   2.2229910228E-001
  -2.0872884104E+001   2.5811773491E-001
  -2.0718270148E+001   3.2633643368E-001
  -2.0563656191E+001   4.5310756520E-001
  -2.0409042235E+001   6.8745041173E-001
  -2.0254428279E+001   1.1179579233E+000
  -2.0099814323E+001   1.8054661179E+000
  -1.9945200366E+001   2.5048488176E+000
  -1.9790586410E+001   2.6367590423E+000
  -1.9635972454E+001   2.0636343126E+000
  -1.9481358497E+001   1.3208382988E+000
  -1.9326744541E+001   8.0371018672E-001
  -1.9172130585E+001   5.1559663785E-001
  -1.9017516628E+001   3.6009965262E-001
  -1.8862902672E+001   2.7597976909E-001
  -1.8708288716E+001   2.3141812373E-001
  -1.8553674759E+001   2.0823533147E-001
  -1.8399060803E+001   1.9601965525E-001
  -1.8244446847E+001   1.8924830068E-001
  -1.8089832890E+001   1.8516115697E-001
  -1.7935218934E+001   1.8240931730E-001
  -1.7780604978E+001   1.8034734240E-001
  -1.7625991021E+001   1.7869276159E-001
  -1.7471377065E+001   1.7735451755E-001
  -1.7316763109E+001   1.7633626203E-001
  -1.7162149152E+001   1.7567661156E-001
  -1.7007535196E+001   1.7541171752E-001
  -1.6852921240E+001   1.7555544942E-001
  -1.6698307283E+001   1.7609359618E-001
  -1.6543693327E+001   1.7698970854E-001
  -1.6389079371E+001   1.7820495911E-001
  -1.6234465414E+001   1.7973561529E-001
  -1.6079851458E+001   1.8167282550E-001
  -1.5925237502E+001   1.8429936404E-001
  -1.5770623545E+001   1.8826123391E-001
  -1.5616009589E+001   1.9490823774E-001
  -1.5461395633E+001   2.0700182549E-001
  -1.5306781676E+001   2.3006670199E-001
  -1.5152167720E+001   2.7451713255E-001
  -1.4997553764E+001   3.5853549380E-001
  -1.4842939807E+001   5.1394385049E-001
  -1.4688325851E+001   8.0198485735E-001
  -1.4533711895E+001   1.3190577868E+000
  -1.4379097938E+001   2.0618082417E+000
  -1.4224483982E+001   2.6348732657E+000
  -1.4069870026E+001   2.5028597585E+000
  -1.3915256069E+001   1.8033203292E+000
  -1.3760642113E+001   1.1156182805E+000
  -1.3606028157E+001   6.8490240927E-001
  -1.3451414200E+001   4.5035043417E-001
  -1.3296800244E+001   3.2337658223E-001
  -1.3142186288E+001   2.5496748465E-001
  -1.2987572331E+001   2.1897609428E-001
  -1.2832958375E+001   2.0021399358E-001
  -1.2678344419E+001   1.9018051526E-001
  -1.2523730462E+001   1.8447574097E-001
  -1.2369116506E+001   1.8092556171E-001
  -1.2214502550E+001   1.7847335035E-001
  -1.2059888594E+001   1.7662360009E-001
  -1.1905274637E+001   1.7517365639E-001
  -1.1750660681E+001   1.7407365970E-001
  -1.1596046725E+001   1.7334479215E-001
  -1.1441432768E+001   1.7302786399E-001
  -1.1286818812E+001   1.7315204569E-001
  -1.1132204856E+001   1.7372008801E-001
  -1.0977590899E+001   1.7470632476E-001
  -1.0822976943E+001   1.7606662634E-001
  -1.0668362987E+001   1.7776370671E-001
  -1.0513749030E+001   1.7981123879E-001
  -1.0359135074E+001   1.8234365959E-001
  -1.0204521118E+001   1.8573209976E-001
  -1.0049907161E+001   1.9079788188E-001
  -9.8952932049E+000   1.9924799690E-001
  -9.7406792486E+000   2.1456788755E-001
  -9.5860652923E+000   2.4363478977E-001
  -9.4314513359E+000   2.9907810405E-001
  -9.2768373796E+000   4.0264858031E-001
  -9.1222234233E+000   5.9363412891E-001
  -8.9676094670E+000   9.4728641728E-001
  -8.8129955106E+000   1.5542650197E+000
  -8.6583815543E+000   2.3072812633E+000
  -8.5037675980E+000   2.6850481211E+000
  -8.3491536417E+000   2.3076087327E+000
  -8.1945396853E+000   1.5549210573E+000
  -8.0399257290E+000   9.4827437848E-001
  -7.8853117727E+000   5.9495901897E-001
  -7.7306978164E+000   4.0431472066E-001
  -7.5760838600E+000   3.0108733610E-001
  -7.4214699037E+000   2.4598591736E-001
  -7.2668559474E+000   2.1725672774E-001
  -7.1122419910E+000   2.0226755199E-001
  -6.9576280347E+000   1.9413851449E-001
  -6.8030140784E+000   1.8938172663E-001
  -6.6484001221E+000   1.8628799225E-001
  -6.4937861657E+000   1.8403407160E-001
  -6.3391722094E+000   1.8224721985E-001
  -6.1845582531E+000   1.8079165632E-001
  -6.0299442968E+000   1.7965255773E-001
  -5.8753303404E+000   1.7886614512E-001
  -5.7207163841E+000   1.7847544886E-001
  -5.5661024278E+000   1.7850488893E-001
  -5.4114884714E+000   1.7895023226E-001
  -5.2568745151E+000   1.7978054295E-001
  -5.1022605588E+000   1.8095297930E-001
  -4.9476466025E+000   1.8244415587E-001
  -4.7930326461E+000   1.8430172111E-001
  -4.6384186898E+000   1.8672630648E-001
  -4.4838047335E+000   1.9021174249E-001
  -4.3291907772E+000   1.9581340067E-001
  -4.1745768208E+000   2.0570464889E-001
  -4.0199628645E+000   2.2428567290E-001
  -3.8653489082E+000   2.6005982536E-001
  -3.7107349518E+000   3.2822288346E-001
  -3.5561209955E+000   4.5493555714E-001
  -3.4015070392E+000   6.8923089451E-001
  -3.2468930829E+000   1.1197199347E+000
  -3.0922791265E+000   1.8072492976E+000
  -2.9376651702E+000   2.5066617228E+000
  -2.7830512139E+000   2.6385375792E+000
  -2.6284372576E+000   2.0652926285E+000
  -2.4738233012E+000   1.3223501283E+000
  -2.3192093449E+000   8.0509820722E-001
  -2.1645953886E+000   5.1688509554E-001
  -2.0099814323E+000   3.6129748275E-001
  -1.8553674759E+000   2.7708284024E-001
  -1.7007535196E+000   2.3241440142E-001
  -1.5461395633E+000   2.0910970021E-001
  -1.3915256069E+000   1.9675763699E-001
  -1.2369116506E+000   1.8983831856E-001
  -1.0822976943E+000   1.8559566797E-001
  -9.2768373796E-001   1.8268528726E-001
  -7.7306978164E-001   1.8046633780E-001
  -6.1845582531E-001   1.7866076437E-001
  -4.6384186898E-001   1.7718152232E-001
  -3.0922791265E-001   1.7603573162E-001
  -1.5461395633E-001   1.7526487661E-001
   0.0000000000E+000   1.7490739098E-001
   1.5461395633E-001   1.7497889962E-001
   3.0922791265E-001   1.7546649331E-001
   4.6384186898E-001   1.7633463149E-001
   6.1845582531E-001   1.7754503026E-001
   7.7306978164E-001   1.7909412599E-001
   9.2768373796E-001   1.8107282235E-001
   1.0822976943E+000   1.8376318356E-001
   1.2369116506E+000   1.8780999169E-001
   1.3915256069E+000   1.9456125577E-001
   1.5461395633E+000   2.0677585314E-001
   1.7007535196E+000   2.2997455094E-001
   1.8553674759E+000   2.7456520235E-001
   2.0099814323E+000   3.5871996370E-001
   2.1645953886E+000   5.1424559546E-001
   2.3192093449E+000   8.0236186886E-001
   2.4738233012E+000   1.3194383458E+000
   2.6284372576E+000   2.0621204803E+000
   2.7830512139E+000   2.6351486092E+000
   2.9376651702E+000   2.5032737004E+000
   3.0922791265E+000   1.8040292425E+000
   3.2468930829E+000   1.1166398359E+000
   3.4015070392E+000   6.8618523491E-001
   3.5561209955E+000   4.5184964582E-001
   3.7107349518E+000   3.2506475711E-001
   3.8653489082E+000   2.5682625230E-001
   4.0199628645E+000   2.2099032060E-001
   4.1745768208E+000   2.0236877964E-001
   4.3291907772E+000   1.9245940770E-001
   4.4838047335E+000   1.8685969392E-001
   4.6384186898E+000   1.8339246698E-001
   4.7930326461E+000   1.8099799543E-001
   4.9476466025E+000   1.7917794937E-001
   5.1022605588E+000   1.7772736287E-001
   5.2568745151E+000   1.7659472029E-001
   5.4114884714E+000   1.7580028047E-001
   5.5661024278E+000   1.7538470760E-001
   5.7207163841E+000   1.7537784477E-001
   5.8753303404E+000   1.7578399105E-001
   6.0299442968E+000   1.7657997869E-001
   6.1845582531E+000   1.7772519847E-001
   6.3391722094E+000   1.7918693930E-001
   6.4937861657E+000   1.8098445729E-001
   6.6484001221E+000   1.8325862497E-001
   6.8030140784E+000   1.8638759209E-001
   6.9576280347E+000   1.9119992805E-001
   7.1122419910E+000   1.9940963401E-001
   7.2668559474E+000   2.1450813606E-001
   7.4214699037E+000   2.4337605472E-001
   7.5760838600E+000   2.9864093832E-001
   7.7306978164E+000   4.0204339763E-001
   7.8853117727E+000   5.9285012868E-001
   8.0399257290E+000   9.4627703594E-001
   8.1945396853E+000   1.5529441970E+000
   8.3491536417E+000   2.3055964604E+000
   8.5037675980E+000   2.6831252872E+000
   8.6583815543E+000   2.3056976112E+000
   8.8129955106E+000   1.5531287373E+000
   8.9676094670E+000   9.4652356717E-001
   9.1222234233E+000   5.9314323343E-001
   9.2768373796E+000   4.0237354271E-001
   9.4314513359E+000   2.9900246747E-001
   9.5860652923E+000   2.4376648520E-001
   9.7406792486E+000   2.1492748321E-001
   9.8952932049E+000   1.9985943271E-001
   1.0049907161E+001   1.9168248442E-001
   1.0204521118E+001   1.8690565083E-001
   1.0359135074E+001   1.8381527822E-001
   1.0513749030E+001   1.8158309149E-001
   1.0668362987E+001   1.7983112980E-001
   1.0822976943E+001   1.7841855547E-001
   1.0977590899E+001   1.7732598119E-001
   1.1132204856E+001   1.7658583603E-001
   1.1286818812E+001   1.7623831935E-001
   1.1441432768E+001   1.7630607818E-001
   1.1596046725E+001   1.7678418742E-001
   1.1750660681E+001   1.7764207123E-001
   1.1905274637E+001   1.7883822880E-001
   1.2059888594E+001   1.8035147652E-001
   1.2214502550E+001   1.8223234598E-001
   1.2369116506E+001   1.8468479101E-001
   1.2523730462E+001   1.8820611276E-001
   1.2678344419E+001   1.9385498251E-001
   1.2832958375E+001   2.0380752053E-001
   1.2987572331E+001   2.2246552949E-001
   1.3142186288E+001   2.5833180596E-001
   1.3296800244E+001   3.2659791554E-001
   1.3451414200E+001   4.5341535920E-001
   1.3606028157E+001   6.8780238537E-001
   1.3760642113E+001   1.1183512613E+000
   1.3915256069E+001   1.8059004310E+000
   1.4069870026E+001   2.5053313239E+000
   1.4224483982E+001   2.6373046217E+000
   1.4379097938E+001   2.0642568935E+000
   1.4533711895E+001   1.3215429136E+000
   1.4688325851E+001   8.0449408398E-001
   1.4842939807E+001   5.1645481678E-001
   1.4997553764E+001   3.6102782843E-001
   1.5152167720E+001   2.7697450911E-001
   1.5306781676E+001   2.3247644310E-001
   1.5461395633E+001   2.0935454372E-001
   1.5616009589E+001   1.9719731944E-001
   1.5770623545E+001   1.9048214601E-001
   1.5925237502E+001   1.8644900749E-001
   1.6079851458E+001   1.8374905553E-001
   1.6234465414E+001   1.8173692042E-001
   1.6389079371E+001   1.8013024690E-001
   1.6543693327E+001   1.7883815486E-001
   1.6698307283E+001   1.7786453505E-001
   1.6852921240E+001   1.7724829458E-001
   1.7007535196E+001   1.7702591144E-001
   1.7162149152E+001   1.7721159979E-001
   1.7316763109E+001   1.7779149150E-001
   1.7471377065E+001   1.7872945789E-001
   1.7625991021E+001   1.7998694841E-001
   1.7780604978E+001   1.8156044067E-001
   1.7935218934E+001   1.8354119906E-001
   1.8089832890E+001   1.8621198099E-001
   1.8244446847E+001   1.9021857601E-001
   1.8399060803E+001   1.9691027221E-001
   1.8553674759E+001   2.0904756073E-001
   1.8708288716E+001   2.3215361614E-001
   1.8862902672E+001   2.7664061603E-001
   1.9017516628E+001   3.6068853374E-001
   1.9172130585E+001   5.1611697010E-001
   1.9326744541E+001   8.0416618224E-001
   1.9481358497E+001   1.3212352211E+000
   1.9635972454E+001   2.0639793272E+000
   1.9790586410E+001   2.6370616622E+000
   1.9945200366E+001   2.5051190624E+000
   2.0099814323E+001   1.8057113321E+000
   2.0254428279E+001   1.1181816112E+000
   2.0409042235E+001   6.8765368795E-001
   2.0563656191E+001   4.5329088885E-001
   2.0718270148E+001   3.2650035134E-001
   2.0872884104E+001   2.5826302578E-001
   2.1027498060E+001   2.2242678907E-001
   2.1182112017E+001   2.0379934004E-001
   2.1336725973E+001   1.9387698986E-001
   2.1491339929E+001   1.8825702315E-001
   2.1645953886E+001   1.8476249365E-001
   2.1800567842E+001   1.8233401980E-001
   2.1955181798E+001   1.8047368966E-001
   2.2109795755E+001   1.7897701343E-001
   2.2264409711E+001   1.7779298272E-001
   2.2419023667E+001   1.7694235884E-001
   2.2573637624E+001   1.7646627744E-001
   2.2728251580E+001   1.7639501418E-001
   2.2882865536E+001   1.7673327213E-001
   2.3037479493E+001   1.7745828122E-001
   2.3192093449E+001   1.7852984931E-001
   2.3346707405E+001   1.7991572504E-001
   2.3501321362E+001   1.8163568396E-001
   2.3655935318E+001   1.8383118299E-001
   2.3810549274E+001   1.8688100954E-001
   2.3965163231E+001   1.9161439419E-001
   2.4119777187E+001   1.9974598733E-001
   2.4274391143E+001   2.1476785877E-001
   2.4429005100E+001   2.4356140942E-001
   2.4583619056E+001   2.9875547372E-001
   2.4738233012E+001   4.0209309723E-001
   2.4892846969E+001   5.9284592882E-001
   2.5047460925E+001   9.4624047082E-001
   2.5202074881E+001   1.5529119378E+000
   2.5356688838E+001   2.3055957071E+000
   2.5511302794E+001   2.6831162129E+000
   2.5665916750E+001   2.3055954941E+000
   2.5820530707E+001   1.5529114981E+000
   2.5975144663E+001   9.4623977851E-001
   2.6129758619E+001   5.9284494840E-001
   2.6284372576E+001   4.0209178531E-001
   2.6438986532E+001   2.9875377972E-001
   2.6593600488E+001   2.4355927470E-001
   2.6748214445E+001   2.1476521495E-001
   2.6902828401E+001   1.9974275420E-001
   2.7057442357E+001   1.9161047762E-001
   2.7212056314E+001   1.8687629927E-001
   2.7366670270E+001   1.8382555027E-001
   2.7521284226E+001   1.8162897877E-001
   2.7675898183E+001   1.7990777289E-001
   2.7830512139E+001   1.7852044768E-001
   2.7985126095E+001   1.7744719567E-001
   2.8139740052E+001   1.7672023225E-001
   2.8294354008E+001   1.7637970962E-001
   2.8448967964E+001   1.7644835405E-001
   2.8603581920E+001   1.7692141559E-001
   2.8758195877E+001   1.7776856951E-001
   2.8912809833E+001   1.7894863044E-001
   2.9067423789E+001   1.8044078873E-001
   2.9222037746E+001   1.8229600831E-001
   2.9376651702E+001   1.8471874136E-001
   2.9531265658E+001   1.8820687307E-001
   2.9685879615E+001   1.9381977475E-001
   2.9840493571E+001   2.0373440708E-001
   2.9995107527E+001   2.2235353471E-001
   3.0149721484E+001   2.5818093796E-001
   3.0304335440E+001   3.2640904751E-001
   3.0458949396E+001   4.5319013633E-001
   3.0613563353E+001   6.8754340539E-001
   3.0768177309E+001   1.1180618025E+000
   3.0922791265E+001   1.8055817008E+000
   3.1077405222E+001   2.5049780888E+000
   3.1232019178E+001   2.6369058275E+000
   3.1386633134E+001   2.0638037407E+000
   3.1541247091E+001   1.3210353278E+000
   3.1695861047E+001   8.0393874154E-001
   3.1850475003E+001   5.1585980232E-001
   3.2005088960E+001   3.6040005727E-001
   3.2159702916E+001   2.7631971602E-001
   3.2314316872E+001   2.3179962653E-001
   3.2468930829E+001   2.0866019861E-001
   3.2623544785E+001   1.9648957187E-001
   3.2778158741E+001   1.8976486901E-001
   3.2932772698E+001   1.8572590887E-001
   3.3087386654E+001   1.8302372746E-001
   3.3242000610E+001   1.8101285713E-001
   3.3396614567E+001   1.7941084286E-001
   3.3551228523E+001   1.7812669365E-001
   3.3705842479E+001   1.7716417512E-001
   3.3860456436E+001   1.7656205481E-001
