  -3.4015070392E+001   1.7635659926E-001
  -3.3860456436E+001   1.7656198491E-001
  -3.3705842479E+001   1.7716409511E-001
  -3.3551228523E+001   1.7812660504E-001
  -3.3396614567E+001   1.7941074720E-001
  -3.3242000610E+001   1.8101275597E-001
  -3.3087386654E+001   1.8302362232E-001
  -3.2932772698E+001   1.8572580114E-001
  -3.2778158741E+001   1.8976475993E-001
  -3.2623544785E+001   1.9648946260E-001
  -3.2468930829E+001   2.0866009026E-001
  -3.2314316872E+001   2.3179952030E-001
  -3.2159702916E+001   2.7631961340E-001
  -3.2005088960E+001   3.6039996025E-001
  -3.1850475003E+001   5.1585971342E-001
  -3.1695861047E+001   8.0393866294E-001
  -3.1541247091E+001   1.3210352585E+000
  -3.1386633134E+001   2.0638036764E+000
  -3.1232019178E+001   2.6369057712E+000
  -3.1077405222E+001   2.5049780586E+000
  -3.0922791265E+001   1.8055817104E+000
  -3.0768177309E+001   1.1180618502E+000
  -3.0613563353E+001   6.8754348636E-001
  -3.0458949396E+001   4.5319024976E-001
  -3.0304335440E+001   3.2640919430E-001
  -3.0149721484E+001   2.5818111855E-001
  -2.9995107527E+001   2.2235374864E-001
  -2.9840493571E+001   2.0373465319E-001
  -2.9685879615E+001   1.9382005135E-001
  -2.9531265658E+001   1.8820717818E-001
  -2.9376651702E+001   1.8471907282E-001
  -2.9222037746E+001   1.8229636386E-001
  -2.9067423789E+001   1.8044116603E-001
  -2.8912809833E+001   1.7894902705E-001
  -2.8758195877E+001   1.7776898287E-001
  -2.8603581920E+001   1.7692184298E-001
  -2.8448967964E+001   1.7644879256E-001
  -2.8294354008E+001   1.7638015616E-001
  -2.8139740052E+001   1.7672068360E-001
  -2.7985126095E+001   1.7744764845E-001
  -2.7830512139E+001   1.7852089842E-001
  -2.7675898183E+001   1.7990821796E-001
  -2.7521284226E+001   1.8162941433E-001
  -2.7366670270E+001   1.8382597223E-001
  -2.7212056314E+001   1.8687670319E-001
  -2.7057442357E+001   1.9161085868E-001
  -2.6902828401E+001   1.9974310719E-001
  -2.6748214445E+001   2.1476553430E-001
  -2.6593600488E+001   2.4355955454E-001
  -2.6438986532E+001   2.9875401393E-001
  -2.6284372576E+001   4.0209196759E-001
  -2.6129758619E+001   5.9284507181E-001
  -2.5975144663E+001   9.4623983359E-001
  -2.5820530707E+001   1.5529114693E+000
  -2.5665916750E+001   2.3055953619E+000
  -2.5511302794E+001   2.6831159663E+000
  -2.5356688838E+001   2.3055953416E+000
  -2.5202074881E+001   1.5529114319E+000
  -2.5047460925E+001   9.4623978372E-001
  -2.4892846969E+001   5.9284501289E-001
  -2.4738233012E+001   4.0209189895E-001
  -2.4583619056E+001   2.9875392872E-001
  -2.4429005100E+001   2.4355943817E-001
  -2.4274391143E+001   2.1476536318E-001
  -2.4119777187E+001   1.9974284713E-001
  -2.3965163231E+001   1.9161046273E-001
  -2.3810549274E+001   1.8687610890E-001
  -2.3655935318E+001   1.8382509834E-001
  -2.3501321362E+001   1.8162815714E-001
  -2.3346707405E+001   1.7990644720E-001
  -2.3192093449E+001   1.7851845285E-001
  -2.3037479493E+001   1.7744433107E-001
  -2.2882865536E+001   1.7671625657E-001
  -2.2728251580E+001   1.7637433561E-001
  -2.2573637624E+001   1.7644124351E-001
  -2.2419023667E+001   1.7691217477E-001
  -2.2264409711E+001   1.7775674536E-001
  -2.2109795755E+001   1.7893370818E-001
  -2.1955181798E+001   1.8042219134E-001
  -2.1800567842E+001   1.8227309819E-001
  -2.1645953886E+001   1.8469082499E-001
  -2.1491339929E+001   1.8817320928E-001
  -2.1336725973E+001   1.9377958821E-001
  -2.1182112017E+001   2.0368690905E-001
  -2.1027498060E+001   2.2229795281E-001
  -2.0872884104E+001   2.5811655206E-001
  -2.0718270148E+001   3.2633522035E-001
  -2.0563656191E+001   4.5310632492E-001
  -2.0409042235E+001   6.8744914819E-001
  -2.0254428279E+001   1.1179566382E+000
  -2.0099814323E+001   1.8054648087E+000
  -1.9945200366E+001   2.5048474844E+000
  -1.9790586410E+001   2.6367577007E+000
  -1.9635972454E+001   2.0636329822E+000
  -1.9481358497E+001   1.3208369837E+000
  -1.9326744541E+001   8.0370888344E-001
  -1.9172130585E+001   5.1559534590E-001
  -1.9017516628E+001   3.6009837438E-001
  -1.8862902672E+001   2.7597850706E-001
  -1.8708288716E+001   2.3141687958E-001
  -1.8553674759E+001   2.0823410615E-001
  -1.8399060803E+001   1.9601844921E-001
  -1.8244446847E+001   1.8924711409E-001
  -1.8089832890E+001   1.8515998984E-001
  -1.7935218934E+001   1.8240816964E-001
  -1.7780604978E+001   1.8034621420E-001
  -1.7625991021E+001   1.7869165284E-001
  -1.7471377065E+001   1.7735342820E-001
  -1.7316763109E+001   1.7633519198E-001
  -1.7162149152E+001   1.7567556062E-001
  -1.7007535196E+001   1.7541068537E-001
  -1.6852921240E+001   1.7555443570E-001
  -1.6698307283E+001   1.7609260046E-001
  -1.6543693327E+001   1.7698873033E-001
  -1.6389079371E+001   1.7820399787E-001
  -1.6234465414E+001   1.7973467038E-001
  -1.6079851458E+001   1.8167189613E-001
  -1.5925237502E+001   1.8429844921E-001
  -1.5770623545E+001   1.8826033239E-001
  -1.5616009589E+001   1.9490734808E-001
  -1.5461395633E+001   2.0700094613E-001
  -1.5306781676E+001   2.3006583136E-001
  -1.5152167720E+001   2.7451626932E-001
  -1.4997553764E+001   3.5853463713E-001
  -1.4842939807E+001   5.1394300018E-001
  -1.4688325851E+001   8.0198401310E-001
  -1.4533711895E+001   1.3190569457E+000
  -1.4379097938E+001   2.0618073984E+000
  -1.4224483982E+001   2.6348724241E+000
  -1.4069870026E+001   2.5028589396E+000
  -1.3915256069E+001   1.8033195503E+000
  -1.3760642113E+001   1.1156175432E+000
  -1.3606028157E+001   6.8490171115E-001
  -1.3451414200E+001   4.5034977627E-001
  -1.3296800244E+001   3.2337596691E-001
  -1.3142186288E+001   2.5496691352E-001
  -1.2987572331E+001   2.1897556788E-001
  -1.2832958375E+001   2.0021351158E-001
  -1.2678344419E+001   1.9018007682E-001
  -1.2523730462E+001   1.8447534488E-001
  -1.2369116506E+001   1.8092520655E-001
  -1.2214502550E+001   1.7847303454E-001
  -1.2059888594E+001   1.7662332191E-001
  -1.1905274637E+001   1.7517341394E-001
  -1.1750660681E+001   1.7407345085E-001
  -1.1596046725E+001   1.7334461452E-001
  -1.1441432768E+001   1.7302771491E-001
  -1.1286818812E+001   1.7315192222E-001
  -1.1132204856E+001   1.7371998699E-001
  -1.0977590899E+001   1.7470624290E-001
  -1.0822976943E+001   1.7606656033E-001
  -1.0668362987E+001   1.7776365331E-001
  -1.0513749030E+001   1.7981119496E-001
  -1.0359135074E+001   1.8234362263E-001
  -1.0204521118E+001   1.8573206738E-001
  -1.0049907161E+001   1.9079785236E-001
  -9.8952932049E+000   1.9924796920E-001
  -9.7406792486E+000   2.1456786141E-001
  -9.5860652923E+000   2.4363476558E-001
  -9.4314513359E+000   2.9907808244E-001
  -9.2768373796E+000   4.0264856120E-001
  -9.1222234233E+000   5.9363410985E-001
  -8.9676094670E+000   9.4728639010E-001
  -8.8129955106E+000   1.5542649674E+000
  -8.6583815543E+000   2.3072811721E+000
  -8.5037675980E+000   2.6850480112E+000
  -8.3491536417E+000   2.3076086506E+000
  -8.1945396853E+000   1.5549210210E+000
  -8.0399257290E+000   9.4827437102E-001
  -7.8853117727E+000   5.9495901989E-001
  -7.7306978164E+000   4.0431471886E-001
  -7.5760838600E+000   3.0108732700E-001
  -7.4214699037E+000   2.4598589972E-001
  -7.2668559474E+000   2.1725670197E-001
  -7.1122419910E+000   2.0226751919E-001
  -6.9576280347E+000   1.9413847590E-001
  -6.8030140784E+000   1.8938168342E-001
  -6.6484001221E+000   1.8628794555E-001
  -6.4937861657E+000   1.8403402248E-001
  -6.3391722094E+000   1.8224716940E-001
  -6.1845582531E+000   1.8079160564E-001
  -6.0299442968E+000   1.7965250795E-001
  -5.8753303404E+000   1.7886609747E-001
  -5.7207163841E+000   1.7847540472E-001
  -5.5661024278E+000   1.7850484991E-001
  -5.4114884714E+000   1.7895020020E-001
  -5.2568745151E+000   1.7978051992E-001
  -5.1022605588E+000   1.8095296753E-001
  -4.9476466025E+000   1.8244415759E-001
  -4.7930326461E+000   1.8430173833E-001
  -4.6384186898E+000   1.8672634077E-001
  -4.4838047335E+000   1.9021179472E-001
  -4.3291907772E+000   1.9581347081E-001
  -4.1745768208E+000   2.0570473586E-001
  -4.0199628645E+000   2.2428577463E-001
  -3.8653489082E+000   2.6005993926E-001
  -3.7107349518E+000   3.2822300759E-001
  -3.5561209955E+000   4.5493569215E-001
  -3.4015070392E+000   6.8923104607E-001
  -3.2468930829E+000   1.1197201152E+000
  -3.0922791265E+000   1.8072495225E+000
  -2.9376651702E+000   2.5066619951E+000
  -2.7830512139E+000   2.6385378779E+000
  -2.6284372576E+000   2.0652929281E+000
  -2.4738233012E+000   1.3223504260E+000
  -2.3192093449E+000   8.0509851910E-001
  -2.1645953886E+000   5.1688543796E-001
  -2.0099814323E+000   3.6129786490E-001
  -1.8553674759E+000   2.7708326474E-001
  -1.7007535196E+000   2.3241486661E-001
  -1.5461395633E+000   2.0911020236E-001
  -1.3915256069E+000   1.9675817183E-001
  -1.2369116506E+000   1.8983888206E-001
  -1.0822976943E+000   1.8559625660E-001
  -9.2768373796E-001   1.8268589796E-001
  -7.7306978164E-001   1.8046696794E-001
  -6.1845582531E-001   1.7866141160E-001
  -4.6384186898E-001   1.7718218444E-001
  -3.0922791265E-001   1.7603640648E-001
  -1.5461395633E-001   1.7526556200E-001
   0.0000000000E+000   1.7490808459E-001
   1.5461395633E-001   1.7497959904E-001
   3.0922791265E-001   1.7546719606E-001
   4.6384186898E-001   1.7633533508E-001
   6.1845582531E-001   1.7754573221E-001
   7.7306978164E-001   1.7909482391E-001
   9.2768373796E-001   1.8107351396E-001
   1.0822976943E+000   1.8376386672E-001
   1.2369116506E+000   1.8781066446E-001
   1.3915256069E+000   1.9456191651E-001
   1.5461395633E+000   2.0677650060E-001
   1.7007535196E+000   2.2997518447E-001
   1.8553674759E+000   2.7456582205E-001
   2.0099814323E+000   3.5872057058E-001
   2.1645953886E+000   5.1424619147E-001
   2.3192093449E+000   8.0236245599E-001
   2.4738233012E+000   1.3194389236E+000
   2.6284372576E+000   2.0621210450E+000
   2.7830512139E+000   2.6351491628E+000
   2.9376651702E+000   2.5032742568E+000
   3.0922791265E+000   1.8040298113E+000
   3.2468930829E+000   1.1166404136E+000
   3.4015070392E+000   6.8618581636E-001
   3.5561209955E+000   4.5185022953E-001
   3.7107349518E+000   3.2506534344E-001
   3.8653489082E+000   2.5682684145E-001
   4.0199628645E+000   2.2099091219E-001
   4.1745768208E+000   2.0236937281E-001
   4.3291907772E+000   1.9246000120E-001
   4.4838047335E+000   1.8686028629E-001
   4.6384186898E+000   1.8339305661E-001
   4.7930326461E+000   1.8099858066E-001
   4.9476466025E+000   1.7917852849E-001
   5.1022605588E+000   1.7772793412E-001
   5.2568745151E+000   1.7659528185E-001
   5.4114884714E+000   1.7580083047E-001
   5.5661024278E+000   1.7538524413E-001
   5.7207163841E+000   1.7537836599E-001
   5.8753303404E+000   1.7578449524E-001
   6.0299442968E+000   1.7658046439E-001
   6.1845582531E+000   1.7772566457E-001
   6.3391722094E+000   1.7918738509E-001
   6.4937861657E+000   1.8098488250E-001
   6.6484001221E+000   1.8325902975E-001
   6.8030140784E+000   1.8638797694E-001
   6.9576280347E+000   1.9120029375E-001
   7.1122419910E+000   1.9940998151E-001
   7.2668559474E+000   2.1450846635E-001
   7.4214699037E+000   2.4337636864E-001
   7.5760838600E+000   2.9864123624E-001
   7.7306978164E+000   4.0204367906E-001
   7.8853117727E+000   5.9285039166E-001
   8.0399257290E+000   9.4627727551E-001
   8.1945396853E+000   1.5529444033E+000
   8.3491536417E+000   2.3055966255E+000
   8.5037675980E+000   2.6831254232E+000
   8.6583815543E+000   2.3056977463E+000
   8.8129955106E+000   1.5531288842E+000
   8.9676094670E+000   9.4652371886E-001
   9.1222234233E+000   5.9314338140E-001
   9.2768373796E+000   4.0237368334E-001
   9.4314513359E+000   2.9900260019E-001
   9.5860652923E+000   2.4376661082E-001
   9.7406792486E+000   2.1492760329E-001
   9.8952932049E+000   1.9985954915E-001
   1.0049907161E+001   1.9168259913E-001
   1.0204521118E+001   1.8690576555E-001
   1.0359135074E+001   1.8381539436E-001
   1.0513749030E+001   1.8158321011E-001
   1.0668362987E+001   1.7983125150E-001
   1.0822976943E+001   1.7841868037E-001
   1.0977590899E+001   1.7732610894E-001
   1.1132204856E+001   1.7658596586E-001
   1.1286818812E+001   1.7623845013E-001
   1.1441432768E+001   1.7630620856E-001
   1.1596046725E+001   1.7678431592E-001
   1.1750660681E+001   1.7764219635E-001
   1.1905274637E+001   1.7883834909E-001
   1.2059888594E+001   1.8035159057E-001
   1.2214502550E+001   1.8223245247E-001
   1.2369116506E+001   1.8468488863E-001
   1.2523730462E+001   1.8820620023E-001
   1.2678344419E+001   1.9385505861E-001
   1.2832958375E+001   2.0380758416E-001
   1.2987572331E+001   2.2246557984E-001
   1.3142186288E+001   2.5833184265E-001
   1.3296800244E+001   3.2659793887E-001
   1.3451414200E+001   4.5341537026E-001
   1.3606028157E+001   6.8780238559E-001
   1.3760642113E+001   1.1183512502E+000
   1.3915256069E+001   1.8059004038E+000
   1.4069870026E+001   2.5053312779E+000
   1.4224483982E+001   2.6373045693E+000
   1.4379097938E+001   2.0642568511E+000
   1.4533711895E+001   1.3215428832E+000
   1.4688325851E+001   8.0449406031E-001
   1.4842939807E+001   5.1645479801E-001
   1.4997553764E+001   3.6102781548E-001
   1.5152167720E+001   2.7697450290E-001
   1.5306781676E+001   2.3247644375E-001
   1.5461395633E+001   2.0935455061E-001
   1.5616009589E+001   1.9719733148E-001
   1.5770623545E+001   1.9048216191E-001
   1.5925237502E+001   1.8644902592E-001
   1.6079851458E+001   1.8374907518E-001
   1.6234465414E+001   1.8173694012E-001
   1.6389079371E+001   1.8013026559E-001
   1.6543693327E+001   1.7883817153E-001
   1.6698307283E+001   1.7786454873E-001
   1.6852921240E+001   1.7724830428E-001
   1.7007535196E+001   1.7702591617E-001
   1.7162149152E+001   1.7721159857E-001
   1.7316763109E+001   1.7779148336E-001
   1.7471377065E+001   1.7872944190E-001
   1.7625991021E+001   1.7998692368E-001
   1.7780604978E+001   1.8156040629E-001
   1.7935218934E+001   1.8354115410E-001
   1.8089832890E+001   1.8621192442E-001
   1.8244446847E+001   1.9021850671E-001
   1.8399060803E+001   1.9691018901E-001
   1.8553674759E+001   2.0904746248E-001
   1.8708288716E+001   2.3215350189E-001
   1.8862902672E+001   2.7664048523E-001
   1.9017516628E+001   3.6068838645E-001
   1.9172130585E+001   5.1611680706E-001
   1.9326744541E+001   8.0416600401E-001
   1.9481358497E+001   1.3212350253E+000
   1.9635972454E+001   2.0639791080E+000
   1.9790586410E+001   2.6370614216E+000
   1.9945200366E+001   2.5051188177E+000
   2.0099814323E+001   1.8057110964E+000
   2.0254428279E+001   1.1181813823E+000
   2.0409042235E+001   6.8765346099E-001
   2.0563656191E+001   4.5329066311E-001
   2.0718270148E+001   3.2650012809E-001
   2.0872884104E+001   2.5826280610E-001
   2.1027498060E+001   2.2242657341E-001
   2.1182112017E+001   2.0379912836E-001
   2.1336725973E+001   1.9387678190E-001
   2.1491339929E+001   1.8825681857E-001
   2.1645953886E+001   1.8476229219E-001
   2.1800567842E+001   1.8233382133E-001
   2.1955181798E+001   1.8047349420E-001
   2.2109795755E+001   1.7897682113E-001
   2.2264409711E+001   1.7779279379E-001
   2.2419023667E+001   1.7694217352E-001
   2.2573637624E+001   1.7646609597E-001
   2.2728251580E+001   1.7639483682E-001
   2.2882865536E+001   1.7673309911E-001
   2.3037479493E+001   1.7745811283E-001
   2.3192093449E+001   1.7852968584E-001
   2.3346707405E+001   1.7991556681E-001
   2.3501321362E+001   1.8163553121E-001
   2.3655935318E+001   1.8383103591E-001
   2.3810549274E+001   1.8688086815E-001
   2.3965163231E+001   1.9161425841E-001
   2.4119777187E+001   1.9974585696E-001
   2.4274391143E+001   2.1476773361E-001
   2.4429005100E+001   2.4356128945E-001
   2.4583619056E+001   2.9875535928E-001
   2.4738233012E+001   4.0209298926E-001
   2.4892846969E+001   5.9284582868E-001
   2.5047460925E+001   9.4624037882E-001
   2.5202074881E+001   1.5529118503E+000
   2.5356688838E+001   2.3055956193E+000
   2.5511302794E+001   2.6831161323E+000
   2.5665916750E+001   2.3055954392E+000
   2.5820530707E+001   1.5529114763E+000
   2.5975144663E+001   9.4623978452E-001
   2.6129758619E+001   5.9284497790E-001
   2.6284372576E+001   4.0209183776E-001
   2.6438986532E+001   2.9875385540E-001
   2.6593600488E+001   2.4355937329E-001
   2.6748214445E+001   2.1476533533E-001
   2.6902828401E+001   1.9974289474E-001
   2.7057442357E+001   1.9161063633E-001
   2.7212056314E+001   1.8687647404E-001
   2.7366670270E+001   1.8382573894E-001
   2.7521284226E+001   1.8162917921E-001
   2.7675898183E+001   1.7990798301E-001
   2.7830512139E+001   1.7852066541E-001
   2.7985126095E+001   1.7744741891E-001
   2.8139740052E+001   1.7672045887E-001
   2.8294354008E+001   1.7637993745E-001
   2.8448967964E+001   1.7644858090E-001
   2.8603581920E+001   1.7692163926E-001
   2.8758195877E+001   1.7776878786E-001
   2.8912809833E+001   1.7894884138E-001
   2.9067423789E+001   1.8044099024E-001
   2.9222037746E+001   1.8229619835E-001
   2.9376651702E+001   1.8471891791E-001
   2.9531265658E+001   1.8820703408E-001
   2.9685879615E+001   1.9381991816E-001
   2.9840493571E+001   2.0373453091E-001
   2.9995107527E+001   2.2235363721E-001
   3.0149721484E+001   2.5818101781E-001
   3.0304335440E+001   3.2640910399E-001
   3.0458949396E+001   4.5319016958E-001
   3.0613563353E+001   6.8754341592E-001
   3.0768177309E+001   1.1180617890E+000
   3.0922791265E+001   1.8055816580E+000
   3.1077405222E+001   2.5049780144E+000
   3.1232019178E+001   2.6369057347E+000
   3.1386633134E+001   2.0638036469E+000
   3.1541247091E+001   1.3210352354E+000
   3.1695861047E+001   8.0393864548E-001
   3.1850475003E+001   5.1585970096E-001
   3.2005088960E+001   3.6039995211E-001
   3.2159702916E+001   2.7631960893E-001
   3.2314316872E+001   2.3179951884E-001
   3.2468930829E+001   2.0866009118E-001
   3.2623544785E+001   1.9648946530E-001
   3.2778158741E+001   1.8976476385E-001
   3.2932772698E+001   1.8572580576E-001
   3.3087386654E+001   1.8302362719E-001
   3.3242000610E+001   1.8101276068E-001
   3.3396614567E+001   1.7941075140E-001
   3.3551228523E+001   1.7812660843E-001
   3.3705842479E+001   1.7716409749E-001
   3.3860456436E+001   1.7656198614E-001
