  -3.4015070392E+001   1.7635998864E-001
  -3.3860456436E+001   1.7656605685E-001
  -3.3705842479E+001   1.7716883552E-001
  -3.3551228523E+001   1.7813200105E-001
  -3.3396614567E+001   1.7941678900E-001
  -3.3242000610E+001   1.8101943847E-001
  -3.3087386654E+001   1.8303094639E-001
  -3.2932772698E+001   1.8573377405E-001
  -3.2778158741E+001   1.8977339456E-001
  -3.2623544785E+001   1.9649877513E-001
  -3.2468930829E+001   2.0867009645E-001
  -3.2314316872E+001   2.3181023058E-001
  -3.2159702916E+001   2.7633102723E-001
  -3.2005088960E+001   3.6041206059E-001
  -3.1850475003E+001   5.1587246428E-001
  -3.1695861047E+001   8.0395201989E-001
  -3.1541247091E+001   1.3210492013E+000
  -3.1386633134E+001   2.0638182081E+000
  -3.1232019178E+001   2.6369207721E+000
  -3.1077405222E+001   2.5049932010E+000
  -3.0922791265E+001   1.8055967220E+000
  -3.0768177309E+001   1.1180766746E+000
  -3.0613563353E+001   6.8755812684E-001
  -3.0458949396E+001   4.5320467374E-001
  -3.0304335440E+001   3.2642335737E-001
  -3.0149721484E+001   2.5819499062E-001
  -2.9995107527E+001   2.2236731851E-001
  -2.9840493571E+001   2.0374792444E-001
  -2.9685879615E+001   1.9383303668E-001
  -2.9531265658E+001   1.8821989393E-001
  -2.9376651702E+001   1.8473153444E-001
  -2.9222037746E+001   1.8230858270E-001
  -2.9067423789E+001   1.8045314754E-001
  -2.8912809833E+001   1.7896077047E-001
  -2.8758195877E+001   1.7778048202E-001
  -2.8603581920E+001   1.7693308769E-001
  -2.8448967964E+001   1.7645977046E-001
  -2.8294354008E+001   1.7639085451E-001
  -2.8139740052E+001   1.7673109112E-001
  -2.7985126095E+001   1.7745775717E-001
  -2.7830512139E+001   1.7853070546E-001
  -2.7675898183E+001   1.7991772736E-001
  -2.7521284226E+001   1.8163863853E-001
  -2.7366670270E+001   1.8383493308E-001
  -2.7212056314E+001   1.8688543196E-001
  -2.7057442357E+001   1.9161939467E-001
  -2.6902828401E+001   1.9975149488E-001
  -2.6748214445E+001   2.1477381906E-001
  -2.6593600488E+001   2.4356777729E-001
  -2.6438986532E+001   2.9876220529E-001
  -2.6284372576E+001   4.0210014265E-001
  -2.6129758619E+001   5.9285323027E-001
  -2.5975144663E+001   9.4624797761E-001
  -2.5820530707E+001   1.5529196369E+000
  -2.5665916750E+001   2.3056035843E+000
  -2.5511302794E+001   2.6831240946E+000
  -2.5356688838E+001   2.3056030765E+000
  -2.5202074881E+001   1.5529186265E+000
  -2.5047460925E+001   9.4624647348E-001
  -2.4892846969E+001   5.9285124203E-001
  -2.4738233012E+001   4.0209767786E-001
  -2.4583619056E+001   2.9875926723E-001
  -2.4429005100E+001   2.4356436334E-001
  -2.4274391143E+001   2.1476991932E-001
  -2.4119777187E+001   1.9974709050E-001
  -2.3965163231E+001   1.9161445550E-001
  -2.3810549274E+001   1.8687991368E-001
  -2.3655935318E+001   1.8382877381E-001
  -2.3501321362E+001   1.8163175492E-001
  -2.3346707405E+001   1.7991001041E-001
  -2.3192093449E+001   1.7852201588E-001
  -2.3037479493E+001   1.7744792039E-001
  -2.2882865536E+001   1.7671989211E-001
  -2.2728251580E+001   1.7637803236E-001
  -2.2573637624E+001   1.7644501316E-001
  -2.2419023667E+001   1.7691602734E-001
  -2.2264409711E+001   1.7776069091E-001
  -2.2109795755E+001   1.7893775847E-001
  -2.1955181798E+001   1.8042636148E-001
  -2.1800567842E+001   1.8227740794E-001
  -2.1645953886E+001   1.8469529943E-001
  -2.1491339929E+001   1.8817787838E-001
  -2.1336725973E+001   1.9378448498E-001
  -2.1182112017E+001   2.0369206623E-001
  -2.1027498060E+001   2.2230339828E-001
  -2.0872884104E+001   2.5812230336E-001
  -2.0718270148E+001   3.2634127898E-001
  -2.0563656191E+001   4.5311267216E-001
  -2.0409042235E+001   6.8745574974E-001
  -2.0254428279E+001   1.1179634702E+000
  -2.0099814323E+001   1.8054718819E+000
  -1.9945200366E+001   2.5048547485E+000
  -1.9790586410E+001   2.6367648878E+000
  -1.9635972454E+001   2.0636397678E+000
  -1.9481358497E+001   1.3208432509E+000
  -1.9326744541E+001   8.0371463748E-001
  -1.9172130585E+001   5.1560056869E-001
  -1.9017516628E+001   3.6010302364E-001
  -1.8862902672E+001   2.7598254914E-001
  -1.8708288716E+001   2.3142030017E-001
  -1.8553674759E+001   2.0823690801E-001
  -1.8399060803E+001   1.9602064679E-001
  -1.8244446847E+001   1.8924872811E-001
  -1.8089832890E+001   1.8516104257E-001
  -1.7935218934E+001   1.8240868133E-001
  -1.7780604978E+001   1.8034620097E-001
  -1.7625991021E+001   1.7869112603E-001
  -1.7471377065E+001   1.7735239495E-001
  -1.7316763109E+001   1.7633365655E-001
  -1.7162149152E+001   1.7567352615E-001
  -1.7007535196E+001   1.7540815578E-001
  -1.6852921240E+001   1.7555141747E-001
  -1.6698307283E+001   1.7608910442E-001
  -1.6543693327E+001   1.7698477339E-001
  -1.6389079371E+001   1.7819960457E-001
  -1.6234465414E+001   1.7972987437E-001
  -1.6079851458E+001   1.8166674095E-001
  -1.5925237502E+001   1.8429298828E-001
  -1.5770623545E+001   1.8825462754E-001
  -1.5616009589E+001   1.9490146649E-001
  -1.5461395633E+001   2.0699495553E-001
  -1.5306781676E+001   2.3005979392E-001
  -1.5152167720E+001   2.7451023464E-001
  -1.4997553764E+001   3.5852863532E-001
  -1.4842939807E+001   5.1393703831E-001
  -1.4688325851E+001   8.0197808480E-001
  -1.4533711895E+001   1.3190510645E+000
  -1.4379097938E+001   2.0618016023E+000
  -1.4224483982E+001   2.6348666397E+000
  -1.4069870026E+001   2.5028529006E+000
  -1.3915256069E+001   1.8033130496E+000
  -1.3760642113E+001   1.1156105788E+000
  -1.3606028157E+001   6.8489432764E-001
  -1.3451414200E+001   4.5034197611E-001
  -1.3296800244E+001   3.2336773960E-001
  -1.3142186288E+001   2.5495826341E-001
  -1.2987572331E+001   2.1896651972E-001
  -1.2832958375E+001   2.0020410744E-001
  -1.2678344419E+001   1.9017037085E-001
  -1.2523730462E+001   1.8446539771E-001
  -1.2369116506E+001   1.8091508017E-001
  -1.2214502550E+001   1.7846278850E-001
  -1.2059888594E+001   1.7661301093E-001
  -1.1905274637E+001   1.7516308695E-001
  -1.1750660681E+001   1.7406315099E-001
  -1.1596046725E+001   1.7333437963E-001
  -1.1441432768E+001   1.7301757806E-001
  -1.1286818812E+001   1.7314191229E-001
  -1.1132204856E+001   1.7371012905E-001
  -1.0977590899E+001   1.7469655872E-001
  -1.0822976943E+001   1.7605706907E-001
  -1.0668362987E+001   1.7775437255E-001
  -1.0513749030E+001   1.7980214196E-001
  -1.0359135074E+001   1.8233481572E-001
  -1.0204521118E+001   1.8572352700E-001
  -1.0049907161E+001   1.9078960152E-001
  -9.8952932049E+000   1.9924003312E-001
  -9.7406792486E+000   2.1456026614E-001
  -9.5860652923E+000   2.4362753546E-001
  -9.4314513359E+000   2.9907123547E-001
  -9.2768373796E+000   4.0264210180E-001
  -9.1222234233E+000   5.9362802048E-001
  -8.9676094670E+000   9.4728062915E-001
  -8.8129955106E+000   1.5542594858E+000
  -8.6583815543E+000   2.3072759340E+000
  -8.5037675980E+000   2.6850429668E+000
  -8.3491536417E+000   2.3076037099E+000
  -8.1945396853E+000   1.5549160871E+000
  -8.0399257290E+000   9.4826935106E-001
  -7.8853117727E+000   5.9495382596E-001
  -7.7306978164E+000   4.0430929050E-001
  -7.5760838600E+000   3.0108164314E-001
  -7.4214699037E+000   2.4597997319E-001
  -7.2668559474E+000   2.1725056686E-001
  -7.1122419910E+000   2.0226121869E-001
  -6.9576280347E+000   1.9413205409E-001
  -6.8030140784E+000   1.8937518074E-001
  -6.6484001221E+000   1.8628139642E-001
  -6.4937861657E+000   1.8402745414E-001
  -6.3391722094E+000   1.8224060155E-001
  -6.1845582531E+000   1.8078505080E-001
  -6.0299442968E+000   1.7964597246E-001
  -5.8753303404E+000   1.7885958291E-001
  -5.7207163841E+000   1.7846890966E-001
  -5.5661024278E+000   1.7849837200E-001
  -5.4114884714E+000   1.7894373871E-001
  -5.2568745151E+000   1.7977407884E-001
  -5.1022605588E+000   1.8094655919E-001
  -4.9476466025E+000   1.8243780659E-001
  -4.7930326461E+000   1.8429548519E-001
  -4.6384186898E+000   1.8672024476E-001
  -4.4838047335E+000   1.9020593517E-001
  -4.3291907772E+000   1.9580794651E-001
  -4.1745768208E+000   2.0569966180E-001
  -4.0199628645E+000   2.2428127348E-001
  -3.8653489082E+000   2.6005612235E-001
  -3.7107349518E+000   3.2821994005E-001
  -3.5561209955E+000   4.5493334367E-001
  -3.4015070392E+000   6.8922923501E-001
  -3.2468930829E+000   1.1197184629E+000
  -3.0922791265E+000   1.8072475342E+000
  -2.9376651702E+000   2.5066594839E+000
  -2.7830512139E+000   2.6385353634E+000
  -2.6284372576E+000   2.0652911153E+000
  -2.4738233012E+000   1.3223494037E+000
  -2.3192093449E+000   8.0509788192E-001
  -2.1645953886E+000   5.1688477922E-001
  -2.0099814323E+000   3.6129695627E-001
  -1.8553674759E+000   2.7708203327E-001
  -1.7007535196E+000   2.3241334136E-001
  -1.5461395633E+000   2.0910846607E-001
  -1.3915256069E+000   1.9675632469E-001
  -1.2369116506E+000   1.8983702040E-001
  -1.0822976943E+000   1.8559446292E-001
  -9.2768373796E-001   1.8268423708E-001
  -7.7306978164E-001   1.8046548645E-001
  -6.1845582531E-001   1.7866013934E-001
  -4.6384186898E-001   1.7718113756E-001
  -3.0922791265E-001   1.7603559129E-001
  -1.5461395633E-001   1.7526497890E-001
   0.0000000000E+000   1.7490773139E-001
   1.5461395633E-001   1.7497947354E-001
   3.0922791265E-001   1.7546729763E-001
   4.6384186898E-001   1.7633566562E-001
   6.1845582531E-001   1.7754629660E-001
   7.7306978164E-001   1.7909563021E-001
   9.2768373796E-001   1.8107457333E-001
   1.0822976943E+000   1.8376519301E-001
   1.2369116506E+000   1.8781227310E-001
   1.3915256069E+000   1.9456382262E-001
   1.5461395633E+000   2.0677871674E-001
   1.7007535196E+000   2.2997771921E-001
   1.8553674759E+000   2.7456868162E-001
   2.0099814323E+000   3.5872376494E-001
   2.1645953886E+000   5.1424974606E-001
   2.3192093449E+000   8.0236643670E-001
   2.4738233012E+000   1.3194434761E+000
   2.6284372576E+000   2.0621263423E+000
   2.7830512139E+000   2.6351551045E+000
   2.9376651702E+000   2.5032803276E+000
   3.0922791265E+000   1.8040355796E+000
   3.2468930829E+000   1.1166458632E+000
   3.4015070392E+000   6.8619108688E-001
   3.5561209955E+000   4.5185540302E-001
   3.7107349518E+000   3.2507044512E-001
   3.8653489082E+000   2.5683187665E-001
   4.0199628645E+000   2.2099588360E-001
   4.1745768208E+000   2.0237428713E-001
   4.3291907772E+000   1.9246487130E-001
   4.4838047335E+000   1.8686513035E-001
   4.6384186898E+000   1.8339789578E-001
   4.7930326461E+000   1.8100343662E-001
   4.9476466025E+000   1.7918342154E-001
   5.1022605588E+000   1.7773288204E-001
   5.2568745151E+000   1.7660029934E-001
   5.4114884714E+000   1.7580592898E-001
   5.5661024278E+000   1.7539043206E-001
   5.7207163841E+000   1.7538364917E-001
   5.8753303404E+000   1.7578987775E-001
   6.0299442968E+000   1.7658594989E-001
   6.1845582531E+000   1.7773125811E-001
   6.3391722094E+000   1.7919309535E-001
   6.4937861657E+000   1.8099072423E-001
   6.6484001221E+000   1.8326502590E-001
   6.8030140784E+000   1.8639416014E-001
   6.9576280347E+000   1.9120670673E-001
   7.1122419910E+000   1.9941667614E-001
   7.2668559474E+000   2.1451550047E-001
   7.4214699037E+000   2.4338379848E-001
   7.5760838600E+000   2.9864910137E-001
   7.7306978164E+000   4.0205197902E-001
   7.8853117727E+000   5.9285905851E-001
   8.0399257290E+000   9.4628615108E-001
   8.1945396853E+000   1.5529532534E+000
   8.3491536417E+000   2.3056052667E+000
   8.5037675980E+000   2.6831339095E+000
   8.6583815543E+000   2.3057063027E+000
   8.8129955106E+000   1.5531375956E+000
   8.9676094670E+000   9.4653244418E-001
   9.1222234233E+000   5.9315192460E-001
   9.2768373796E+000   4.0238191669E-001
   9.4314513359E+000   2.9901047875E-001
   9.5860652923E+000   2.4377415025E-001
   9.7406792486E+000   2.1493485395E-001
   9.8952932049E+000   1.9986657463E-001
   1.0049907161E+001   1.9168946243E-001
   1.0204521118E+001   1.8691252189E-001
   1.0359135074E+001   1.8382208799E-001
   1.0513749030E+001   1.8158987328E-001
   1.0668362987E+001   1.7983790493E-001
   1.0822976943E+001   1.7842533483E-001
   1.0977590899E+001   1.7733276751E-001
   1.1132204856E+001   1.7659262634E-001
   1.1286818812E+001   1.7624510738E-001
   1.1441432768E+001   1.7631285640E-001
   1.1596046725E+001   1.7679094869E-001
   1.1750660681E+001   1.7764881030E-001
   1.1905274637E+001   1.7884494362E-001
   1.2059888594E+001   1.8035816950E-001
   1.2214502550E+001   1.8223902498E-001
   1.2369116506E+001   1.8469146974E-001
   1.2523730462E+001   1.8821281021E-001
   1.2678344419E+001   1.9386172108E-001
   1.2832958375E+001   2.0381432266E-001
   1.2987572331E+001   2.2247241324E-001
   1.3142186288E+001   2.5833878004E-001
   1.3296800244E+001   3.2660497472E-001
   1.3451414200E+001   4.5342248165E-001
   1.3606028157E+001   6.8780953802E-001
   1.3760642113E+001   1.1183584254E+000
   1.3915256069E+001   1.8059076279E+000
   1.4069870026E+001   2.5053385315E+000
   1.4224483982E+001   2.6373116270E+000
   1.4379097938E+001   2.0642634276E+000
   1.4533711895E+001   1.3215488851E+000
   1.4688325851E+001   8.0449950370E-001
   1.4842939807E+001   5.1645967126E-001
   1.4997553764E+001   3.6103208451E-001
   1.5152167720E+001   2.7697814559E-001
   1.5306781676E+001   2.3247946081E-001
   1.5461395633E+001   2.0935696313E-001
   1.5616009589E+001   1.9719917491E-001
   1.5770623545E+001   1.9048347978E-001
   1.5925237502E+001   1.8644986418E-001
   1.6079851458E+001   1.8374947782E-001
   1.6234465414E+001   1.8173694622E-001
   1.6389079371E+001   1.8012990799E-001
   1.6543693327E+001   1.7883747673E-001
   1.6698307283E+001   1.7786353767E-001
   1.6852921240E+001   1.7724699358E-001
   1.7007535196E+001   1.7702431956E-001
   1.7162149152E+001   1.7720972841E-001
   1.7316763109E+001   1.7778935213E-001
   1.7471377065E+001   1.7872706378E-001
   1.7625991021E+001   1.7998431616E-001
   1.7780604978E+001   1.8155759166E-001
   1.7935218934E+001   1.8353816055E-001
   1.8089832890E+001   1.8620878635E-001
   1.8244446847E+001   1.9021526381E-001
   1.8399060803E+001   1.9690688392E-001
   1.8553674759E+001   2.0904413694E-001
   1.8708288716E+001   2.3215019181E-001
   1.8862902672E+001   2.7663721504E-001
   1.9017516628E+001   3.6068516359E-001
   1.9172130585E+001   5.1611361951E-001
   1.9326744541E+001   8.0416283086E-001
   1.9481358497E+001   1.3212318694E+000
   1.9635972454E+001   2.0639759954E+000
   1.9790586410E+001   2.6370582555E+000
   1.9945200366E+001   2.5051152927E+000
   2.0099814323E+001   1.8057069614E+000
   2.0254428279E+001   1.1181766013E+000
   2.0409042235E+001   6.8764805666E-001
   2.0563656191E+001   4.5328462170E-001
   2.0718270148E+001   3.2649342371E-001
   2.0872884104E+001   2.5825542692E-001
   2.1027498060E+001   2.2241852625E-001
   2.1182112017E+001   2.0379043465E-001
   2.1336725973E+001   1.9386747193E-001
   2.1491339929E+001   1.8824692609E-001
   2.1645953886E+001   1.8475184986E-001
   2.1800567842E+001   1.8232285743E-001
   2.1955181798E+001   1.8046203090E-001
   2.2109795755E+001   1.7896487412E-001
   2.2264409711E+001   1.7778037303E-001
   2.2419023667E+001   1.7692928470E-001
   2.2573637624E+001   1.7645274223E-001
   2.2728251580E+001   1.7638102056E-001
   2.2882865536E+001   1.7671882382E-001
   2.3037479493E+001   1.7744338489E-001
   2.3192093449E+001   1.7851451631E-001
   2.3346707405E+001   1.7989997317E-001
   2.3501321362E+001   1.8161953891E-001
   2.3655935318E+001   1.8381467930E-001
   2.3810549274E+001   1.8686419051E-001
   2.3965163231E+001   1.9159731053E-001
   2.4119777187E+001   1.9972869431E-001
   2.4274391143E+001   2.1475041203E-001
   2.4429005100E+001   2.4354385985E-001
   2.4583619056E+001   2.9873786178E-001
   2.4738233012E+001   4.0207544798E-001
   2.4892846969E+001   5.9282825195E-001
   2.5047460925E+001   9.4622277705E-001
   2.5202074881E+001   1.5528942694E+000
   2.5356688838E+001   2.3055780981E+000
   2.5511302794E+001   2.6830985292E+000
   2.5665916750E+001   2.3055774623E+000
   2.5820530707E+001   1.5528929858E+000
   2.5975144663E+001   9.4622082297E-001
   2.6129758619E+001   5.9282559684E-001
   2.6284372576E+001   4.0207205503E-001
   2.6438986532E+001   2.9873368859E-001
   2.6593600488E+001   2.4353885759E-001
   2.6748214445E+001   2.1474452372E-001
   2.6902828401E+001   1.9972185272E-001
   2.7057442357E+001   1.9158943607E-001
   2.7212056314E+001   1.8685518899E-001
   2.7366670270E+001   1.8380443951E-001
   2.7521284226E+001   1.8160792987E-001
   2.7675898183E+001   1.7988684083E-001
   2.7830512139E+001   1.7849968001E-001
   2.7985126095E+001   1.7742663332E-001
   2.8139740052E+001   1.7669991101E-001
   2.8294354008E+001   1.7635966175E-001
   2.8448967964E+001   1.7642861008E-001
   2.8603581920E+001   1.7690200598E-001
   2.8758195877E+001   1.7774952641E-001
   2.8912809833E+001   1.7892998943E-001
   2.9067423789E+001   1.8042259044E-001
   2.9222037746E+001   1.8227829964E-001
   2.9376651702E+001   1.8470157615E-001
   2.9531265658E+001   1.8819031155E-001
   2.9685879615E+001   1.9380388166E-001
   2.9840493571E+001   2.0371924832E-001
   2.9995107527E+001   2.2233917283E-001
   3.0149721484E+001   2.5816742670E-001
   3.0304335440E+001   3.2639642617E-001
   3.0458949396E+001   4.5317842570E-001
   3.0613563353E+001   6.8753261170E-001
   3.0768177309E+001   1.1180519412E+000
   3.0922791265E+001   1.8055728183E+000
   3.1077405222E+001   2.5049701737E+000
   3.1232019178E+001   2.6368986666E+000
   3.1386633134E+001   2.0637970683E+000
   3.1541247091E+001   1.3210290697E+000
   3.1695861047E+001   8.0393293702E-001
   3.1850475003E+001   5.1585446889E-001
   3.2005088960E+001   3.6039518942E-001
   3.2159702916E+001   2.7631531495E-001
   3.2314316872E+001   2.3179570960E-001
   3.2468930829E+001   2.0865679687E-001
   3.2623544785E+001   1.9648672463E-001
   3.2778158741E+001   1.8976261831E-001
   3.2932772698E+001   1.8572429462E-001
   3.3087386654E+001   1.8302278370E-001
   3.3242000610E+001   1.8101260972E-001
   3.3396614567E+001   1.7941130859E-001
   3.3551228523E+001   1.7812788055E-001
   3.3705842479E+001   1.7716608366E-001
   3.3860456436E+001   1.7656467946E-001
