  -3.4015070392E+001   1.7635686247E-001
  -3.3860456436E+001   1.7656225103E-001
  -3.3705842479E+001   1.7716436306E-001
  -3.3551228523E+001   1.7812687366E-001
  -3.3396614567E+001   1.7941101531E-001
  -3.3242000610E+001   1.8101302241E-001
  -3.3087386654E+001   1.8302388607E-001
  -3.2932772698E+001   1.8572606141E-001
  -3.2778158741E+001   1.8976501623E-001
  -3.2623544785E+001   1.9648971462E-001
  -3.2468930829E+001   2.0866033770E-001
  -3.2314316872E+001   2.3179976260E-001
  -3.2159702916E+001   2.7631984934E-001
  -3.2005088960E+001   3.6040018746E-001
  -3.1850475003E+001   5.1585992828E-001
  -3.1695861047E+001   8.0393886231E-001
  -3.1541247091E+001   1.3210354452E+000
  -3.1386633134E+001   2.0638038600E+000
  -3.1232019178E+001   2.6369059462E+000
  -3.1077405222E+001   2.5049781900E+000
  -3.0922791265E+001   1.8055817714E+000
  -3.0768177309E+001   1.1180618443E+000
  -3.0613563353E+001   6.8754342293E-001
  -3.0458949396E+001   4.5319013003E-001
  -3.0304335440E+001   3.2640901602E-001
  -3.0149721484E+001   2.5818088024E-001
  -2.9995107527E+001   2.2235345042E-001
  -2.9840493571E+001   2.0373429644E-001
  -2.9685879615E+001   1.9381963829E-001
  -2.9531265658E+001   1.8820671142E-001
  -2.9376651702E+001   1.8471855515E-001
  -2.9222037746E+001   1.8229579807E-001
  -2.9067423789E+001   1.8044055487E-001
  -2.8912809833E+001   1.7894837326E-001
  -2.8758195877E+001   1.7776828931E-001
  -2.8603581920E+001   1.7692111265E-001
  -2.8448967964E+001   1.7644802869E-001
  -2.8294354008E+001   1.7637936222E-001
  -2.8139740052E+001   1.7671986324E-001
  -2.7985126095E+001   1.7744680552E-001
  -2.7830512139E+001   1.7852003692E-001
  -2.7675898183E+001   1.7990734210E-001
  -2.7521284226E+001   1.8162852858E-001
  -2.7366670270E+001   1.8382508140E-001
  -2.7212056314E+001   1.8687581247E-001
  -2.7057442357E+001   1.9160997362E-001
  -2.6902828401E+001   1.9974223356E-001
  -2.6748214445E+001   2.1476467784E-001
  -2.6593600488E+001   2.4355872060E-001
  -2.6438986532E+001   2.9875320699E-001
  -2.6284372576E+001   4.0209119079E-001
  -2.6129758619E+001   5.9284432719E-001
  -2.5975144663E+001   9.4623912497E-001
  -2.5820530707E+001   1.5529108080E+000
  -2.5665916750E+001   2.3055947614E+000
  -2.5511302794E+001   2.6831154153E+000
  -2.5356688838E+001   2.3055948069E+000
  -2.5202074881E+001   1.5529109020E+000
  -2.5047460925E+001   9.4623927144E-001
  -2.4892846969E+001   5.9284452873E-001
  -2.4738233012E+001   4.0209144559E-001
  -2.4583619056E+001   2.9875350676E-001
  -2.4429005100E+001   2.4355904909E-001
  -2.4274391143E+001   2.1476500953E-001
  -2.4119777187E+001   1.9974253206E-001
  -2.3965163231E+001   1.9161018956E-001
  -2.3810549274E+001   1.8687588074E-001
  -2.3655935318E+001   1.8382491789E-001
  -2.3501321362E+001   1.8162802652E-001
  -2.3346707405E+001   1.7990636798E-001
  -2.3192093449E+001   1.7851842609E-001
  -2.3037479493E+001   1.7744435742E-001
  -2.2882865536E+001   1.7671633635E-001
  -2.2728251580E+001   1.7637446888E-001
  -2.2573637624E+001   1.7644143006E-001
  -2.2419023667E+001   1.7691241411E-001
  -2.2264409711E+001   1.7775703672E-001
  -2.2109795755E+001   1.7893405059E-001
  -2.1955181798E+001   1.8042258362E-001
  -2.1800567842E+001   1.8227353912E-001
  -2.1645953886E+001   1.8469131340E-001
  -2.1491339929E+001   1.8817374411E-001
  -2.1336725973E+001   1.9378016848E-001
  -2.1182112017E+001   2.0368753377E-001
  -2.1027498060E+001   2.2229862069E-001
  -2.0872884104E+001   2.5811726119E-001
  -2.0718270148E+001   3.2633596774E-001
  -2.0563656191E+001   4.5310710617E-001
  -2.0409042235E+001   6.8744995839E-001
  -2.0254428279E+001   1.1179574762E+000
  -2.0099814323E+001   1.8054656816E+000
  -1.9945200366E+001   2.5048483939E+000
  -1.9790586410E+001   2.6367586181E+000
  -1.9635972454E+001   2.0636338708E+000
  -1.9481358497E+001   1.3208378370E+000
  -1.9326744541E+001   8.0370970993E-001
  -1.9172130585E+001   5.1559614786E-001
  -1.9017516628E+001   3.6009914840E-001
  -1.8862902672E+001   2.7597924952E-001
  -1.8708288716E+001   2.3141758840E-001
  -1.8553674759E+001   2.0823478066E-001
  -1.8399060803E+001   1.9601908967E-001
  -1.8244446847E+001   1.8924772128E-001
  -1.8089832890E+001   1.8516056475E-001
  -1.7935218934E+001   1.8240871326E-001
  -1.7780604978E+001   1.8034672746E-001
  -1.7625991021E+001   1.7869213662E-001
  -1.7471377065E+001   1.7735388342E-001
  -1.7316763109E+001   1.7633561965E-001
  -1.7162149152E+001   1.7567596193E-001
  -1.7007535196E+001   1.7541106173E-001
  -1.6852921240E+001   1.7555478871E-001
  -1.6698307283E+001   1.7609293188E-001
  -1.6543693327E+001   1.7698904212E-001
  -1.6389079371E+001   1.7820429217E-001
  -1.6234465414E+001   1.7973494963E-001
  -1.6079851458E+001   1.8167216312E-001
  -1.5925237502E+001   1.8429870720E-001
  -1.5770623545E+001   1.8826058511E-001
  -1.5616009589E+001   1.9490759966E-001
  -1.5461395633E+001   2.0700120086E-001
  -1.5306781676E+001   2.3006609338E-001
  -1.5152167720E+001   2.7451654213E-001
  -1.4997553764E+001   3.5853492305E-001
  -1.4842939807E+001   5.1394330006E-001
  -1.4688325851E+001   8.0198432787E-001
  -1.4533711895E+001   1.3190572816E+000
  -1.4379097938E+001   2.0618077678E+000
  -1.4224483982E+001   2.6348728234E+000
  -1.4069870026E+001   2.5028593350E+000
  -1.3915256069E+001   1.8033199158E+000
  -1.3760642113E+001   1.1156178826E+000
  -1.3606028157E+001   6.8490203364E-001
  -1.3451414200E+001   4.5035008312E-001
  -1.3296800244E+001   3.2337625588E-001
  -1.3142186288E+001   2.5496718318E-001
  -1.2987572331E+001   2.1897581840E-001
  -1.2832958375E+001   2.0021374430E-001
  -1.2678344419E+001   1.9018029377E-001
  -1.2523730462E+001   1.8447554841E-001
  -1.2369116506E+001   1.8092539904E-001
  -1.2214502550E+001   1.7847321825E-001
  -1.2059888594E+001   1.7662349899E-001
  -1.1905274637E+001   1.7517358647E-001
  -1.1750660681E+001   1.7407362097E-001
  -1.1596046725E+001   1.7334478451E-001
  -1.1441432768E+001   1.7302788724E-001
  -1.1286818812E+001   1.7315209950E-001
  -1.1132204856E+001   1.7372017187E-001
  -1.0977590899E+001   1.7470643789E-001
  -1.0822976943E+001   1.7606676758E-001
  -1.0668362987E+001   1.7776387443E-001
  -1.0513749030E+001   1.7981143081E-001
  -1.0359135074E+001   1.8234387317E-001
  -1.0204521118E+001   1.8573233153E-001
  -1.0049907161E+001   1.9079812789E-001
  -9.8952932049E+000   1.9924825263E-001
  -9.7406792486E+000   2.1456814799E-001
  -9.5860652923E+000   2.4363504982E-001
  -9.4314513359E+000   2.9907835945E-001
  -9.2768373796E+000   4.0264882920E-001
  -9.1222234233E+000   5.9363437417E-001
  -8.9676094670E+000   9.4728667061E-001
  -8.8129955106E+000   1.5542653046E+000
  -8.6583815543E+000   2.3072815983E+000
  -8.5037675980E+000   2.6850484798E+000
  -8.3491536417E+000   2.3076090540E+000
  -8.1945396853E+000   1.5549213137E+000
  -8.0399257290E+000   9.4827458733E-001
  -7.8853117727E+000   5.9495920317E-001
  -7.7306978164E+000   4.0431489213E-001
  -7.5760838600E+000   3.0108749865E-001
  -7.4214699037E+000   2.4598607064E-001
  -7.2668559474E+000   2.1725686948E-001
  -7.1122419910E+000   2.0226767947E-001
  -6.9576280347E+000   1.9413862540E-001
  -6.8030140784E+000   1.8938181937E-001
  -6.6484001221E+000   1.8628806608E-001
  -6.4937861657E+000   1.8403412656E-001
  -6.3391722094E+000   1.8224725678E-001
  -6.1845582531E+000   1.8079167677E-001
  -6.0299442968E+000   1.7965256381E-001
  -5.8753303404E+000   1.7886613947E-001
  -5.7207163841E+000   1.7847543441E-001
  -5.5661024278E+000   1.7850486882E-001
  -5.4114884714E+000   1.7895020964E-001
  -5.2568745151E+000   1.7978052095E-001
  -5.1022605588E+000   1.8095296095E-001
  -4.9476466025E+000   1.8244414413E-001
  -4.7930326461E+000   1.8430171891E-001
  -4.6384186898E+000   1.8672631681E-001
  -4.4838047335E+000   1.9021176848E-001
  -4.3291907772E+000   1.9581344566E-001
  -4.1745768208E+000   2.0570471639E-001
  -4.0199628645E+000   2.2428576656E-001
  -3.8653489082E+000   2.6005994859E-001
  -3.7107349518E+000   3.2822303862E-001
  -3.5561209955E+000   4.5493574433E-001
  -3.4015070392E+000   6.8923111021E-001
  -3.2468930829E+000   1.1197201714E+000
  -3.0922791265E+000   1.8072495466E+000
  -2.9376651702E+000   2.5066619820E+000
  -2.7830512139E+000   2.6385378567E+000
  -2.6284372576E+000   2.0652929344E+000
  -2.4738233012E+000   1.3223504632E+000
  -2.3192093449E+000   8.0509856273E-001
  -2.1645953886E+000   5.1688546170E-001
  -2.0099814323E+000   3.6129785294E-001
  -1.8553674759E+000   2.7708321148E-001
  -1.7007535196E+000   2.3241477315E-001
  -1.5461395633E+000   2.0911007301E-001
  -1.3915256069E+000   1.9675801161E-001
  -1.2369116506E+000   1.8983869538E-001
  -1.0822976943E+000   1.8559604689E-001
  -9.2768373796E-001   1.8268566761E-001
  -7.7306978164E-001   1.8046671849E-001
  -6.1845582531E-001   1.7866114390E-001
  -4.6384186898E-001   1.7718189899E-001
  -3.0922791265E-001   1.7603610361E-001
  -1.5461395633E-001   1.7526524211E-001
   0.0000000000E+000   1.7490774830E-001
   1.5461395633E-001   1.7497924730E-001
   3.0922791265E-001   1.7546683017E-001
   4.6384186898E-001   1.7633495676E-001
   6.1845582531E-001   1.7754534365E-001
   7.7306978164E-001   1.7909442782E-001
   9.2768373796E-001   1.8107311366E-001
   1.0822976943E+000   1.8376346614E-001
   1.2369116506E+000   1.8781026809E-001
   1.3915256069E+000   1.9456152917E-001
   1.5461395633E+000   2.0677612710E-001
   1.7007535196E+000   2.2997482899E-001
   1.8553674759E+000   2.7456548720E-001
   2.0099814323E+000   3.5872025605E-001
   2.1645953886E+000   5.1424589269E-001
   2.3192093449E+000   8.0236216437E-001
   2.4738233012E+000   1.3194386306E+000
   2.6284372576E+000   2.0621207481E+000
   2.7830512139E+000   2.6351488627E+000
   2.9376651702E+000   2.5032739493E+000
   3.0922791265E+000   1.8040294953E+000
   3.2468930829E+000   1.1166400923E+000
   3.4015070392E+000   6.8618548772E-001
   3.5561209955E+000   4.5184988696E-001
   3.7107349518E+000   3.2506498180E-001
   3.8653489082E+000   2.5682645961E-001
   4.0199628645E+000   2.2099051241E-001
   4.1745768208E+000   2.0236895932E-001
   4.3291907772E+000   1.9245957906E-001
   4.4838047335E+000   1.8685986065E-001
   4.6384186898E+000   1.8339263222E-001
   4.7930326461E+000   1.8099816166E-001
   4.9476466025E+000   1.7917811835E-001
   5.1022605588E+000   1.7772753566E-001
   5.2568745151E+000   1.7659489739E-001
   5.4114884714E+000   1.7580046188E-001
   5.5661024278E+000   1.7538489296E-001
   5.7207163841E+000   1.7537803350E-001
   5.8753303404E+000   1.7578418235E-001
   6.0299442968E+000   1.7658017165E-001
   6.1845582531E+000   1.7772539208E-001
   6.3391722094E+000   1.7918713249E-001
   6.4937861657E+000   1.8098464900E-001
   6.6484001221E+000   1.8325881420E-001
   6.8030140784E+000   1.8638777793E-001
   6.9576280347E+000   1.9120010977E-001
   7.1122419910E+000   1.9940981101E-001
   7.2668559474E+000   2.1450830787E-001
   7.4214699037E+000   2.4337622099E-001
   7.5760838600E+000   2.9864109884E-001
   7.7306978164E+000   4.0204355235E-001
   7.8853117727E+000   5.9285027803E-001
   8.0399257290E+000   9.4627718215E-001
   8.1945396853E+000   1.5529443463E+000
   8.3491536417E+000   2.3055966188E+000
   8.5037675980E+000   2.6831254458E+000
   8.6583815543E+000   2.3056977485E+000
   8.8129955106E+000   1.5531288444E+000
   8.9676094670E+000   9.4652364992E-001
   9.1222234233E+000   5.9314329819E-001
   9.2768373796E+000   4.0237359187E-001
   9.4314513359E+000   2.9900250179E-001
   9.5860652923E+000   2.4376650518E-001
   9.7406792486E+000   2.1492748939E-001
   9.8952932049E+000   1.9985942574E-001
   1.0049907161E+001   1.9168246504E-001
   1.0204521118E+001   1.8690561985E-001
   1.0359135074E+001   1.8381523646E-001
   1.0513749030E+001   1.8158303981E-001
   1.0668362987E+001   1.7983106905E-001
   1.0822976943E+001   1.7841848653E-001
   1.0977590899E+001   1.7732590499E-001
   1.1132204856E+001   1.7658575353E-001
   1.1286818812E+001   1.7623823154E-001
   1.1441432768E+001   1.7630598606E-001
   1.1596046725E+001   1.7678409194E-001
   1.1750660681E+001   1.7764197330E-001
   1.1905274637E+001   1.7883812928E-001
   1.2059888594E+001   1.8035137623E-001
   1.2214502550E+001   1.8223224579E-001
   1.2369116506E+001   1.8468469184E-001
   1.2523730462E+001   1.8820601562E-001
   1.2678344419E+001   1.9385488851E-001
   1.2832958375E+001   2.0380743076E-001
   1.2987572331E+001   2.2246544489E-001
   1.3142186288E+001   2.5833172714E-001
   1.3296800244E+001   3.2659784255E-001
   1.3451414200E+001   4.5341529133E-001
   1.3606028157E+001   6.8780232160E-001
   1.3760642113E+001   1.1183512023E+000
   1.3915256069E+001   1.8059003818E+000
   1.4069870026E+001   2.5053312868E+000
   1.4224483982E+001   2.6373045845E+000
   1.4379097938E+001   2.0642568400E+000
   1.4533711895E+001   1.3215428421E+000
   1.4688325851E+001   8.0449400022E-001
   1.4842939807E+001   5.1645472330E-001
   1.4997553764E+001   3.6102772507E-001
   1.5152167720E+001   2.7697439568E-001
   1.5306781676E+001   2.3247632019E-001
   1.5461395633E+001   2.0935441261E-001
   1.5616009589E+001   1.9719718180E-001
   1.5770623545E+001   1.9048200373E-001
   1.5925237502E+001   1.8644886244E-001
   1.6079851458E+001   1.8374890948E-001
   1.6234465414E+001   1.8173677497E-001
   1.6389079371E+001   1.8013010351E-001
   1.6543693327E+001   1.7883801486E-001
   1.6698307283E+001   1.7786439969E-001
   1.6852921240E+001   1.7724816506E-001
   1.7007535196E+001   1.7702578894E-001
   1.7162149152E+001   1.7721148548E-001
   1.7316763109E+001   1.7779138651E-001
   1.7471377065E+001   1.7872936334E-001
   1.7625991021E+001   1.7998686542E-001
   1.7780604978E+001   1.8156037039E-001
   1.7935218934E+001   1.8354114272E-001
   1.8089832890E+001   1.8621193995E-001
   1.8244446847E+001   1.9021855172E-001
   1.8399060803E+001   1.9691026620E-001
   1.8553674759E+001   2.0904757447E-001
   1.8708288716E+001   2.3215365090E-001
   1.8862902672E+001   2.7664067266E-001
   1.9017516628E+001   3.6068861242E-001
   1.9172130585E+001   5.1611707022E-001
   1.9326744541E+001   8.0416630331E-001
   1.9481358497E+001   1.3212353654E+000
   1.9635972454E+001   2.0639795002E+000
   1.9790586410E+001   2.6370618619E+000
   1.9945200366E+001   2.5051192721E+000
   2.0099814323E+001   1.8057115389E+000
   2.0254428279E+001   1.1181818170E+000
   2.0409042235E+001   6.8765389741E-001
   2.0563656191E+001   4.5329110237E-001
   2.0718270148E+001   3.2650056749E-001
   2.0872884104E+001   2.5826324341E-001
   2.1027498060E+001   2.2242700765E-001
   2.1182112017E+001   2.0379955955E-001
   2.1336725973E+001   1.9387721049E-001
   2.1491339929E+001   1.8825724517E-001
   2.1645953886E+001   1.8476271723E-001
   2.1800567842E+001   1.8233424495E-001
   2.1955181798E+001   1.8047391620E-001
   2.2109795755E+001   1.7897724104E-001
   2.2264409711E+001   1.7779321097E-001
   2.2419023667E+001   1.7694258724E-001
   2.2573637624E+001   1.7646650550E-001
   2.2728251580E+001   1.7639524144E-001
   2.2882865536E+001   1.7673349813E-001
   2.3037479493E+001   1.7745850556E-001
   2.3192093449E+001   1.7853007163E-001
   2.3346707405E+001   1.7991594508E-001
   2.3501321362E+001   1.8163590159E-001
   2.3655935318E+001   1.8383139827E-001
   2.3810549274E+001   1.8688122274E-001
   2.3965163231E+001   1.9161460581E-001
   2.4119777187E+001   1.9974619802E-001
   2.4274391143E+001   2.1476806920E-001
   2.4429005100E+001   2.4356162011E-001
   2.4583619056E+001   2.9875568481E-001
   2.4738233012E+001   4.0209330825E-001
   2.4892846969E+001   5.9284613879E-001
   2.5047460925E+001   9.4624067968E-001
   2.5202074881E+001   1.5529121493E+000
   2.5356688838E+001   2.3055959260E+000
   2.5511302794E+001   2.6831164321E+000
   2.5665916750E+001   2.3055956957E+000
   2.5820530707E+001   1.5529116751E+000
   2.5975144663E+001   9.4623993579E-001
   2.6129758619E+001   5.9284508994E-001
   2.6284372576E+001   4.0209191138E-001
   2.6438986532E+001   2.9875388969E-001
   2.6593600488E+001   2.4355936857E-001
   2.6748214445E+001   2.1476529339E-001
   2.6902828401E+001   1.9974281834E-001
   2.7057442357E+001   1.9161052880E-001
   2.7212056314E+001   1.8687633888E-001
   2.7366670270E+001   1.8382557962E-001
   2.7521284226E+001   1.8162899903E-001
   2.7675898183E+001   1.7990778506E-001
   2.7830512139E+001   1.7852045265E-001
   2.7985126095E+001   1.7744719424E-001
   2.8139740052E+001   1.7672022521E-001
   2.8294354008E+001   1.7637969773E-001
   2.8448967964E+001   1.7644833811E-001
   2.8603581920E+001   1.7692139640E-001
   2.8758195877E+001   1.7776854789E-001
   2.8912809833E+001   1.7894860727E-001
   2.9067423789E+001   1.8044076497E-001
   2.9222037746E+001   1.8229598503E-001
   2.9376651702E+001   1.8471871981E-001
   2.9531265658E+001   1.8820685471E-001
   2.9685879615E+001   1.9381976118E-001
   2.9840493571E+001   2.0373439999E-001
   2.9995107527E+001   2.2235353574E-001
   3.0149721484E+001   2.5818094850E-001
   3.0304335440E+001   3.2640906842E-001
   3.0458949396E+001   4.5319016779E-001
   3.0613563353E+001   6.8754344732E-001
   3.0768177309E+001   1.1180618566E+000
   3.0922791265E+001   1.8055817728E+000
   3.1077405222E+001   2.5049781819E+000
   3.1232019178E+001   2.6369059299E+000
   3.1386633134E+001   2.0638038366E+000
   3.1541247091E+001   1.3210354161E+000
   3.1695861047E+001   8.0393882855E-001
   3.1850475003E+001   5.1585989105E-001
   3.2005088960E+001   3.6040014788E-001
   3.2159702916E+001   2.7631980848E-001
   3.2314316872E+001   2.3179972144E-001
   3.2468930829E+001   2.0866029717E-001
   3.2623544785E+001   1.9648967558E-001
   3.2778158741E+001   1.8976497948E-001
   3.2932772698E+001   1.8572602766E-001
   3.3087386654E+001   1.8302385594E-001
   3.3242000610E+001   1.8101299646E-001
   3.3396614567E+001   1.7941099399E-001
   3.3551228523E+001   1.7812685734E-001
   3.3705842479E+001   1.7716435202E-001
   3.3860456436E+001   1.7656224546E-001
