  -3.4015070392E+001   1.7634772163E-001
  -3.3860456436E+001   1.7655133889E-001
  -3.3705842479E+001   1.7714901327E-001
  -3.3551228523E+001   1.7810454043E-001
  -3.3396614567E+001   1.7937933753E-001
  -3.3242000610E+001   1.8096987107E-001
  -3.3087386654E+001   1.8296739676E-001
  -3.2932772698E+001   1.8565465961E-001
  -3.2778158741E+001   1.8967744610E-001
  -3.2623544785E+001   1.9638508053E-001
  -3.2468930829E+001   2.0853816257E-001
  -3.2314316872E+001   2.3166006368E-001
  -3.2159702916E+001   2.7616323319E-001
  -3.2005088960E+001   3.6022795733E-001
  -3.1850475003E+001   5.1567409637E-001
  -3.1695861047E+001   8.0374161157E-001
  -3.1541247091E+001   1.3208274934E+000
  -3.1386633134E+001   2.0635840387E+000
  -3.1232019178E+001   2.6366773081E+000
  -3.1077405222E+001   2.5047521871E+000
  -3.0922791265E+001   1.8053675857E+000
  -3.0768177309E+001   1.1178601422E+000
  -3.0613563353E+001   6.8735339172E-001
  -3.0458949396E+001   4.5301323020E-001
  -3.0304335440E+001   3.2624754442E-001
  -3.0149721484E+001   2.5803668435E-001
  -2.9995107527E+001   2.2222765409E-001
  -2.9840493571E+001   2.0362737116E-001
  -2.9685879615E+001   1.9373150977E-001
  -2.9531265658E+001   1.8813684796E-001
  -2.9376651702E+001   1.8466603755E-001
  -2.9222037746E+001   1.8225937223E-001
  -2.9067423789E+001   1.8041866837E-001
  -2.8912809833E+001   1.7893920182E-001
  -2.8758195877E+001   1.7776976336E-001
  -2.8603581920E+001   1.7693095426E-001
  -2.8448967964E+001   1.7646380464E-001
  -2.8294354008E+001   1.7639855309E-001
  -2.8139740052E+001   1.7673994293E-001
  -2.7985126095E+001   1.7746532233E-001
  -2.7830512139E+001   1.7853468692E-001
  -2.7675898183E+001   1.7991602781E-001
  -2.7521284226E+001   1.8162940085E-001
  -2.7366670270E+001   1.8381656836E-001
  -2.7212056314E+001   1.8685664468E-001
  -2.7057442357E+001   1.9157921620E-001
  -2.6902828401E+001   1.9969933296E-001
  -2.6748214445E+001   2.1470952578E-001
  -2.6593600488E+001   2.4349173581E-001
  -2.6438986532E+001   2.9867543647E-001
  -2.6284372576E+001   4.0200440813E-001
  -2.6129758619E+001   5.9275093600E-001
  -2.5975144663E+001   9.4614127100E-001
  -2.5820530707E+001   1.5528086140E+000
  -2.5665916750E+001   2.3054877026E+000
  -2.5511302794E+001   2.6830098356E+000
  -2.5356688838E+001   2.3055032330E+000
  -2.5202074881E+001   1.5528396875E+000
  -2.5047460925E+001   9.4618791116E-001
  -2.4892846969E+001   5.9281317443E-001
  -2.4738233012E+001   4.0208228131E-001
  -2.4583619056E+001   2.9876898325E-001
  -2.4429005100E+001   2.4360099540E-001
  -2.4274391143E+001   2.1483453588E-001
  -2.4119777187E+001   1.9984012744E-001
  -2.3965163231E+001   1.9173582222E-001
  -2.3810549274E+001   1.8702907902E-001
  -2.3655935318E+001   1.8400483313E-001
  -2.3501321362E+001   1.8183347883E-001
  -2.3346707405E+001   1.8013587712E-001
  -2.3192093449E+001   1.7877023540E-001
  -2.3037479493E+001   1.7771646135E-001
  -2.2882865536E+001   1.7700652092E-001
  -2.2728251580E+001   1.7668036879E-001
  -2.2573637624E+001   1.7676060045E-001
  -2.2419023667E+001   1.7724240991E-001
  -2.2264409711E+001   1.7809549036E-001
  -2.2109795755E+001   1.7927873916E-001
  -2.1955181798E+001   1.8077148003E-001
  -2.1800567842E+001   1.8262484691E-001
  -2.1645953886E+001   1.8504349116E-001
  -2.1491339929E+001   1.8852552973E-001
  -2.1336725973E+001   1.9413061337E-001
  -2.1182112017E+001   2.0403605296E-001
  -2.1027498060E+001   2.2264506027E-001
  -2.0872884104E+001   2.5846198386E-001
  -2.0718270148E+001   3.2667995672E-001
  -2.0563656191E+001   4.5345203366E-001
  -2.0409042235E+001   6.8779790854E-001
  -2.0254428279E+001   1.1183096568E+000
  -2.0099814323E+001   1.8058209862E+000
  -1.9945200366E+001   2.5052071540E+000
  -1.9790586410E+001   2.6371296403E+000
  -1.9635972454E+001   2.0640281882E+000
  -1.9481358497E+001   1.3212580330E+000
  -1.9326744541E+001   8.0415409354E-001
  -1.9172130585E+001   5.1606485994E-001
  -1.9017516628E+001   3.6059374067E-001
  -1.8862902672E+001   2.7650104772E-001
  -1.8708288716E+001   2.3196715291E-001
  -1.8553674759E+001   2.0881191777E-001
  -1.8399060803E+001   1.9662295794E-001
  -1.8244446847E+001   1.8987692563E-001
  -1.8089832890E+001   1.8581323142E-001
  -1.7935218934E+001   1.8308254759E-001
  -1.7780604978E+001   1.8103905521E-001
  -1.7625991021E+001   1.7939993314E-001
  -1.7471377065E+001   1.7807379964E-001
  -1.7316763109E+001   1.7706401592E-001
  -1.7162149152E+001   1.7640895720E-001
  -1.7007535196E+001   1.7614460016E-001
  -1.6852921240E+001   1.7628471971E-001
  -1.6698307283E+001   1.7681509569E-001
  -1.6543693327E+001   1.7769935143E-001
  -1.6389079371E+001   1.7889880181E-001
  -1.6234465414E+001   1.8040991043E-001
  -1.6079851458E+001   1.8232406167E-001
  -1.5925237502E+001   1.8492429917E-001
  -1.5770623545E+001   1.8885693300E-001
  -1.5616009589E+001   1.9547212428E-001
  -1.5461395633E+001   2.0753175090E-001
  -1.5306781676E+001   2.3056103354E-001
  -1.5152167720E+001   2.7497486025E-001
  -1.4997553764E+001   3.5895634715E-001
  -1.4842939807E+001   5.1432831729E-001
  -1.4688325851E+001   8.0233365080E-001
  -1.4533711895E+001   1.3193701983E+000
  -1.4379097938E+001   2.0620816399E+000
  -1.4224483982E+001   2.6351090556E+000
  -1.4069870026E+001   2.5030675321E+000
  -1.3915256069E+001   1.8035074397E+000
  -1.3760642113E+001   1.1157838867E+000
  -1.3606028157E+001   6.8504457598E-001
  -1.3451414200E+001   4.5046980620E-001
  -1.3296800244E+001   3.2347489649E-001
  -1.3142186288E+001   2.5504627894E-001
  -1.2987572331E+001   2.1903642786E-001
  -1.2832958375E+001   2.0025650280E-001
  -1.2678344419E+001   1.9020550391E-001
  -1.2523730462E+001   1.8448325492E-001
  -1.2369116506E+001   1.8091544496E-001
  -1.2214502550E+001   1.7844528043E-001
  -1.2059888594E+001   1.7657710371E-001
  -1.1905274637E+001   1.7510811251E-001
  -1.1750660681E+001   1.7398830252E-001
  -1.1596046725E+001   1.7323872660E-001
  -1.1441432768E+001   1.7290010174E-001
  -1.1286818812E+001   1.7300156333E-001
  -1.1132204856E+001   1.7354590345E-001
  -1.0977590899E+001   1.7450758401E-001
  -1.0822976943E+001   1.7584269081E-001
  -1.0668362987E+001   1.7751423165E-001
  -1.0513749030E+001   1.7953623666E-001
  -1.0359135074E+001   1.8204354722E-001
  -1.0204521118E+001   1.8540773443E-001
  -1.0049907161E+001   1.9045059588E-001
  -9.8952932049E+000   1.9887963360E-001
  -9.7406792486E+000   2.1418081727E-001
  -9.5860652923E+000   2.4323184232E-001
  -9.4314513359E+000   2.9866233110E-001
  -9.2768373796E+000   4.0222278711E-001
  -9.1222234233E+000   5.9320001430E-001
  -8.9676094670E+000   9.4684270671E-001
  -8.8129955106E+000   1.5538054454E+000
  -8.6583815543E+000   2.3068006142E+000
  -8.5037675980E+000   2.6845590719E+000
  -8.3491536417E+000   2.3071382161E+000
  -8.1945396853E+000   1.5544816184E+000
  -8.0399257290E+000   9.4786055511E-001
  -7.8853117727E+000   5.9456415154E-001
  -7.7306978164E+000   4.0393696033E-001
  -7.5760838600E+000   3.0072759090E-001
  -7.4214699037E+000   2.4564596881E-001
  -7.2668559474E+000   2.1693836497E-001
  -7.1122419910E+000   2.0197210238E-001
  -6.9576280347E+000   1.9386660847E-001
  -6.8030140784E+000   1.8913323650E-001
  -6.6484001221E+000   1.8606205859E-001
  -6.4937861657E+000   1.8382915435E-001
  -6.3391722094E+000   1.8206115261E-001
  -6.1845582531E+000   1.8062170712E-001
  -6.0299442968E+000   1.7949550612E-001
  -5.8753303404E+000   1.7871838208E-001
  -5.7207163841E+000   1.7833309988E-001
  -5.5661024278E+000   1.7836395589E-001
  -5.4114884714E+000   1.7880674604E-001
  -5.2568745151E+000   1.7963071770E-001
  -5.1022605588E+000   1.8079335812E-001
  -4.9476466025E+000   1.8227173884E-001
  -4.7930326461E+000   1.8411406954E-001
  -4.6384186898E+000   1.8652162239E-001
  -4.4838047335E+000   1.8998892857E-001
  -4.3291907772E+000   1.9557210809E-001
  -4.1745768208E+000   2.0544530677E-001
  -4.0199628645E+000   2.2400945448E-001
  -3.8653489082E+000   2.5976845481E-001
  -3.7107349518E+000   3.2791818363E-001
  -3.5561209955E+000   4.5461869207E-001
  -3.4015070392E+000   6.8890105814E-001
  -3.2468930829E+000   1.1193719625E+000
  -3.0922791265E+000   1.8068733948E+000
  -2.9376651702E+000   2.5062559074E+000
  -2.7830512139E+000   2.6381236921E+000
  -2.6284372576E+000   2.0648987191E+000
  -2.4738233012E+000   1.3219822635E+000
  -2.3192093449E+000   8.0474802543E-001
  -2.1645953886E+000   5.1654655133E-001
  -2.0099814323E+000   3.6096962391E-001
  -1.8553674759E+000   2.7676736280E-001
  -1.7007535196E+000   2.3211401509E-001
  -1.5461395633E+000   2.0882726623E-001
  -1.3915256069E+000   1.9649564724E-001
  -1.2369116506E+000   1.8959863993E-001
  -1.0822976943E+000   1.8537946983E-001
  -9.2768373796E-001   1.8249305245E-001
  -7.7306978164E-001   1.8029789906E-001
  -6.1845582531E-001   1.7851534998E-001
  -4.6384186898E-001   1.7705781427E-001
  -3.0922791265E-001   1.7593194025E-001
  -1.5461395633E-001   1.7517883077E-001
   0.0000000000E+000   1.7483663800E-001
   1.5461395633E-001   1.7492080664E-001
   3.0922791265E-001   1.7541834089E-001
   4.6384186898E-001   1.7629369253E-001
   6.1845582531E-001   1.7750863082E-001
   7.7306978164E-001   1.7905968953E-001
   9.2768373796E-001   1.8103790408E-001
   1.0822976943E+000   1.8372550695E-001
   1.2369116506E+000   1.8776749982E-001
   1.3915256069E+000   1.9451218762E-001
   1.5461395633E+000   2.0671885154E-001
   1.7007535196E+000   2.2990880999E-001
   1.8553674759E+000   2.7449066487E-001
   2.0099814323E+000   3.5863755657E-001
   2.1645953886E+000   5.1415735896E-001
   2.3192093449E+000   8.0227047303E-001
   2.4738233012E+000   1.3193453502E+000
   2.6284372576E+000   2.0620252937E+000
   2.7830512139E+000   2.6350533003E+000
   2.9376651702E+000   2.5031868096E+000
   3.0922791265E+000   1.8039570280E+000
   3.2468930829E+000   1.1165816333E+000
   3.4015070392E+000   6.8613999342E-001
   3.5561209955E+000   4.5181873732E-001
   3.7107349518E+000   3.2505018988E-001
   3.8653489082E+000   2.5682937073E-001
   4.0199628645E+000   2.2101160067E-001
   4.1745768208E+000   2.0240798975E-001
   4.3291907772E+000   1.9251580126E-001
   4.4838047335E+000   1.8693216696E-001
   4.6384186898E+000   1.8347967688E-001
   4.7930326461E+000   1.8109844180E-001
   4.9476466025E+000   1.7929001956E-001
   5.1022605588E+000   1.7784935007E-001
   5.2568745151E+000   1.7672482808E-001
   5.4114884714E+000   1.7593662840E-001
   5.5661024278E+000   1.7552534819E-001
   5.7207163841E+000   1.7552079559E-001
   5.8753303404E+000   1.7592727930E-001
   6.0299442968E+000   1.7672169201E-001
   6.1845582531E+000   1.7786353375E-001
   6.3391722094E+000   1.7932024279E-001
   6.4937861657E+000   1.8111125354E-001
   6.6484001221E+000   1.8337763789E-001
   6.8030140784E+000   1.8649776758E-001
   6.9576280347E+000   1.9130047038E-001
   7.1122419910E+000   1.9950006219E-001
   7.2668559474E+000   2.1458834976E-001
   7.4214699037E+000   2.4344637575E-001
   7.5760838600E+000   2.9870208209E-001
   7.7306978164E+000   4.0209633164E-001
   7.8853117727E+000   5.9289564664E-001
   8.0399257290E+000   9.4631444983E-001
   8.1945396853E+000   1.5529694301E+000
   8.3491536417E+000   2.3056052276E+000
   8.5037675980E+000   2.6831243620E+000
   8.6583815543E+000   2.3057034818E+000
   8.8129955106E+000   1.5531493388E+000
   8.9676094670E+000   9.4655612133E-001
   9.1222234233E+000   5.9318487064E-001
   9.2768373796E+000   4.0242433795E-001
   9.4314513359E+000   2.9906354423E-001
   9.5860652923E+000   2.4383871715E-001
   9.7406792486E+000   2.1501111670E-001
   9.8952932049E+000   1.9995402174E-001
   1.0049907161E+001   1.9178692548E-001
   1.0204521118E+001   1.8701826464E-001
   1.0359135074E+001   1.8393390629E-001
   1.0513749030E+001   1.8170518725E-001
   1.0668362987E+001   1.7995383745E-001
   1.0822976943E+001   1.7853878011E-001
   1.0977590899E+001   1.7744045734E-001
   1.1132204856E+001   1.7669120043E-001
   1.1286818812E+001   1.7633119044E-001
   1.1441432768E+001   1.7638314016E-001
   1.1596046725E+001   1.7684227378E-001
   1.1750660681E+001   1.7767824087E-001
   1.1905274637E+001   1.7884982898E-001
   1.2059888594E+001   1.8033618965E-001
   1.2214502550E+001   1.8218822162E-001
   1.2369116506E+001   1.8461026929E-001
   1.2523730462E+001   1.8810004814E-001
   1.2678344419E+001   1.9371667587E-001
   1.2832958375E+001   2.0363676416E-001
   1.2987572331E+001   2.2226266877E-001
   1.3142186288E+001   2.5809782664E-001
   1.3296800244E+001   3.2633456468E-001
   1.3451414200E+001   4.5312524320E-001
   1.3606028157E+001   6.8748871854E-001
   1.3760642113E+001   1.1180166091E+000
   1.3915256069E+001   1.8055453627E+000
   1.4069870026E+001   2.5049582545E+000
   1.4224483982E+001   2.6369246863E+000
   1.4379097938E+001   2.0638832516E+000
   1.4533711895E+001   1.3211797410E+000
   1.4688325851E+001   8.0414079911E-001
   1.4842939807E+001   5.1611243546E-001
   1.4997553764E+001   3.6069872138E-001
   1.5152167720E+001   2.7666083967E-001
   1.5306781676E+001   2.3217966037E-001
   1.5461395633E+001   2.0907541016E-001
   1.5616009589E+001   1.9693602084E-001
   1.5770623545E+001   1.9023838149E-001
   1.5925237502E+001   1.8622205870E-001
   1.6079851458E+001   1.8353783970E-001
   1.6234465414E+001   1.8154002835E-001
   1.6389079371E+001   1.7994596947E-001
   1.6543693327E+001   1.7866450667E-001
   1.6698307283E+001   1.7769928597E-001
   1.6852921240E+001   1.7708901662E-001
   1.7007535196E+001   1.7687004289E-001
   1.7162149152E+001   1.7705652268E-001
   1.7316763109E+001   1.7763461407E-001
   1.7471377065E+001   1.7856829272E-001
   1.7625991021E+001   1.7981917794E-001
   1.7780604978E+001   1.8138396600E-001
   1.7935218934E+001   1.8335417399E-001
   1.8089832890E+001   1.8601283861E-001
   1.8244446847E+001   1.9000605879E-001
   1.8399060803E+001   1.9668347464E-001
   1.8553674759E+001   2.0880598859E-001
   1.8708288716E+001   2.3189726304E-001
   1.8862902672E+001   2.7637005883E-001
   1.9017516628E+001   3.6040503992E-001
   1.9172130585E+001   5.1582251000E-001
   1.9326744541E+001   8.0386289171E-001
   1.9481358497E+001   1.3209237678E+000
   1.9635972454E+001   2.0636584883E+000
   1.9790586410E+001   2.6367344197E+000
   1.9945200366E+001   2.5047967761E+000
   2.0099814323E+001   1.8054030918E+000
   2.0254428279E+001   1.1178880034E+000
   2.0409042235E+001   6.8737381712E-001
   2.0563656191E+001   4.5302612035E-001
   2.0718270148E+001   3.2625287582E-001
   2.0872884104E+001   2.5803457538E-001
   2.1027498060E+001   2.2221836348E-001
   2.1182112017E+001   2.0361127765E-001
   2.1336725973E+001   1.9370907420E-001
   2.1491339929E+001   1.8810857108E-001
   2.1645953886E+001   1.8463242514E-001
   2.1800567842E+001   1.8222091040E-001
   2.1955181798E+001   1.8037580702E-001
   2.2109795755E+001   1.7889234369E-001
   2.2264409711E+001   1.7771925709E-001
   2.2419023667E+001   1.7687709051E-001
   2.2573637624E+001   1.7640681465E-001
   2.2728251580E+001   1.7633860933E-001
   2.2882865536E+001   1.7667716126E-001
   2.3037479493E+001   1.7739976516E-001
   2.3192093449E+001   1.7846636707E-001
   2.3346707405E+001   1.7984491261E-001
   2.3501321362E+001   1.8155541633E-001
   2.3655935318E+001   1.8373960325E-001
   2.3810549274E+001   1.8677655418E-001
   2.3965163231E+001   1.9149582543E-001
   2.4119777187E+001   1.9961243999E-001
   2.4274391143E+001   2.1461890433E-001
   2.4429005100E+001   2.4339713776E-001
   2.4583619056E+001   2.9857659449E-001
   2.4738233012E+001   4.0190103815E-001
   2.4892846969E+001   5.9264273963E-001
   2.5047460925E+001   9.4602793711E-001
   2.5202074881E+001   1.5526898192E+000
   2.5356688838E+001   2.3053631104E+000
   2.5511302794E+001   2.6828790957E+000
   2.5665916750E+001   2.3053659810E+000
   2.5820530707E+001   1.5526955463E+000
   2.5975144663E+001   9.4603649459E-001
   2.6129758619E+001   5.9265409115E-001
   2.6284372576E+001   4.0191513926E-001
   2.6438986532E+001   2.9859339311E-001
   2.6593600488E+001   2.4341657332E-001
   2.6748214445E+001   2.1464090603E-001
   2.6902828401E+001   1.9963692466E-001
   2.7057442357E+001   1.9152269531E-001
   2.7212056314E+001   1.8680569471E-001
   2.7366670270E+001   1.8377088057E-001
   2.7521284226E+001   1.8158867447E-001
   2.7675898183E+001   1.7987997017E-001
   2.7830512139E+001   1.7850301357E-001
   2.7985126095E+001   1.7743775710E-001
   2.8139740052E+001   1.7671621798E-001
   2.8294354008E+001   1.7637840896E-001
   2.8448967964E+001   1.7644699024E-001
   2.8603581920E+001   1.7691722681E-001
   2.8758195877E+001   1.7775888840E-001
   2.8912809833E+001   1.7893095315E-001
   2.9067423789E+001   1.8041282795E-001
   2.9222037746E+001   1.8225573015E-001
   2.9376651702E+001   1.8466439195E-001
   2.9531265658E+001   1.8813700491E-001
   2.9685879615E+001   1.9373328316E-001
   2.9840493571E+001   2.0363058264E-001
   2.9995107527E+001   2.2223213294E-001
   3.0149721484E+001   2.5804226735E-001
   3.0304335440E+001   3.2625407579E-001
   3.0458949396E+001   4.5302056145E-001
   3.0613563353E+001   6.8736138154E-001
   3.0768177309E+001   1.1178686563E+000
   3.0922791265E+001   1.8053764969E+000
   3.1077405222E+001   2.5047613749E+000
   3.1232019178E+001   2.6366866589E+000
   3.1386633134E+001   2.0635934455E+000
   3.1541247091E+001   1.3208368556E+000
   3.1695861047E+001   8.0375083514E-001
   3.1850475003E+001   5.1568309364E-001
   3.2005088960E+001   3.6023664687E-001
   3.2159702916E+001   2.7617153975E-001
   3.2314316872E+001   2.3166791812E-001
   3.2468930829E+001   2.0854550176E-001
   3.2623544785E+001   1.9639184730E-001
   3.2778158741E+001   1.8968358920E-001
   3.2932772698E+001   1.8566013361E-001
   3.3087386654E+001   1.8297216203E-001
   3.3242000610E+001   1.8097389372E-001
   3.3396614567E+001   1.7938258939E-001
   3.3551228523E+001   1.7810699898E-001
   3.3705842479E+001   1.7715066165E-001
   3.3860456436E+001   1.7655216589E-001
