   0.000          1.72527242          1.72527242          1.11853647          1.11853647          1.11853647
   0.113          1.72351766          1.72351766          1.11852980          1.11852980          1.11852980
   0.226          1.71147716          1.71147716          1.12973547          1.12973547          1.12973547
   0.339          1.64333749          1.64333749          1.15100467          1.15100467          1.15100467
   0.452          1.46375430          1.46375430          1.18042040          1.18042040          1.18042040
   0.565          1.19885075          1.19885075          1.21541643          1.21541643          1.21541643
   0.678          0.93575138          0.93575138          1.25329041          1.25329041          1.25329041
   0.791          0.73539203          0.73539203          1.29065835          1.29065835          1.29065835
   0.905          0.61267865          0.61267865          1.32209456          1.32209456          1.32209456
   1.018          0.56337804          0.56337804          1.34151661          1.34151661          1.34151661
   1.131          0.58345014          0.58345014          1.34509993          1.34509993          1.34509993
   1.244          0.67453867          0.67453867          1.33217919          1.33217919          1.33217919
   1.357          0.84201872          0.84201872          1.30520296          1.30520296          1.30520296
   1.470          1.08253515          1.08253515          1.26954889          1.26954889          1.26954889
   1.583          1.35684836          1.35684836          1.23129070          1.23129070          1.23129070
   1.696          1.58097231          1.58097231          1.19462895          1.19462895          1.19462895
   1.809          1.69236183          1.69236183          1.16238892          1.16238892          1.16238892
   1.922          1.71943390          1.71943390          1.13726735          1.13726735          1.13726735
   2.035          1.72313690          1.72313690          1.12151170          1.12151170          1.12151170
   2.148          1.72316861          1.72316861          1.11662376          1.11662376          1.11662376
   2.261          1.71869218          1.71869218          1.12313473          1.12313473          1.12313473
   2.374          1.68377650          1.68377650          1.14030230          1.14030230          1.14030230
   2.488          1.55545461          1.55545461          1.16650152          1.16650152          1.16650152
   2.601          1.31800950          1.31800950          1.19940495          1.19940495          1.19940495
   2.714          1.04339361          1.04339361          1.23634088          1.23634088          1.23634088
   2.827          0.81146288          0.81146288          1.27442682          1.27442682          1.27442682
   2.940          0.65471226          0.65471226          1.30916250          1.30916250          1.30916250
   3.053          0.57391554          0.57391554          1.33436847          1.33436847          1.33436847
   3.166          0.56385344          0.56385344          1.34500110          1.34500110          1.34500110
   3.279          0.62372112          0.62372112          1.33906376          1.33906376          1.33906376
   3.392          0.75807160          0.75807160          1.31765866          1.31765866          1.31765866
   3.505          0.96987230          0.96987230          1.28503585          1.28503585          1.28503585
   3.618          1.23880756          1.23880756          1.24736798          1.24736798          1.24736798
   3.731          1.49670029          1.49670029          1.20977330          1.20977330          1.20977330
   3.844          1.65908206          1.65908206          1.17542517          1.17542517          1.17542517
   3.957          1.71387780          1.71387780          1.14702106          1.14702106          1.14702106
   4.071          1.72172880          1.72172880          1.12707067          1.12707067          1.12707067
   4.184          1.72249544          1.72249544          1.11740172          1.11740172          1.11740172
   4.297          1.72075415          1.72075415          1.11903942          1.11903942          1.11903942
   4.410          1.70595813          1.70595813          1.13179159          1.13179159          1.13179159
   4.523          1.62552309          1.62552309          1.15437078          1.15437078          1.15437078
   4.636          1.43071663          1.43071663          1.18475401          1.18475401          1.18475401
   4.749          1.16099727          1.16099727          1.22034800          1.22034800          1.22034800
   4.862          0.90441287          0.90441287          1.25844932          1.25844932          1.25844932
   4.975          0.71469432          0.71469432          1.29541647          1.29541647          1.29541647
   5.088          0.60228813          0.60228813          1.32553434          1.32553434          1.32553434
   5.201          0.56232768          0.56232768          1.34288275          1.34288275          1.34288275
   5.314          0.59159178          0.59159178          1.34409356          1.34409356          1.34409356
   5.427          0.69269460          0.69269460          1.32895267          1.32895267          1.32895267
   5.540          0.87104630          0.87104630          1.30038154          1.30038154          1.30038154
   5.654          1.12017810          1.12017810          1.26406705          1.26406705          1.26406705
   5.767          1.39371109          1.39371109          1.22593176          1.22593176          1.22593176
   5.880          1.60458255          1.60458255          1.18987989          1.18987989          1.18987989
   5.993          1.70057547          1.70057547          1.15865934          1.15865934          1.15865934
   6.106          1.72077119          1.72077119          1.13491821          1.13491821          1.13491821
   6.219          1.72296059          1.72296059          1.12078643          1.12078643          1.12078643
   6.332          1.72252893          1.72252893          1.11764789          1.11764789          1.11764789
   6.445          1.71695685          1.71695685          1.12582636          1.12582636          1.12582636
   6.558          1.67286932          1.67286932          1.14437258          1.14437258          1.14437258
   6.671          1.52725530          1.52725530          1.17155564          1.17155564          1.17155564
   6.784          1.27852571          1.27852571          1.20505083          1.20505083          1.20505083
   6.897          1.00619411          1.00619411          1.24228632          1.24228632          1.24228632
   7.010          0.78458261          0.78458261          1.28025830          1.28025830          1.28025830
   7.123          0.63956612          0.63956612          1.31406319          1.31406319          1.31406319
   7.236          0.56964767          0.56964767          1.33740699          1.33740699          1.33740699
   7.350          0.56981933          0.56981933          1.34560394          1.34560394          1.34560394
   7.463          0.64017057          0.64017057          1.33712065          1.33712065          1.33712065
   7.576          0.78588098          0.78588098          1.31352973          1.31352973          1.31352973
   7.689          1.00851727          1.00851727          1.27952075          1.27952075          1.27952075
   7.802          1.28200758          1.28200758          1.24133790          1.24133790          1.24133790
   7.915          1.53136742          1.53136742          1.20382583          1.20382583          1.20382583
   8.028          1.67607057          1.67607057          1.16999567          1.16999567          1.16999567
   8.141          1.71738362          1.71738362          1.14248681          1.14248681          1.14248681
   8.254          1.71990180          1.71990180          1.12365782          1.12365782          1.12365782
   8.367          1.71955132          1.71955132          1.11517870          1.11517870          1.11517870
   8.480          1.71935117          1.71935117          1.11788380          1.11788380          1.11788380
   8.593          1.70148873          1.70148873          1.13135529          1.13135529          1.13135529
   8.706          1.60573578          1.60573578          1.15419626          1.15419626          1.15419626
   8.819          1.39301252          1.39301252          1.18437636          1.18437636          1.18437636
   8.933          1.11695516          1.11695516          1.21940613          1.21940613          1.21940613
   9.046          0.86567789          0.86567789          1.25661695          1.25661695          1.25661695
   9.159          0.68598402          0.68598402          1.29202712          1.29202712          1.29202712
   9.272          0.58431518          0.58431518          1.31951642          1.31951642          1.31951642
   9.385          0.55508608          0.55508608          1.33312821          1.33312821          1.33312821
   9.498          0.59541422          0.59541422          1.32959902          1.32959902          1.32959902
   9.611          0.70804942          0.70804942          1.30870926          1.30870926          1.30870926
   9.724          0.89726466          0.89726466          1.27328229          1.27328229          1.27328229
   9.837          1.15208948          1.15208948          1.22853124          1.22853124          1.22853124
   9.950          1.41849577          1.41849577          1.17919314          1.17919314          1.17919314
  10.063          1.60840702          1.60840702          1.12748897          1.12748897          1.12748897
  10.176          1.68267214          1.68267214          1.07417274          1.07417274          1.07417274
  10.289          1.69142437          1.69142437          1.01970458          1.01970458          1.01970458
  10.402          1.68998396          1.68998396          0.96500343          0.96500343          0.96500343
  10.516          1.69045770          1.69045770          0.91290081          0.91290081          0.91290081
  10.629          1.68597436          1.68597436          0.86746395          0.86746395          0.86746395
  10.742          1.63212287          1.63212287          0.83092499          0.83092499          0.83092499
  10.855          1.46484625          1.46484625          0.80254519          0.80254519          0.80254519
  10.968          1.19423735          1.19423735          0.78000140          0.78000140          0.78000140
  11.081          0.90264046          0.90264046          0.76073831          0.76073831          0.76073831
  11.194          0.65531433          0.65531433          0.74237418          0.74237418          0.74237418
  11.307          0.46855751          0.46855751          0.72261417          0.72261417          0.72261417
  11.420          0.33354175          0.33354175          0.69906503          0.69906503          0.69906503
  11.533          0.23724020          0.23724020          0.66918623          0.66918623          0.66918623
  11.646          0.16877842          0.16877842          0.63079923          0.63079923          0.63079923
  11.759          0.12006195          0.12006195          0.58352375          0.58352375          0.58352375
  11.872          0.08530760          0.08530760          0.52991360          0.52991360          0.52991360
  11.985          0.06045514          0.06045514          0.47382578          0.47382578          0.47382578
  12.099          0.04265629          0.04265629          0.41744527          0.41744527          0.41744527
  12.212          0.02990696          0.02990696          0.36111251          0.36111251          0.36111251
  12.325          0.02078672          0.02078672          0.30476391          0.30476391          0.30476391
  12.438          0.01428327          0.01428327          0.24856478          0.24856478          0.24856478
  12.551          0.00966990          0.00966990          0.19416068          0.19416068          0.19416068
  12.664          0.00642282          0.00642282          0.14533249          0.14533249          0.14533249
  12.777          0.00416273          0.00416273          0.10552456          0.10552456          0.10552456
  12.890          0.00261398          0.00261398          0.07543655          0.07543655          0.07543655
  13.003          0.00157530          0.00157530          0.05359274          0.05359274          0.05359274
  13.116          0.00089977          0.00089977          0.03797415          0.03797415          0.03797415
  13.229          0.00047915          0.00047915          0.02685609          0.02685609          0.02685609
  13.342          0.00023306          0.00023306          0.01894809          0.01894809          0.01894809
  13.455          0.00010116          0.00010116          0.01332214          0.01332214          0.01332214
  13.568          0.00003777          0.00003777          0.00932008          0.00932008          0.00932008
  13.681          0.00000978          0.00000978          0.00647649          0.00647649          0.00647649
  13.795          0.00000087          0.00000087          0.00446132          0.00446132          0.00446132
  13.908          0.00000000          0.00000000          0.00303944          0.00303944          0.00303944
  14.021          0.00000000          0.00000000          0.00204254          0.00204254          0.00204254
  14.134          0.00000000          0.00000000          0.00134965          0.00134965          0.00134965
  14.247          0.00000000          0.00000000          0.00087354          0.00087354          0.00087354
  14.360          0.00000000          0.00000000          0.00055121          0.00055121          0.00055121
  14.473          0.00000000          0.00000000          0.00033712          0.00033712          0.00033712
  14.586          0.00000000          0.00000000          0.00019836          0.00019836          0.00019836
  14.699          0.00000000          0.00000000          0.00011123          0.00011123          0.00011123
  14.812          0.00000000          0.00000000          0.00005872          0.00005872          0.00005872
  14.925          0.00000000          0.00000000          0.00002873          0.00002873          0.00002873
  15.038          0.00000000          0.00000000          0.00001275          0.00001275          0.00001275
  15.151          0.00000000          0.00000000          0.00000499          0.00000499          0.00000499
  15.264          0.00000000          0.00000000          0.00000161          0.00000161          0.00000161
  15.378          0.00000000          0.00000000          0.00000036          0.00000036          0.00000036
  15.491          0.00000000          0.00000000          0.00000003          0.00000003          0.00000003
  15.604          0.00000000          0.00000000          0.00000000          0.00000000          0.00000000
  15.717          0.00000000          0.00000000          0.00000000          0.00000000          0.00000000
  15.830          0.00000000          0.00000000          0.00000000          0.00000000          0.00000000
  15.943          0.00000000          0.00000000          0.00000000          0.00000000          0.00000000
  16.056          0.00000000          0.00000000          0.00000000          0.00000000          0.00000000
  16.169          0.00000000          0.00000000          0.00000000          0.00000000          0.00000000
  16.282          0.00000000          0.00000000          0.00000000          0.00000000          0.00000000
  16.395          0.00000000          0.00000000          0.00000000          0.00000000          0.00000000
  16.508          0.00000000          0.00000000          0.00000010          0.00000010          0.00000010
  16.621          0.00000000          0.00000000          0.00000073          0.00000073          0.00000073
  16.734          0.00000000          0.00000000          0.00000270          0.00000270          0.00000270
  16.847          0.00000000          0.00000000          0.00000759          0.00000759          0.00000759
  16.961          0.00000000          0.00000000          0.00001830          0.00001830          0.00001830
  17.074          0.00000000          0.00000000          0.00003943          0.00003943          0.00003943
  17.187          0.00000000          0.00000000          0.00007785          0.00007785          0.00007785
  17.300          0.00000000          0.00000000          0.00014346          0.00014346          0.00014346
  17.413          0.00000000          0.00000000          0.00025028          0.00025028          0.00025028
  17.526          0.00000000          0.00000000          0.00041795          0.00041795          0.00041795
  17.639          0.00000000          0.00000000          0.00067374          0.00067374          0.00067374
  17.752          0.00000000          0.00000000          0.00105549          0.00105549          0.00105549
  17.865          0.00000000          0.00000000          0.00161553          0.00161553          0.00161553
  17.978          0.00000002          0.00000002          0.00242628          0.00242628          0.00242628
  18.091          0.00000310          0.00000310          0.00358806          0.00358806          0.00358806
  18.204          0.00001871          0.00001871          0.00524015          0.00524015          0.00524015
  18.317          0.00005902          0.00005902          0.00757668          0.00757668          0.00757668
  18.430          0.00014687          0.00014687          0.01086938          0.01086938          0.01086938
  18.544          0.00032139          0.00032139          0.01550046          0.01550046          0.01550046
  18.657          0.00063383          0.00063383          0.02200977          0.02200977          0.02200977
  18.770          0.00115240          0.00115240          0.03116047          0.03116047          0.03116047
  18.883          0.00196833          0.00196833          0.04402410          0.04402410          0.04402410
  18.996          0.00320477          0.00320477          0.06207323          0.06207323          0.06207323
  19.109          0.00502991          0.00502991          0.08720260          0.08720260          0.08720260
  19.222          0.00767381          0.00767381          0.12136046          0.12136046          0.12136046
  19.335          0.01145248          0.01145248          0.16529708          0.16529708          0.16529708
  19.448          0.01680125          0.01680125          0.21703787          0.21703787          0.21703787
  19.561          0.02432254          0.02432254          0.27257165          0.27257165          0.27257165
  19.674          0.03485321          0.03485321          0.32890800          0.32890800          0.32890800
  19.787          0.04956276          0.04956276          0.38524279          0.38524279          0.38524279
  19.900          0.07009583          0.07009583          0.44158879          0.44158879          0.44158879
  20.013          0.09878121          0.09878121          0.49795669          0.49795669          0.49795669
  20.126          0.13893229          0.13893229          0.55339515          0.55339515          0.55339515
  20.240          0.19527921          0.19527921          0.60476440          0.60476440          0.60476440
  20.353          0.27452108          0.27452108          0.64837247          0.64837247          0.64837247
  20.466          0.38590896          0.38590896          0.68292207          0.68292207          0.68292207
  20.579          0.54147404          0.54147404          0.70977938          0.70977938          0.70977938
  20.692          0.75388116          0.75388116          0.73140037          0.73140037          0.73140037
  20.805          1.02473569          1.02473569          0.75027877          0.75027877          0.75027877
  20.918          1.31809866          1.31809866          0.76874602          0.76874602          0.76874602
  21.031          1.55222368          1.55222368          0.78911144          0.78911144          0.78911144
  21.144          1.66601324          1.66601324          0.81383669          0.81383669          0.81383669
  21.257          1.69009006          1.69009006          0.84547734          0.84547734          0.84547734
  21.370          1.69004357          1.69004357          0.88589418          0.88589418          0.88589418
  21.483          1.69038379          1.69038379          0.93463206          0.93463206          0.93463206
  21.596          1.69105566          1.69105566          0.98833537          0.98833537          0.98833537
  21.709          1.66321182          1.66321182          1.04314458          1.04314458          1.04314458
  21.823          1.54122710          1.54122710          1.09717512          1.09717512          1.09717512
  21.936          1.30856109          1.30856109          1.14986372          1.14986372          1.14986372
  22.049          1.03712189          1.03712189          1.20068967          1.20068967          1.20068967
  22.162          0.80687219          0.80687219          1.24848473          1.24848473          1.24848473
  22.275          0.65059751          0.65059751          1.28993034          1.28993034          1.28993034
  22.388          0.56955868          0.56955868          1.31967151          1.31967151          1.31967151
  22.501          0.55904484          0.55904484          1.33328795          1.33328795          1.33328795
  22.614          0.61863750          0.61863750          1.32927644          1.32927644          1.32927644
  22.727          0.75320995          0.75320995          1.30913532          1.30913532          1.30913532
  22.840          0.96602088          0.96602088          1.27743423          1.27743423          1.27743423
  22.953          1.23682785          1.23682785          1.24061120          1.24061120          1.24061120
  23.066          1.49698830          1.49698830          1.20396852          1.20396852          1.20396852
  23.179          1.66066289          1.66066289          1.17070544          1.17070544          1.17070544
  23.292          1.71437418          1.71437418          1.14338124          1.14338124          1.14338124
  23.406          1.71969354          1.71969354          1.12434244          1.12434244          1.12434244
  23.519          1.71959329          1.71959329          1.11535394          1.11535394          1.11535394
  23.632          1.72005653          1.72005653          1.11746645          1.11746645          1.11746645
  23.745          1.70837295          1.70837295          1.13053858          1.13053858          1.13053858
  23.858          1.62927747          1.62927747          1.15333116          1.15333116          1.15333116
  23.971          1.43370855          1.43370855          1.18386841          1.18386841          1.18386841
  24.084          1.16237557          1.16237557          1.21959710          1.21959710          1.21959710
  24.197          0.90439069          0.90439069          1.25783885          1.25783885          1.25783885
  24.310          0.71386260          0.71386260          1.29496253          1.29496253          1.29496253
  24.423          0.60119313          0.60119313          1.32525182          1.32525182          1.32525182
  24.536          0.56131881          0.56131881          1.34276962          1.34276962          1.34276962
  24.649          0.59081262          0.59081262          1.34411955          1.34411955          1.34411955
  24.762          0.69214946          0.69214946          1.32905936          1.32905936          1.32905936
  24.875          0.87066090          0.87066090          1.30049980          1.30049980          1.30049980
  24.989          1.11989200          1.11989200          1.26416206          1.26416206          1.26416206
  25.102          1.39355218          1.39355218          1.22604597          1.22604597          1.22604597
  25.215          1.60460579          1.60460579          1.19009626          1.19009626          1.19009626
  25.328          1.70072353          1.70072353          1.15899110          1.15899110          1.15899110
  25.441          1.72089791          1.72089791          1.13525581          1.13525581          1.13525581
  25.554          1.72299242          1.72299242          1.12097383          1.12097383          1.12097383
  25.667          1.72245848          1.72245848          1.11759329          1.11759329          1.11759329
  25.780          1.71680868          1.71680868          1.12555587          1.12555587          1.12555587
  25.893          1.67275941          1.67275941          1.14401674          1.14401674          1.14401674
  26.006          1.52731204          1.52731204          1.17126524          1.17126524          1.17126524
  26.119          1.27874565          1.27874565          1.20488524          1.20488524          1.20488524
  26.232          1.00651813          1.00651813          1.24218929          1.24218929          1.24218929
  26.345          0.78502268          0.78502268          1.28015256          1.28015256          1.28015256
  26.458          0.64020294          0.64020294          1.31394112          1.31394112          1.31394112
  26.571          0.57052958          0.57052958          1.33732533          1.33732533          1.33732533
  26.685          0.57089025          0.57089025          1.34563088          1.34563088          1.34563088
  26.798          0.64120507          0.64120507          1.33730364          1.33730364          1.33730364
  26.911          0.78643650          0.78643650          1.31388605          1.31388605          1.31388605
  27.024          1.00799918          1.00799918          1.28004348          1.28004348          1.28004348
  27.137          1.27991450          1.27991450          1.24200976          1.24200976          1.24200976
  27.250          1.52785766          1.52785766          1.20463383          1.20463383          1.20463383
  27.363          1.67259037          1.67259037          1.17094278          1.17094278          1.17094278
  27.476          1.71620190          1.71620190          1.14360809          1.14360809          1.14360809
  27.589          1.72184312          1.72184312          1.12503242          1.12503242          1.12503242
  27.702          1.72246325          1.72246325          1.11693382          1.11693382          1.11693382
  27.815          1.72031188          1.72031188          1.12019587          1.12019587          1.12019587
  27.928          1.70021808          1.70021808          1.13444710          1.13444710          1.13444710
  28.041          1.60446966          1.60446966          1.15828657          1.15828657          1.15828657
  28.154          1.39367509          1.39367509          1.18957078          1.18957078          1.18957078
  28.268          1.11982810          1.11982810          1.22563744          1.22563744          1.22563744
  28.381          0.87007660          0.87007660          1.26374018          1.26374018          1.26374018
  28.494          0.69102329          0.69102329          1.29999924          1.29999924          1.29999924
  28.607          0.58932865          0.58932865          1.32852161          1.32852161          1.32852161
  28.720          0.55971146          0.55971146          1.34363818          1.34363818          1.34363818
  28.833          0.59962142          0.59962142          1.34243453          1.34243453          1.34243453
  28.946          0.71225947          0.71225947          1.32512629          1.32512629          1.32512629
  29.059          0.90241635          0.90241635          1.29508054          1.29508054          1.29508054
  29.172          1.15953910          1.15953910          1.25820708          1.25820708          1.25820708
  29.285          1.42980182          1.42980182          1.22019601          1.22019601          1.22019601
  29.398          1.62517631          1.62517631          1.18466401          1.18466401          1.18466401
  29.511          1.70628178          1.70628178          1.15430880          1.15430880          1.15430880
  29.624          1.72169828          1.72169828          1.13173425          1.13173425          1.13173425
  29.737          1.72355175          1.72355175          1.11897326          1.11897326          1.11897326
  29.851          1.72220194          1.72220194          1.11732543          1.11732543          1.11732543
  29.964          1.71361268          1.71361268          1.12700236          1.12700236          1.12700236
  30.077          1.65866220          1.65866220          1.14699602          1.14699602          1.14699602
  30.190          1.49687421          1.49687421          1.17548287          1.17548287          1.17548287
  30.303          1.23993599          1.23993599          1.20994723          1.20994723          1.20994723
  30.416          0.97189009          0.97189009          1.24767506          1.24767506          1.24767506
  30.529          0.76066589          0.76066589          1.28546774          1.28546774          1.28546774
  30.642          0.62648636          0.62648636          1.31818616          1.31818616          1.31818616
  30.755          0.56638414          0.56638414          1.33965063          1.33965063          1.33965063
  30.868          0.57587188          0.57587188          1.34561527          1.34561527          1.34561527
  30.981          0.65588123          0.65588123          1.33498621          1.33498621          1.33498621
  31.094          0.81180727          0.81180727          1.30976903          1.30976903          1.30976903
  31.207          1.04307663          1.04307663          1.27501225          1.27501225          1.27501225
  31.320          1.31738925          1.31738925          1.23689413          1.23689413          1.23689413
  31.434          1.55503345          1.55503345          1.19991648          1.19991648          1.19991648
  31.547          1.68398380          1.68398380          1.16697633          1.16697633          1.16697633
  31.660          1.71963799          1.71963799          1.14076602          1.14076602          1.14076602
  31.773          1.72468126          1.72468126          1.12361515          1.12361515          1.12361515
  31.886          1.72495377          1.72495377          1.11712635          1.11712635          1.11712635
  31.999          1.72116542          1.72116542          1.12201512          1.12201512          1.12201512
  32.112          1.69349301          1.69349301          1.13773727          1.13773727          1.13773727
  32.225          1.58117151          1.58117151          1.16279352          1.16279352          1.16279352
  32.338          1.35619235          1.35619235          1.19494700          1.19494700          1.19494700
  32.451          1.08135641          1.08135641          1.23151469          1.23151469          1.23151469
  32.564          0.84066707          0.84066707          1.26968443          1.26968443          1.26968443
  32.677          0.67328733          0.67328733          1.30526674          1.30526674          1.30526674
  32.790          0.58247155          0.58247155          1.33219576          1.33219576          1.33219576
  32.903          0.56273949          0.56273949          1.34509718          1.34509718          1.34509718
  33.017          0.61236686          0.61236686          1.34151983          1.34151983          1.34151983
  33.130          0.73534811          0.73534811          1.32211983          1.32211983          1.32211983
  33.243          0.93589473          0.93589473          1.29070807          1.29070807          1.29070807
  33.356          1.19908559          1.19908559          1.25335455          1.25335455          1.25335455
  33.469          1.46399927          1.46399927          1.21548152          1.21548152          1.21548152
  33.582          1.64353573          1.64353573          1.18047678          1.18047678          1.18047678
  33.695          1.71160245          1.71160245          1.15104556          1.15104556          1.15104556
  33.808          1.72357464          1.72357464          1.12975800          1.12975800          1.12975800
