               -508.0151103684
         -0.020378140      -0.000000000      -0.000000001
          0.000000000      -0.019488077       0.000000000
         -0.000000001      -0.000000000      -0.010101077
           9
  1    79       0.000014918      -0.000000000       0.042541814  Au
  1    79       0.000126125       0.000000000       0.323296270  Au
  1    79      -0.004731947       0.000000000      -1.112060722  Au
  1    79      -2.173928632      -0.000000000     -11.882394594  Au
  1    79       4.368735856      -0.000000000       0.000248881  Au
  1    79      -2.173928684      -0.000000000      11.882911968  Au
  1    79      -0.004731942       0.000000000       1.111991124  Au
  1    79       0.000126108      -0.000000000      -0.325265971  Au
  1    79       0.000014126      -0.000000000      -0.052491763  Au
