   0.000        -15.24948597        -15.24948597         -8.81150913         -8.81150913         -8.81150913
   0.113        -14.87175751        -14.87175751         -8.81079388         -8.81079388         -8.81079388
   0.226        -13.81597042        -13.81597042         -8.92326164         -8.92326164         -8.92326164
   0.339        -12.28954029        -12.28954029         -9.13410378         -9.13410378         -9.13410378
   0.452        -10.55439568        -10.55439568         -9.41582870         -9.41582870         -9.41582870
   0.565         -8.83162594         -8.83162594         -9.73241043         -9.73241043         -9.73241043
   0.678         -7.27654791         -7.27654791        -10.04479980        -10.04479980        -10.04479980
   0.791         -6.01292944         -6.01292944        -10.31695938        -10.31695938        -10.31695938
   0.905         -5.15145397         -5.15145397        -10.52071285        -10.52071285        -10.52071285
   1.018         -4.77613020         -4.77613020        -10.63740444        -10.63740444        -10.63740444
   1.131         -4.92545414         -4.92545414        -10.65720654        -10.65720654        -10.65720654
   1.244         -5.58377314         -5.58377314        -10.57841015        -10.57841015        -10.57841015
   1.357         -6.68474007         -6.68474007        -10.40731812        -10.40731812        -10.40731812
   1.470         -8.12651539         -8.12651539        -10.15867901        -10.15867901        -10.15867901
   1.583         -9.79085159         -9.79085159         -9.85660172         -9.85660172         -9.85660172
   1.696        -11.54057789        -11.54057789         -9.53418827         -9.53418827         -9.53418827
   1.809        -13.18492222        -13.18492222         -9.22992325         -9.22992325         -9.22992325
   1.922        -14.47041035        -14.47041035         -8.98185635         -8.98185635         -8.98185635
   2.035        -15.15366077        -15.15366077         -8.82174015         -8.82174015         -8.82174015
   2.148        -15.09701252        -15.09701252         -8.77020359         -8.77020359         -8.77020359
   2.261        -14.31143379        -14.31143379         -8.83370972         -8.83370972         -8.83370972
   2.374        -12.95381451        -12.95381451         -9.00366306         -9.00366306         -9.00366306
   2.488        -11.27552605        -11.27552605         -9.25760078         -9.25760078         -9.25760078
   2.601         -9.52367496         -9.52367496         -9.56254292         -9.56254292         -9.56254292
   2.714         -7.87919378         -7.87919378         -9.87999916         -9.87999916         -9.87999916
   2.827         -6.47490358         -6.47490358        -10.17192459        -10.17192459        -10.17192459
   2.940         -5.42738438         -5.42738438        -10.40636539        -10.40636539        -10.40636539
   3.053         -4.83467197         -4.83467197        -10.56058979        -10.56058979        -10.56058979
   3.166         -4.75652409         -4.75652409        -10.62111568        -10.62111568        -10.62111568
   3.279         -5.20075798         -5.20075798        -10.58279896        -10.58279896        -10.58279896
   3.392         -6.12154579         -6.12154579        -10.44849586        -10.44849586        -10.44849586
   3.505         -7.42974615         -7.42974615        -10.22923374        -10.22923374        -10.22923374
   3.618         -9.01246166         -9.01246166         -9.94502163         -9.94502163         -9.94502163
   3.731        -10.74345970        -10.74345970         -9.62534523         -9.62534523         -9.62534523
   3.844        -12.45959854        -12.45959854         -9.30702305         -9.30702305         -9.30702305
   3.957        -13.93021774        -13.93021774         -9.02904320         -9.02904320         -9.02904320
   4.071        -14.89469433        -14.89469433         -8.82652187         -8.82652187         -8.82652187
   4.184        -15.16115570        -15.16115570         -8.72534752         -8.72534752         -8.72534752
   4.297        -14.67516327        -14.67516327         -8.73828506         -8.73828506         -8.73828506
   4.410        -13.53389835        -13.53389835         -8.86316967         -8.86316967         -8.86316967
   4.523        -11.95865822        -11.95865822         -9.08319187         -9.08319187         -9.08319187
   4.636        -10.21051884        -10.21051884         -9.36934471         -9.36934471         -9.36934471
   4.749         -8.50052166         -8.50052166         -9.68481636         -9.68481636         -9.68481636
   4.862         -6.97702074         -6.97702074         -9.99062824         -9.99062824         -9.99062824
   4.975         -5.76172686         -5.76172686        -10.25165367        -10.25165367        -10.25165367
   5.088         -4.96274996         -4.96274996        -10.44109440        -10.44109440        -10.44109440
   5.201         -4.65855122         -4.65855122        -10.54166603        -10.54166603        -10.54166603
   5.314         -4.88011122         -4.88011122        -10.54478836        -10.54478836        -10.54478836
   5.427         -5.60400629         -5.60400629        -10.44995308        -10.44995308        -10.44995308
   5.540         -6.75762129         -6.75762129        -10.26468372        -10.26468372        -10.26468372
   5.654         -8.23577976         -8.23577976        -10.00505543        -10.00505543        -10.00505543
   5.767         -9.91857815         -9.91857815         -9.69658184         -9.69658184         -9.69658184
   5.880        -11.66367149        -11.66367149         -9.37344074         -9.37344074         -9.37344074
   5.993        -13.27017307        -13.27017307         -9.07443142         -9.07443142         -9.07443142
   6.106        -14.47987938        -14.47987938         -8.83703995         -8.83703995         -8.83703995
   6.219        -15.05950928        -15.05950928         -8.69170856         -8.69170856         -8.69170856
   6.332        -14.89152813        -14.89152813         -8.65723133         -8.65723133         -8.65723133
   6.445        -14.00899982        -14.00899982         -8.73802280         -8.73802280         -8.73802280
   6.558        -12.58730412        -12.58730412         -8.92348003         -8.92348003         -8.92348003
   6.671        -10.88395977        -10.88395977         -9.18942165         -9.18942165         -9.18942165
   6.784         -9.13870049         -9.13870049         -9.50168705         -9.50168705         -9.50168705
   6.897         -7.52342844         -7.52342844         -9.82139206         -9.82139206         -9.82139206
   7.010         -6.16741800         -6.16741800        -10.11101627        -10.11101627        -10.11101627
   7.123         -5.18537807         -5.18537807        -10.33983803        -10.33983803        -10.33983803
   7.236         -4.67076254         -4.67076254        -10.48650932        -10.48650932        -10.48650932
   7.350         -4.67598057         -4.67598057        -10.53872013        -10.53872013        -10.53872013
   7.463         -5.20046186         -5.20046186        -10.49232769        -10.49232769        -10.49232769
   7.576         -6.19088221         -6.19088221        -10.35112286        -10.35112286        -10.35112286
   7.689         -7.55343723         -7.55343723        -10.12712002        -10.12712002        -10.12712002
   7.802         -9.17393112         -9.17393112         -9.84145069         -9.84145069         -9.84145069
   7.915        -10.92436218        -10.92436218         -9.52465248         -9.52465248         -9.52465248
   8.028        -12.63426590        -12.63426590         -9.21401787         -9.21401787         -9.21401787
   8.141        -14.06424141        -14.06424141         -8.94814014         -8.94814014         -8.94814014
   8.254        -14.95524883        -14.95524883         -8.76086426         -8.76086426         -8.76086426
   8.367        -15.12966728        -15.12966728         -8.67603397         -8.67603397         -8.67603397
   8.480        -14.55390453        -14.55390453         -8.70380688         -8.70380688         -8.70380688
   8.593        -13.34728432        -13.34728432         -8.83912373         -8.83912373         -8.83912373
   8.706        -11.74477863        -11.74477863         -9.06228828         -9.06228828         -9.06228828
   8.819        -10.00412750        -10.00412750         -9.34175301         -9.34175301         -9.34175301
   8.933         -8.32394695         -8.32394695         -9.63883781         -9.63883781         -9.63883781
   9.046         -6.84401703         -6.84401703         -9.91359615         -9.91359615         -9.91359615
   9.159         -5.68243313         -5.68243313        -10.13080311        -10.13080311        -10.13080311
   9.272         -4.94358397         -4.94358397        -10.26391792        -10.26391792        -10.26391792
   9.385         -4.70011616         -4.70011616        -10.29564953        -10.29564953        -10.29564953
   9.498         -4.97591019         -4.97591019        -10.21676540        -10.21676540        -10.21676540
   9.611         -5.74046850         -5.74046850        -10.02516556        -10.02516556        -10.02516556
   9.724         -6.91521215         -6.91521215         -9.72543716         -9.72543716         -9.72543716
   9.837         -8.39072895         -8.39072895         -9.32904720         -9.32904720         -9.32904720
   9.950        -10.04237366        -10.04237366         -8.85510254         -8.85510254         -8.85510254
  10.063        -11.71715641        -11.71715641         -8.32982159         -8.32982159         -8.32982159
  10.176        -13.19820118        -13.19820118         -7.78342533         -7.78342533         -7.78342533
  10.289        -14.21836281        -14.21836281         -7.24552774         -7.24552774         -7.24552774
  10.402        -14.55137253        -14.55137253         -6.74044466         -6.74044466         -6.74044466
  10.516        -14.09792519        -14.09792519         -6.28370094         -6.28370094         -6.28370094
  10.629        -12.91352463        -12.91352463         -5.88154507         -5.88154507         -5.88154507
  10.742        -11.19216251        -11.19216251         -5.53311157         -5.53311157         -5.53311157
  10.855         -9.19390011         -9.19390011         -5.23252535         -5.23252535         -5.23252535
  10.968         -7.14283609         -7.14283609         -4.96972370         -4.96972370         -4.96972370
  11.081         -5.18692493         -5.18692493         -4.73098564         -4.73098564         -4.73098564
  11.194         -3.42593360         -3.42593360         -4.50004482         -4.50004482         -4.50004482
  11.307         -1.93251383         -1.93251383         -4.25975037         -4.25975037         -4.25975037
  11.420         -0.74258578         -0.74258578         -3.99390936         -3.99390936         -3.99390936
  11.533          0.15412799          0.15412799         -3.68890738         -3.68890738         -3.68890738
  11.646          0.80317140          0.80317140         -3.33475089         -3.33475089         -3.33475089
  11.759          1.26222312          1.26222312         -2.92558527         -2.92558527         -2.92558527
  11.872          1.58302271          1.58302271         -2.46064615         -2.46064615         -2.46064615
  11.985          1.80521536          1.80521536         -1.94639242         -1.94639242         -1.94639242
  12.099          1.95752788          1.95752788         -1.39818609         -1.39818609         -1.39818609
  12.212          2.06055856          2.06055856         -0.83893007         -0.83893007         -0.83893007
  12.325          2.12905526          2.12905526         -0.29483685         -0.29483685         -0.29483685
  12.438          2.17356849          2.17356849          0.20973112          0.20973112          0.20973112
  12.551          2.20162129          2.20162129          0.65687764          0.65687764          0.65687764
  12.664          2.21854997          2.21854997          1.03737545          1.03737545          1.03737545
  12.777          2.22811079          2.22811079          1.34946692          1.34946692          1.34946692
  12.890          2.23291683          2.23291683          1.59632671          1.59632671          1.59632671
  13.003          2.23476386          2.23476386          1.78445446          1.78445446          1.78445446
  13.116          2.23485112          2.23485112          1.92277229          1.92277229          1.92277229
  13.229          2.23396468          2.23396468          2.02139902          2.02139902          2.02139902
  13.342          2.23259258          2.23259258          2.09011102          2.09011102          2.09011102
  13.455          2.23102117          2.23102117          2.13716650          2.13716650          2.13716650
  13.568          2.22940707          2.22940707          2.16890121          2.16890121          2.16890121
  13.681          2.22782588          2.22782588          2.18992662          2.18992662          2.18992662
  13.795          2.22630882          2.22630882          2.20353198          2.20353198          2.20353198
  13.908          2.22487164          2.22487164          2.21204877          2.21204877          2.21204877
  14.021          2.22351384          2.22351384          2.21712327          2.21712327          2.21712327
  14.134          2.22223353          2.22223353          2.21990848          2.21990848          2.21990848
  14.247          2.22103333          2.22103333          2.22120690          2.22120690          2.22120690
  14.360          2.21990824          2.21990824          2.22156954          2.22156954          2.22156954
  14.473          2.21886754          2.21886754          2.22137022          2.22137022          2.22137022
  14.586          2.21790242          2.21790242          2.22085690          2.22085690          2.22085690
  14.699          2.21701980          2.21701980          2.22019076          2.22019076          2.22019076
  14.812          2.21621299          2.21621299          2.21947336          2.21947336          2.21947336
  14.925          2.21548629          2.21548629          2.21876550          2.21876550          2.21876550
  15.038          2.21483970          2.21483970          2.21810222          2.21810222          2.21810222
  15.151          2.21426916          2.21426916          2.21750307          2.21750307          2.21750307
  15.264          2.21378136          2.21378136          2.21697664          2.21697664          2.21697664
  15.378          2.21336937          2.21336937          2.21652746          2.21652746          2.21652746
  15.491          2.21304059          2.21304059          2.21615672          2.21615672          2.21615672
  15.604          2.21278739          2.21278739          2.21586514          2.21586514          2.21586514
  15.717          2.21261454          2.21261454          2.21565223          2.21565223          2.21565223
  15.830          2.21252155          2.21252155          2.21551871          2.21551871          2.21551871
  15.943          2.21250272          2.21250272          2.21546412          2.21546412          2.21546412
  16.056          2.21256995          2.21256995          2.21548843          2.21548843          2.21548843
  16.169          2.21271014          2.21271014          2.21559215          2.21559215          2.21559215
  16.282          2.21293235          2.21293235          2.21577501          2.21577501          2.21577501
  16.395          2.21323657          2.21323657          2.21603680          2.21603680          2.21603680
  16.508          2.21361732          2.21361732          2.21637750          2.21637750          2.21637750
  16.621          2.21407366          2.21407366          2.21679711          2.21679711          2.21679711
  16.734          2.21461272          2.21461272          2.21729517          2.21729517          2.21729517
  16.847          2.21523237          2.21523237          2.21786857          2.21786857          2.21786857
  16.961          2.21592760          2.21592760          2.21851206          2.21851206          2.21851206
  17.074          2.21670294          2.21670294          2.21921253          2.21921253          2.21921253
  17.187          2.21755695          2.21755695          2.21994543          2.21994543          2.21994543
  17.300          2.21849108          2.21849108          2.22066569          2.22066569          2.22066569
  17.413          2.21950364          2.21950364          2.22129703          2.22129703          2.22129703
  17.526          2.22059846          2.22059846          2.22171497          2.22171497          2.22171497
  17.639          2.22176671          2.22176671          2.22172546          2.22172546          2.22172546
  17.752          2.22302008          2.22302008          2.22103190          2.22103190          2.22103190
  17.865          2.22434735          2.22434735          2.21919203          2.21919203          2.21919203
  17.978          2.22575498          2.22575498          2.21555734          2.21555734          2.21555734
  18.091          2.22724271          2.22724271          2.20918965          2.20918965          2.20918965
  18.204          2.22880507          2.22880507          2.19874430          2.19874430          2.19874430
  18.317          2.23042154          2.23042154          2.18230915          2.18230915          2.18230915
  18.430          2.23204589          2.23204589          2.15718126          2.15718126          2.15718126
  18.544          2.23357296          2.23357296          2.11955428          2.11955428          2.11955428
  18.657          2.23479652          2.23479652          2.06412363          2.06412363          2.06412363
  18.770          2.23535633          2.23535633          1.98372829          1.98372829          1.98372829
  18.883          2.23464727          2.23464727          1.86936319          1.86936319          1.86936319
  18.996          2.23172522          2.23172522          1.71092355          1.71092355          1.71092355
  19.109          2.22515893          2.22515893          1.49861956          1.49861956          1.49861956
  19.222          2.21283484          2.21283484          1.22444904          1.22444904          1.22444904
  19.335          2.19169545          2.19169545          0.88321316          0.88321316          0.88321316
  19.448          2.15737009          2.15737009          0.47357625          0.47357625          0.47357625
  19.561          2.10367155          2.10367155          0.00018888          0.00018888          0.00018888
  19.674          2.02189922          2.02189922         -0.52397066         -0.52397066         -0.52397066
  19.787          1.89987350          1.89987350         -1.07777572         -1.07777572         -1.07777572
  19.900          1.72057128          1.72057128         -1.63544118         -1.63544118         -1.63544118
  20.013          1.46023703          1.46023703         -2.17155385         -2.17155385         -2.17155385
  20.126          1.08579886          1.08579886         -2.66604710         -2.66604710         -2.66604710
  20.240          0.55231369          0.55231369         -3.10742068         -3.10742068         -3.10742068
  20.353         -0.19593103         -0.19593103         -3.49261069         -3.49261069         -3.49261069
  20.466         -1.21425307         -1.21425307         -3.82475948         -3.82475948         -3.82475948
  20.579         -2.53563094         -2.53563094         -4.11155415         -4.11155415         -4.11155415
  20.692         -4.15062666         -4.15062666         -4.36462259         -4.36462259         -4.36462259
  20.805         -6.00561142         -6.00561142         -4.59885120         -4.59885120         -4.59885120
  20.918         -8.01647949         -8.01647949         -4.83106327         -4.83106327         -4.83106327
  21.031        -10.06733990        -10.06733990         -5.07825518         -5.07825518         -5.07825518
  21.144        -11.97860146        -11.97860146         -5.35578108         -5.35578108         -5.35578108
  21.257        -13.50043869        -13.50043869         -5.67588949         -5.67588949         -5.67588949
  21.370        -14.38839626        -14.38839626         -6.04689932         -6.04689932         -6.04689932
  21.483        -14.50272274        -14.50272274         -6.47270679         -6.47270679         -6.47270679
  21.596        -13.85457516        -13.85457516         -6.95145130         -6.95145130         -6.95145130
  21.709        -12.60437965        -12.60437965         -7.47307301         -7.47307301         -7.47307301
  21.823        -11.00915337        -11.00915337         -8.01801300         -8.01801300         -8.01801300
  21.936         -9.32213116         -9.32213116         -8.55914688         -8.55914688         -8.55914688
  22.049         -7.72966337         -7.72966337         -9.06601048         -9.06601048         -9.06601048
  22.162         -6.36849165         -6.36849165         -9.50957680         -9.50957680         -9.50957680
  22.275         -5.35740137         -5.35740137         -9.86643887         -9.86643887         -9.86643887
  22.388         -4.79513025         -4.79513025        -10.12083054        -10.12083054        -10.12083054
  22.501         -4.74120808         -4.74120808        -10.26431179        -10.26431179        -10.26431179
  22.614         -5.20291710         -5.20291710        -10.29513454        -10.29513454        -10.29513454
  22.727         -6.13409138         -6.13409138        -10.21837711        -10.21837711        -10.21837711
  22.840         -7.44587994         -7.44587994        -10.04657364        -10.04657364        -10.04657364
  22.953         -9.02662754         -9.02662754         -9.80086994         -9.80086994         -9.80086994
  23.066        -10.75231838        -10.75231838         -9.51178932         -9.51178932         -9.51178932
  23.179        -12.46245766        -12.46245766         -9.21724129         -9.21724129         -9.21724129
  23.292        -13.92807770        -13.92807770         -8.95739460         -8.95739460         -8.95739460
  23.406        -14.88797283        -14.88797283         -8.76854324         -8.76854324         -8.76854324
  23.519        -15.14823151        -15.14823151         -8.67764187         -8.67764187         -8.67764187
  23.632        -14.65357590        -14.65357590         -8.69832516         -8.69832516         -8.69832516
  23.745        -13.50291348        -13.50291348         -8.82908630         -8.82908630         -8.82908630
  23.858        -11.92011356        -11.92011356         -9.05358601         -9.05358601         -9.05358601
  23.971        -10.16736794        -10.16736794         -9.34313583         -9.34313583         -9.34313583
  24.084         -8.45507526         -8.45507526         -9.66114902         -9.66114902         -9.66114902
  24.197         -6.93029404         -6.93029404         -9.96883678         -9.96883678         -9.96883678
  24.310         -5.71375942         -5.71375942        -10.23124790        -10.23124790        -10.23124790
  24.423         -4.91325283         -4.91325283        -10.42176437        -10.42176437        -10.42176437
  24.536         -4.60748482         -4.60748482        -10.52328205        -10.52328205        -10.52328205
  24.649         -4.82799673         -4.82799673        -10.52738857        -10.52738857        -10.52738857
  24.762         -5.55198145         -5.55198145        -10.43369675        -10.43369675        -10.43369675
  24.875         -6.70731020         -6.70731020        -10.24978161        -10.24978161        -10.24978161
  24.989         -8.18904972         -8.18904972         -9.99169540         -9.99169540         -9.99169540
  25.102         -9.87732697         -9.87732697         -9.68488884         -9.68488884         -9.68488884
  25.215        -11.62966442        -11.62966442         -9.36351871         -9.36351871         -9.36351871
  25.328        -13.24495602        -13.24495602         -9.06644535         -9.06644535         -9.06644535
  25.441        -14.46464825        -14.46464825         -8.83124447         -8.83124447         -8.83124447
  25.554        -15.05496788        -15.05496788         -8.68836975         -8.68836975         -8.68836975
  25.667        -14.89782524        -14.89782524         -8.65650368         -8.65650368         -8.65650368
  25.780        -14.02574444        -14.02574444         -8.73986721         -8.73986721         -8.73986721
  25.893        -12.61356926        -12.61356926         -8.92769241         -8.92769241         -8.92769241
  26.006        -10.91838264        -10.91838264         -9.19573498         -9.19573498         -9.19573498
  26.119         -9.17963409         -9.17963409         -9.50989056         -9.50989056         -9.50989056
  26.232         -7.56906891         -7.56906891         -9.83136559         -9.83136559         -9.83136559
  26.345         -6.21586847         -6.21586847        -10.12266541        -10.12266541        -10.12266541
  26.458         -5.23487091         -5.23487091        -10.35301781        -10.35301781        -10.35301781
  26.571         -4.71988201         -4.71988201        -10.50101852        -10.50101852        -10.50101852
  26.685         -4.72386503         -4.72386503        -10.55436325        -10.55436325        -10.55436325
  26.798         -5.24687052         -5.24687052        -10.50899410        -10.50899410        -10.50899410
  26.911         -6.23602676         -6.23602676        -10.36884499        -10.36884499        -10.36884499
  27.024         -7.59756517         -7.59756517        -10.14610291        -10.14610291        -10.14610291
  27.137         -9.21666145         -9.21666145         -9.86208534         -9.86208534         -9.86208534
  27.250        -10.96411800        -10.96411800         -9.54750061         -9.54750061         -9.54750061
  27.363        -12.66830158        -12.66830158         -9.23982430         -9.23982430         -9.23982430
  27.476        -14.08983040        -14.08983040         -8.97784805         -8.97784805         -8.97784805
  27.589        -14.97156048        -14.97156048         -8.79567814         -8.79567814         -8.79567814
  27.702        -15.13842583        -15.13842583         -8.71753120         -8.71753120         -8.71753120
  27.815        -14.55752373        -14.55752373         -8.75411510         -8.75411510         -8.75411510
  27.928        -13.34646988        -13.34646988         -8.90111732         -8.90111732         -8.90111732
  28.041        -11.73856163        -11.73856163         -9.13979912         -9.13979912         -9.13979912
  28.154         -9.99199104         -9.99199104         -9.43974018         -9.43974018         -9.43974018
  28.268         -8.30767345         -8.30767345         -9.76345158         -9.76345158         -9.76345158
  28.381         -6.82798052         -6.82798052        -10.07213116        -10.07213116        -10.07213116
  28.494         -5.67282963         -5.67282963        -10.33161068        -10.33161068        -10.33161068
  28.607         -4.94742823         -4.94742823        -10.51640415        -10.51640415        -10.51640415
  28.720         -4.72439194         -4.72439194        -10.61047840        -10.61047840        -10.61047840
  28.833         -5.02713633         -5.02713633        -10.60636425        -10.60636425        -10.60636425
  28.946         -5.82467794         -5.82467794        -10.50462437        -10.50462437        -10.50462437
  29.059         -7.03853989         -7.03853989        -10.31389523        -10.31389523        -10.31389523
  29.172         -8.56061172         -8.56061172        -10.05150509        -10.05150509        -10.05150509
  29.285        -10.26918316        -10.26918316         -9.74428844         -9.74428844         -9.74428844
  29.398        -12.01588917        -12.01588917         -9.42738914         -9.42738914         -9.42738914
  29.511        -13.58969593        -13.58969593         -9.13979912         -9.13979912         -9.13979912
  29.624        -14.72953796        -14.72953796         -8.91833305         -8.91833305         -8.91833305
  29.737        -15.21409130        -15.21409130         -8.79200363         -8.79200363         -8.79200363
  29.851        -14.94620323        -14.94620323         -8.77761841         -8.77761841         -8.77761841
  29.964        -13.98029995        -13.98029995         -8.87734890         -8.87734890         -8.87734890
  30.077        -12.50825024        -12.50825024         -9.07842827         -9.07842827         -9.07842827
  30.190        -10.79067612        -10.79067612         -9.35496902         -9.35496902         -9.35496902
  30.303         -9.05825996         -9.05825996         -9.67185688         -9.67185688         -9.67185688
  30.416         -7.47410870         -7.47410870         -9.99009991         -9.99009991         -9.99009991
  30.529         -6.16447783         -6.16447783        -10.27288246        -10.27288246        -10.27288246
  30.642         -5.24226189         -5.24226189        -10.49071217        -10.49071217        -10.49071217
  30.755         -4.79659748         -4.79659748        -10.62358570        -10.62358570        -10.62358570
  30.868         -4.87331772         -4.87331772        -10.66047287        -10.66047287        -10.66047287
  30.981         -5.46460104         -5.46460104        -10.59851646        -10.59851646        -10.59851646
  31.094         -6.51068687         -6.51068687        -10.44286060        -10.44286060        -10.44286060
  31.207         -7.91354656         -7.91354656        -10.20699024        -10.20699024        -10.20699024
  31.320         -9.55659485         -9.55659485         -9.91363525         -9.91363525         -9.91363525
  31.434        -11.30702019        -11.30702019         -9.59474754         -9.59474754         -9.59474754
  31.547        -12.98388386        -12.98388386         -9.28837585         -9.28837585         -9.28837585
  31.660        -14.34006691        -14.34006691         -9.03300762         -9.03300762         -9.03300762
  31.773        -15.12421417        -15.12421417         -8.86162376         -8.86162376         -8.86162376
  31.886        -15.17943668        -15.17943668         -8.79668713         -8.79668713         -8.79668713
  31.999        -14.49475574        -14.49475574         -8.84679127         -8.84679127         -8.84679127
  32.112        -13.20783043        -13.20783043         -9.00547791         -9.00547791         -9.00547791
  32.225        -11.56205368        -11.56205368         -9.25211430         -9.25211430         -9.25211430
  32.338         -9.81089973         -9.81089973         -9.55494690         -9.55494690         -9.55494690
  32.451         -8.14513397         -8.14513397         -9.87593079         -9.87593079         -9.87593079
  32.564         -6.70192337         -6.70192337        -10.17657566        -10.17657566        -10.17657566
  32.677         -5.59952688         -5.59952688        -10.42378330        -10.42378330        -10.42378330
  32.790         -4.93977594         -4.93977594        -10.59344387        -10.59344387        -10.59344387
  32.903         -4.78902102         -4.78902102        -10.67080784        -10.67080784        -10.67080784
  33.017         -5.16291142         -5.16291142        -10.64957523        -10.64957523        -10.64957523
  33.130         -6.02295351         -6.02295351        -10.53145218        -10.53145218        -10.53145218
  33.243         -7.28514004         -7.28514004        -10.32626724        -10.32626724        -10.32626724
  33.356         -8.83879089         -8.83879089        -10.05267525        -10.05267525        -10.05267525
  33.469        -10.56012440        -10.56012440         -9.73885536         -9.73885536         -9.73885536
  33.582        -12.29383755        -12.29383755         -9.42084026         -9.42084026         -9.42084026
  33.695        -13.81883526        -13.81883526         -9.13768291         -9.13768291         -9.13768291
  33.808        -14.87318802        -14.87318802         -8.92540932         -8.92540932         -8.92540932
