   0.000          1.72143626          1.72143626          1.11841774          1.11841774          1.11841774
   0.113          1.72066987          1.72066987          1.11841774          1.11841774          1.11841774
   0.226          1.71072137          1.71072137          1.12961471          1.12961471          1.12961471
   0.339          1.64428794          1.64428794          1.15084028          1.15084028          1.15084028
   0.452          1.46534026          1.46534026          1.18017912          1.18017912          1.18017912
   0.565          1.20024598          1.20024598          1.21510899          1.21510899          1.21510899
   0.678          0.93658131          0.93658131          1.25296819          1.25296819          1.25296819
   0.791          0.73554862          0.73554862          1.29036641          1.29036641          1.29036641
   0.905          0.61218303          0.61218303          1.32184267          1.32184267          1.32184267
   1.018          0.56237346          0.56237346          1.34128892          1.34128892          1.34128892
   1.131          0.58217895          0.58217895          1.34487522          1.34487522          1.34487522
   1.244          0.67330056          0.67330056          1.33194220          1.33194220          1.33194220
   1.357          0.84113336          0.84113336          1.30495286          1.30495286          1.30495286
   1.470          1.08232212          1.08232212          1.26931214          1.26931214          1.26931214
   1.583          1.35751367          1.35751367          1.23112810          1.23112810          1.23112810
   1.696          1.58229625          1.58229625          1.19461250          1.19461250          1.19461250
   1.809          1.69342172          1.69342172          1.16255140          1.16255140          1.16255140
   1.922          1.71908653          1.71908653          1.13757443          1.13757443          1.13757443
   2.035          1.72130072          1.72130072          1.12189126          1.12189126          1.12189126
   2.148          1.72119868          1.72119868          1.11701465          1.11701465          1.11701465
   2.261          1.71795368          1.71795368          1.12350309          1.12350309          1.12350309
   2.374          1.68431997          1.68431997          1.14062726          1.14062726          1.14062726
   2.488          1.55647135          1.55647135          1.16677117          1.16677117          1.16677117
   2.601          1.31893349          1.31893349          1.19963372          1.19963372          1.19963372
   2.714          1.04417157          1.04417157          1.23657203          1.23657203          1.23657203
   2.827          0.81225824          0.81225824          1.27470469          1.27470469          1.27470469
   2.940          0.65565717          0.65565717          1.30950189          1.30950189          1.30950189
   3.053          0.57506609          0.57506609          1.33475184          1.33475184          1.33475184
   3.166          0.56520009          0.56520009          1.34539270          1.34539270          1.34539270
   3.279          0.62520325          0.62520325          1.33942139          1.33942139          1.33942139
   3.392          0.75960028          0.75960028          1.31794131          1.31794131          1.31794131
   3.505          0.97136098          0.97136098          1.28521991          1.28521991          1.28521991
   3.618          1.24022758          1.24022758          1.24747062          1.24747062          1.24747062
   3.731          1.49799335          1.49799335          1.20985830          1.20985830          1.20985830
   3.844          1.65999246          1.65999246          1.17556512          1.17556512          1.17556512
   3.957          1.71396923          1.71396923          1.14724398          1.14724398          1.14724398
   4.071          1.72090054          1.72090054          1.12735486          1.12735486          1.12735486
   4.184          1.72142041          1.72142041          1.11771286          1.11771286          1.11771286
   4.297          1.72033644          1.72033644          1.11935174          1.11935174          1.11935174
   4.410          1.70635438          1.70635438          1.13207901          1.13207901          1.13207901
   4.523          1.62609434          1.62609434          1.15460324          1.15460324          1.15460324
   4.636          1.43079734          1.43079734          1.18491066          1.18491066          1.18491066
   4.749          1.16036201          1.16036201          1.22043312          1.22043312          1.22043312
   4.862          0.90317684          0.90317684          1.25849175          1.25849175          1.25849175
   4.975          0.71311462          0.71311462          1.29545367          1.29545367          1.29545367
   5.088          0.60065418          0.60065418          1.32559371          1.32559371          1.32559371
   5.201          0.56094211          0.56094211          1.34297442          1.34297442          1.34297442
   5.314          0.59071934          0.59071934          1.34421337          1.34421337          1.34421337
   5.427          0.69250339          0.69250339          1.32908666          1.32908666          1.32908666
   5.540          0.87156451          0.87156451          1.30051243          1.30051243          1.30051243
   5.654          1.12127793          1.12127793          1.26418543          1.26418543          1.26418543
   5.767          1.39506304          1.39506304          1.22604632          1.22604632          1.22604632
   5.880          1.60563505          1.60563505          1.19000876          1.19000876          1.19000876
   5.993          1.70075631          1.70075631          1.15880525          1.15880525          1.15880525
   6.106          1.71989584          1.71989584          1.13506007          1.13506007          1.13506007
   6.219          1.72148347          1.72148347          1.12090468          1.12090468          1.12090468
   6.332          1.72132826          1.72132826          1.11774659          1.11774659          1.11774659
   6.445          1.71682596          1.71682596          1.12592721          1.12592721          1.12592721
   6.558          1.67405617          1.67405617          1.14449275          1.14449275          1.14449275
   6.671          1.52940464          1.52940464          1.17169988          1.17169988          1.17169988
   6.784          1.28102434          1.28102434          1.20522285          1.20522285          1.20522285
   6.897          1.00852478          1.00852478          1.24249303          1.24249303          1.24249303
   7.010          0.78642803          0.78642803          1.28050041          1.28050041          1.28050041
   7.123          0.64076585          0.64076585          1.31432676          1.31432676          1.31432676
   7.236          0.57018411          0.57018411          1.33766913          1.33766913          1.33766913
   7.350          0.56979698          0.56979698          1.34584177          1.34584177          1.34584177
   7.463          0.63977295          0.63977295          1.33731842          1.33731842          1.33731842
   7.576          0.78531426          0.78531426          1.31368434          1.31368434          1.31368434
   7.689          1.00798249          1.00798249          1.27964807          1.27964807          1.27964807
   7.802          1.28168917          1.28168917          1.24147165          1.24147165          1.24147165
   7.915          1.53135240          1.53135240          1.20400453          1.20400453          1.20400453
   8.028          1.67621827          1.67621827          1.17023909          1.17023909          1.17023909
   8.141          1.71732593          1.71732593          1.14278340          1.14278340          1.14278340
   8.254          1.71939433          1.71939433          1.12396765          1.12396765          1.12396765
   8.367          1.71880174          1.71880174          1.11545539          1.11545539          1.11545539
   8.480          1.71876085          1.71876085          1.11809957          1.11809957          1.11809957
   8.593          1.70116377          1.70116377          1.13151348          1.13151348          1.13151348
   8.706          1.60550892          1.60550892          1.15432322          1.15432322          1.15432322
   8.819          1.39277172          1.39277172          1.18450177          1.18450177          1.18450177
   8.933          1.11674404          1.11674404          1.21954858          1.21954858          1.21954858
   9.046          0.86557728          0.86557728          1.25678301          1.25678301          1.25678301
   9.159          0.68604302          0.68604302          1.29222035          1.29222035          1.29222035
   9.272          0.58454585          0.58454585          1.31974113          1.31974113          1.31974113
   9.385          0.55546474          0.55546474          1.33338869          1.33338869          1.33338869
   9.498          0.59588259          0.59588259          1.32989454          1.32989454          1.32989454
   9.611          0.70852220          0.70852220          1.30903280          1.30903280          1.30903280
   9.724          0.89765352          0.89765352          1.27362311          1.27362311          1.27362311
   9.837          1.15235305          1.15235305          1.22888243          1.22888243          1.22888243
   9.950          1.41868865          1.41868865          1.17955947          1.17955947          1.17955947
  10.063          1.60873246          1.60873246          1.12788320          1.12788320          1.12788320
  10.176          1.68344176          1.68344176          1.07460058          1.07460058          1.07460058
  10.289          1.69281626          1.69281626          1.02015924          1.02015924          1.02015924
  10.402          1.69178581          1.69178581          0.96547431          0.96547431          0.96547431
  10.516          1.69216764          1.69216764          0.91338342          0.91338342          0.91338342
  10.629          1.68722045          1.68722045          0.86795765          0.86795765          0.86795765
  10.742          1.63291192          1.63291192          0.83142799          0.83142799          0.83142799
  10.855          1.46540082          1.46540082          0.80305314          0.80305314          0.80305314
  10.968          1.19473946          1.19473946          0.78050858          0.78050858          0.78050858
  11.081          0.90315741          0.90315741          0.76123852          0.76123852          0.76123852
  11.194          0.65583938          0.65583938          0.74286234          0.74286234          0.74286234
  11.307          0.46906137          0.46906137          0.72308707          0.72308707          0.72308707
  11.420          0.33399817          0.33399817          0.69952238          0.69952238          0.69952238
  11.533          0.23763384          0.23763384          0.66963077          0.66963077          0.66963077
  11.646          0.16910541          0.16910541          0.63123506          0.63123506          0.63123506
  11.759          0.12032662          0.12032662          0.58395326          0.58395326          0.58395326
  11.872          0.08551775          0.08551775          0.53033227          0.53033227          0.53033227
  11.985          0.06061821          0.06061821          0.47421879          0.47421879          0.47421879
  12.099          0.04278027          0.04278027          0.41779190          0.41779190          0.41779190
  12.212          0.02999941          0.02999941          0.36139908          0.36139908          0.36139908
  12.325          0.02085441          0.02085441          0.30499351          0.30499351          0.30499351
  12.438          0.01433192          0.01433192          0.24875282          0.24875282          0.24875282
  12.551          0.00970422          0.00970422          0.19432241          0.19432241          0.19432241
  12.664          0.00644659          0.00644659          0.14547572          0.14547572          0.14547572
  12.777          0.00417887          0.00417887          0.10565107          0.10565107          0.10565107
  12.890          0.00262470          0.00262470          0.07554583          0.07554583          0.07554583
  13.003          0.00158227          0.00158227          0.05368451          0.05368451          0.05368451
  13.116          0.00090417          0.00090417          0.03804914          0.03804914          0.03804914
  13.229          0.00048183          0.00048183          0.02691586          0.02691586          0.02691586
  13.342          0.00023459          0.00023459          0.01899473          0.01899473          0.01899473
  13.455          0.00010193          0.00010193          0.01335789          0.01335789          0.01335789
  13.568          0.00003808          0.00003808          0.00934700          0.00934700          0.00934700
  13.681          0.00000986          0.00000986          0.00649641          0.00649641          0.00649641
  13.795          0.00000088          0.00000088          0.00447580          0.00447580          0.00447580
  13.908          0.00000000          0.00000000          0.00304979          0.00304979          0.00304979
  14.021          0.00000000          0.00000000          0.00204981          0.00204981          0.00204981
  14.134          0.00000000          0.00000000          0.00135466          0.00135466          0.00135466
  14.247          0.00000000          0.00000000          0.00087693          0.00087693          0.00087693
  14.360          0.00000000          0.00000000          0.00055346          0.00055346          0.00055346
  14.473          0.00000000          0.00000000          0.00033857          0.00033857          0.00033857
  14.586          0.00000000          0.00000000          0.00019928          0.00019928          0.00019928
  14.699          0.00000000          0.00000000          0.00011179          0.00011179          0.00011179
  14.812          0.00000000          0.00000000          0.00005904          0.00005904          0.00005904
  14.925          0.00000000          0.00000000          0.00002891          0.00002891          0.00002891
  15.038          0.00000000          0.00000000          0.00001284          0.00001284          0.00001284
  15.151          0.00000000          0.00000000          0.00000502          0.00000502          0.00000502
  15.264          0.00000000          0.00000000          0.00000163          0.00000163          0.00000163
  15.378          0.00000000          0.00000000          0.00000036          0.00000036          0.00000036
  15.491          0.00000000          0.00000000          0.00000003          0.00000003          0.00000003
  15.604          0.00000000          0.00000000          0.00000000          0.00000000          0.00000000
  15.717          0.00000000          0.00000000          0.00000000          0.00000000          0.00000000
  15.830          0.00000000          0.00000000          0.00000000          0.00000000          0.00000000
  15.943          0.00000000          0.00000000          0.00000000          0.00000000          0.00000000
  16.056          0.00000000          0.00000000          0.00000000          0.00000000          0.00000000
  16.169          0.00000000          0.00000000          0.00000000          0.00000000          0.00000000
  16.282          0.00000000          0.00000000          0.00000000          0.00000000          0.00000000
  16.395          0.00000000          0.00000000          0.00000000          0.00000000          0.00000000
  16.508          0.00000000          0.00000000          0.00000010          0.00000010          0.00000010
  16.621          0.00000000          0.00000000          0.00000072          0.00000072          0.00000072
  16.734          0.00000000          0.00000000          0.00000267          0.00000267          0.00000267
  16.847          0.00000000          0.00000000          0.00000752          0.00000752          0.00000752
  16.961          0.00000000          0.00000000          0.00001814          0.00001814          0.00001814
  17.074          0.00000000          0.00000000          0.00003907          0.00003907          0.00003907
  17.187          0.00000000          0.00000000          0.00007715          0.00007715          0.00007715
  17.300          0.00000000          0.00000000          0.00014221          0.00014221          0.00014221
  17.413          0.00000000          0.00000000          0.00024819          0.00024819          0.00024819
  17.526          0.00000000          0.00000000          0.00041459          0.00041459          0.00041459
  17.639          0.00000000          0.00000000          0.00066859          0.00066859          0.00066859
  17.752          0.00000000          0.00000000          0.00104781          0.00104781          0.00104781
  17.865          0.00000000          0.00000000          0.00160438          0.00160438          0.00160438
  17.978          0.00000002          0.00000002          0.00241041          0.00241041          0.00241041
  18.091          0.00000308          0.00000308          0.00356587          0.00356587          0.00356587
  18.204          0.00001856          0.00001856          0.00520961          0.00520961          0.00520961
  18.317          0.00005853          0.00005853          0.00753520          0.00753520          0.00753520
  18.430          0.00014556          0.00014556          0.01081378          0.01081378          0.01081378
  18.544          0.00031843          0.00031843          0.01542693          0.01542693          0.01542693
  18.657          0.00062804          0.00062804          0.02191412          0.02191412          0.02191412
  18.770          0.00114224          0.00114224          0.03103840          0.03103840          0.03103840
  18.883          0.00195180          0.00195180          0.04387183          0.04387183          0.04387183
  18.996          0.00317931          0.00317931          0.06188843          0.06188843          0.06188843
  19.109          0.00499225          0.00499225          0.08698534          0.08698534          0.08698534
  19.222          0.00761978          0.00761978          0.12111399          0.12111399          0.12111399
  19.335          0.01137672          0.01137672          0.16502862          0.16502862          0.16502862
  19.448          0.01669696          0.01669696          0.21675999          0.21675999          0.21675999
  19.561          0.02418112          0.02418112          0.27230328          0.27230328          0.27230328
  19.674          0.03466383          0.03466383          0.32867053          0.32867053          0.32867053
  19.787          0.04931209          0.04931209          0.38504979          0.38504979          0.38504979
  19.900          0.06976780          0.06976780          0.44143677          0.44143677          0.44143677
  20.013          0.09835732          0.09835732          0.49782756          0.49782756          0.49782756
  20.126          0.13839455          0.13839455          0.55326843          0.55326843          0.55326843
  20.240          0.19461563          0.19461563          0.60462731          0.60462731          0.60462731
  20.353          0.27372849          0.27372849          0.64822096          0.64822096          0.64822096
  20.466          0.38500291          0.38500291          0.68275833          0.68275833          0.68275833
  20.579          0.54049784          0.54049784          0.70960832          0.70960832          0.70960832
  20.692          0.75290740          0.75290740          0.73122710          0.73122710          0.73122710
  20.805          1.02385938          1.02385938          0.75010711          0.75010711          0.75010711
  20.918          1.31743884          1.31743884          0.76857758          0.76857758          0.76857758
  21.031          1.55194139          1.55194139          0.78894591          0.78894591          0.78894591
  21.144          1.66629851          1.66629851          0.81367230          0.81367230          0.81367230
  21.257          1.69101799          1.69101799          0.84531230          0.84531230          0.84531230
  21.370          1.69137776          1.69137776          0.88572842          0.88572842          0.88572842
  21.483          1.69161236          1.69161236          0.93446821          0.93446821          0.93446821
  21.596          1.69174218          1.69174218          0.98817676          0.98817676          0.98817676
  21.709          1.66328466          1.66328466          1.04299080          1.04299080          1.04299080
  21.823          1.54091120          1.54091120          1.09702277          1.09702277          1.09702277
  21.936          1.30812836          1.30812836          1.14971709          1.14971709          1.14971709
  22.049          1.03674960          1.03674960          1.20056260          1.20056260          1.20056260
  22.162          0.80664217          0.80664217          1.24838936          1.24838936          1.24838936
  22.275          0.65051466          0.65051466          1.28986704          1.28986704          1.28986704
  22.388          0.56958038          0.56958038          1.31963098          1.31963098          1.31963098
  22.501          0.55910534          0.55910534          1.33325911          1.33325911          1.33325911
  22.614          0.61867005          0.61867005          1.32925045          1.32925045          1.32925045
  22.727          0.75316882          0.75316882          1.30910718          1.30910718          1.30910718
  22.840          0.96589732          0.96589732          1.27740085          1.27740085          1.27740085
  22.953          1.23666334          1.23666334          1.24057007          1.24057007          1.24057007
  23.066          1.49685705          1.49685705          1.20392025          1.20392025          1.20392025
  23.179          1.66057074          1.66057074          1.17066002          1.17066002          1.17066002
  23.292          1.71418548          1.71418548          1.14336324          1.14336324          1.14336324
  23.406          1.71931648          1.71931648          1.12438285          1.12438285          1.12438285
  23.519          1.71922529          1.71922529          1.11547267          1.11547267          1.11547267
  23.632          1.71997833          1.71997833          1.11765647          1.11765647          1.11765647
  23.745          1.70853317          1.70853317          1.13076460          1.13076460          1.13076460
  23.858          1.62933469          1.62933469          1.15354800          1.15354800          1.15354800
  23.971          1.43341660          1.43341660          1.18404567          1.18404567          1.18404567
  24.084          1.16174924          1.16174924          1.21973383          1.21973383          1.21973383
  24.197          0.90360355          0.90360355          1.25796068          1.25796068          1.25796068
  24.310          0.71313822          0.71313822          1.29510331          1.29510331          1.29510331
  24.423          0.60075271          0.60075271          1.32543397          1.32543397          1.32543397
  24.536          0.56137484          0.56137484          1.34299719          1.34299719          1.34299719
  24.649          0.59152406          0.59152406          1.34438133          1.34438133          1.34438133
  24.762          0.69356996          0.69356996          1.32933474          1.32933474          1.32933474
  24.875          0.87270612          0.87270612          1.30076396          1.30076396          1.30076396
  24.989          1.12233317          1.12233317          1.26439261          1.26439261          1.26439261
  25.102          1.39597821          1.39597821          1.22623229          1.22623229          1.22623229
  25.215          1.60642457          1.60642457          1.19024086          1.19024086          1.19024086
  25.328          1.70137358          1.70137358          1.15909934          1.15909934          1.15909934
  25.441          1.72025406          1.72025406          1.13533342          1.13533342          1.13533342
  25.554          1.72157133          1.72157133          1.12103534          1.12103534          1.12103534
  25.667          1.72115910          1.72115910          1.11766434          1.11766434          1.11766434
  25.780          1.71638274          1.71638274          1.12565672          1.12565672          1.12565672
  25.893          1.67338657          1.67338657          1.14414167          1.14414167          1.14414167
  26.006          1.52859056          1.52859056          1.17139041          1.17139041          1.17139041
  26.119          1.28006697          1.28006697          1.20499837          1.20499837          1.20499837
  26.232          1.00742006          1.00742006          1.24230134          1.24230134          1.24230134
  26.345          0.78526729          0.78526729          1.28027904          1.28027904          1.28027904
  26.458          0.63972980          0.63972980          1.31408119          1.31408119          1.31408119
  26.571          0.56942946          0.56942946          1.33746326          1.33746326          1.33746326
  26.685          0.56937897          0.56937897          1.34574866          1.34574866          1.34574866
  26.798          0.63957071          0.63957071          1.33739018          1.33739018          1.33739018
  26.911          0.78498060          0.78498060          1.31394184          1.31394184          1.31394184
  27.024          1.00700140          1.00700140          1.28008604          1.28008604          1.28008604
  27.137          1.27959073          1.27959073          1.24207246          1.24207246          1.24207246
  27.250          1.52820623          1.52820623          1.20475280          1.20475280          1.20475280
  27.363          1.67318666          1.67318666          1.17113793          1.17113793          1.17113793
  27.476          1.71629667          1.71629667          1.14387178          1.14387178          1.14387178
  27.589          1.72106755          1.72106755          1.12533772          1.12533772          1.12533772
  27.702          1.72137570          1.72137570          1.11725152          1.11725152          1.11725152
  27.815          1.71984220          1.71984220          1.12050164          1.12050164          1.12050164
  27.928          1.70070755          1.70070755          1.13471115          1.13471115          1.13471115
  28.041          1.60558903          1.60558903          1.15847504          1.15847504          1.15847504
  28.154          1.39503098          1.39503098          1.18968010          1.18968010          1.18968010
  28.268          1.12126863          1.12126863          1.22571921          1.22571921          1.22571921
  28.381          0.87157637          0.87157637          1.26387048          1.26387048          1.26387048
  28.494          0.69252938          0.69252938          1.30022430          1.30022430          1.30022430
  28.607          0.59074801          0.59074801          1.32883835          1.32883835          1.32883835
  28.720          0.56096590          0.56096590          1.34401321          1.34401321          1.34401321
  28.833          0.60066980          0.60066980          1.34282529          1.34282529          1.34282529
  28.946          0.71312034          0.71312034          1.32549226          1.32549226          1.32549226
  29.059          0.90317684          0.90317684          1.29539216          1.29539216          1.29539216
  29.172          1.16036189          1.16036189          1.25845921          1.25845921          1.25845921
  29.285          1.43079734          1.43079734          1.22041833          1.22041833          1.22041833
  29.398          1.62609422          1.62609422          1.18490458          1.18490458          1.18490458
  29.511          1.70635390          1.70635390          1.15460062          1.15460062          1.15460062
  29.624          1.72033656          1.72033656          1.13207829          1.13207829          1.13207829
  29.737          1.72142029          1.72142029          1.11935246          1.11935246          1.11935246
  29.851          1.72090089          1.72090089          1.11771524          1.11771524          1.11771524
  29.964          1.71396947          1.71396947          1.12735820          1.12735820          1.12735820
  30.077          1.65999246          1.65999246          1.14724767          1.14724767          1.14724767
  30.190          1.49799347          1.49799347          1.17556834          1.17556834          1.17556834
  30.303          1.24022770          1.24022770          1.20986068          1.20986068          1.20986068
  30.416          0.97136110          0.97136110          1.24747217          1.24747217          1.24747217
  30.529          0.75960028          0.75960028          1.28522062          1.28522062          1.28522062
  30.642          0.62520331          0.62520331          1.31794155          1.31794155          1.31794155
  30.755          0.56520009          0.56520009          1.33942115          1.33942115          1.33942115
  30.868          0.57506609          0.57506609          1.34539270          1.34539270          1.34539270
  30.981          0.65565717          0.65565717          1.33475173          1.33475173          1.33475173
  31.094          0.81225818          0.81225818          1.30950189          1.30950189          1.30950189
  31.207          1.04417169          1.04417169          1.27470469          1.27470469          1.27470469
  31.320          1.31893337          1.31893337          1.23657203          1.23657203          1.23657203
  31.434          1.55647123          1.55647123          1.19963372          1.19963372          1.19963372
  31.547          1.68431973          1.68431973          1.16677117          1.16677117          1.16677117
  31.660          1.71795356          1.71795356          1.14062726          1.14062726          1.14062726
  31.773          1.72119820          1.72119820          1.12350309          1.12350309          1.12350309
  31.886          1.72130060          1.72130060          1.11701465          1.11701465          1.11701465
  31.999          1.71908641          1.71908641          1.12189114          1.12189114          1.12189114
  32.112          1.69342172          1.69342172          1.13757432          1.13757432          1.13757432
  32.225          1.58229613          1.58229613          1.16255128          1.16255128          1.16255128
  32.338          1.35751355          1.35751355          1.19461250          1.19461250          1.19461250
  32.451          1.08232212          1.08232212          1.23112810          1.23112810          1.23112810
  32.564          0.84113336          0.84113336          1.26931202          1.26931202          1.26931202
  32.677          0.67330056          0.67330056          1.30495274          1.30495274          1.30495274
  32.790          0.58217901          0.58217901          1.33194220          1.33194220          1.33194220
  32.903          0.56237346          0.56237346          1.34487522          1.34487522          1.34487522
  33.017          0.61218303          0.61218303          1.34128881          1.34128881          1.34128881
  33.130          0.73554862          0.73554862          1.32184267          1.32184267          1.32184267
  33.243          0.93658131          0.93658131          1.29036641          1.29036641          1.29036641
  33.356          1.20024598          1.20024598          1.25296819          1.25296819          1.25296819
  33.469          1.46534026          1.46534026          1.21510899          1.21510899          1.21510899
  33.582          1.64428794          1.64428794          1.18017912          1.18017912          1.18017912
  33.695          1.71072137          1.71072137          1.15084028          1.15084028          1.15084028
  33.808          1.72066987          1.72066987          1.12961471          1.12961471          1.12961471
