    0.000000    0.000000    0.000000    0.000000    0.000000
    0.006370    0.000079    0.000039    0.000025    0.000015
    0.012739    0.000175    0.000080    0.000060    0.000034
    0.019109    0.000287    0.000124    0.000104    0.000059
    0.025478    0.000414    0.000169    0.000158    0.000088
    0.031848    0.000559    0.000217    0.000220    0.000122
    0.038217    0.000719    0.000266    0.000293    0.000160
    0.044587    0.000895    0.000318    0.000374    0.000204
    0.050957    0.001001    0.000350    0.000422    0.000229
    0.057326    0.001202    0.000404    0.000518    0.000279
    0.063696    0.001419    0.000461    0.000623    0.000335
    0.070065    0.001652    0.000520    0.000737    0.000395
    0.076435    0.001901    0.000581    0.000861    0.000459
    0.082804    0.002166    0.000644    0.000994    0.000529
    0.089174    0.002448    0.000708    0.001137    0.000603
    0.095543    0.002746    0.000775    0.001289    0.000682
    0.101913    0.003060    0.000845    0.001450    0.000765
    0.108283    0.003390    0.000916    0.001621    0.000854
    0.114652    0.003737    0.000989    0.001801    0.000947
    0.121022    0.004099    0.001064    0.001990    0.001045
    0.127391    0.004478    0.001141    0.002189    0.001148
    0.133761    0.004873    0.001221    0.002397    0.001255
    0.140130    0.005284    0.001302    0.002615    0.001367
    0.146500    0.005711    0.001386    0.002842    0.001484
    0.152870    0.006155    0.001471    0.003078    0.001606
    0.159239    0.006615    0.001559    0.003324    0.001732
    0.165609    0.007091    0.001648    0.003579    0.001863
    0.171978    0.007583    0.001740    0.003843    0.001999
    0.178348    0.008091    0.001834    0.004117    0.002140
    0.184717    0.008615    0.001930    0.004400    0.002285
    0.191087    0.009156    0.002027    0.004693    0.002435
    0.197457    0.009713    0.002127    0.004995    0.002590
    0.203826    0.010286    0.002229    0.005306    0.002750
    0.210196    0.010875    0.002333    0.005627    0.002914
    0.216565    0.011480    0.002440    0.005957    0.003084
    0.222935    0.012102    0.002548    0.006297    0.003257
    0.229304    0.012740    0.002658    0.006646    0.003436
    0.235674    0.013394    0.002770    0.007004    0.003619
    0.242044    0.014064    0.002885    0.007372    0.003808
    0.248413    0.014750    0.003001    0.007749    0.004000
    0.254783    0.015453    0.003120    0.008135    0.004198
    0.261152    0.016171    0.003240    0.008531    0.004400
    0.267522    0.016906    0.003363    0.008936    0.004608
    0.273891    0.017657    0.003487    0.009350    0.004819
    0.280261    0.018425    0.003614    0.009774    0.005036
    0.286630    0.019208    0.003743    0.010208    0.005257
    0.293000    0.020008    0.003874    0.010650    0.005484
    0.299370    0.020823    0.004007    0.011102    0.005714
    0.305739    0.021655    0.004141    0.011564    0.005950
    0.312109    0.022504    0.004278    0.012035    0.006190
    0.318478    0.023368    0.004418    0.012515    0.006436
    0.322710    0.023798    0.004827    0.012377    0.006594
    0.326981    0.024297    0.005255    0.012278    0.006765
    0.331288    0.024865    0.005700    0.012217    0.006947
    0.335631    0.025501    0.006163    0.012196    0.007142
    0.340008    0.026206    0.006644    0.012213    0.007348
    0.344417    0.026979    0.007143    0.012269    0.007567
    0.348859    0.027820    0.007659    0.012364    0.007797
    0.353330    0.028328    0.007983    0.012405    0.007940
    0.357831    0.029273    0.008526    0.012558    0.008188
    0.362359    0.030286    0.009087    0.012750    0.008449
    0.366915    0.031368    0.009666    0.012980    0.008721
    0.371497    0.032518    0.010262    0.013250    0.009006
    0.376104    0.033736    0.010877    0.013558    0.009302
    0.380736    0.035024    0.011509    0.013905    0.009610
    0.385390    0.036379    0.012158    0.014290    0.009930
    0.390067    0.037804    0.012826    0.014715    0.010263
    0.394766    0.039297    0.013511    0.015178    0.010607
    0.399486    0.040858    0.014215    0.015680    0.010963
    0.404226    0.042488    0.014935    0.016221    0.011331
    0.408985    0.044187    0.015674    0.016801    0.011711
    0.413764    0.045954    0.016431    0.017419    0.012103
    0.418560    0.047789    0.017205    0.018077    0.012508
    0.423374    0.049693    0.017997    0.018773    0.012924
    0.428205    0.051666    0.018807    0.019508    0.013352
    0.433053    0.053707    0.019634    0.020281    0.013792
    0.437916    0.055817    0.020480    0.021094    0.014244
    0.442794    0.057995    0.021343    0.021945    0.014707
    0.447688    0.060242    0.022224    0.022835    0.015183
    0.452596    0.062558    0.023123    0.023764    0.015671
    0.457517    0.064941    0.024039    0.024731    0.016171
    0.462453    0.067394    0.024974    0.025738    0.016683
    0.467401    0.069915    0.025926    0.026783    0.017207
    0.472362    0.072505    0.026896    0.027867    0.017742
    0.477335    0.075163    0.027883    0.028989    0.018290
    0.482320    0.077889    0.028889    0.030151    0.018850
    0.487316    0.080685    0.029912    0.031351    0.019421
    0.492323    0.083548    0.030953    0.032590    0.020005
    0.497342    0.086481    0.032012    0.033868    0.020601
    0.502370    0.089481    0.033088    0.035185    0.021208
    0.507409    0.092551    0.034183    0.036540    0.021828
    0.512458    0.095689    0.035295    0.037935    0.022459
    0.517516    0.098895    0.036425    0.039368    0.023103
    0.522584    0.102170    0.037572    0.040840    0.023758
    0.527661    0.105514    0.038738    0.042350    0.024426
    0.532746    0.108926    0.039921    0.043900    0.025105
    0.537840    0.112407    0.041122    0.045488    0.025797
    0.542942    0.115956    0.042341    0.047115    0.026500
    0.548053    0.119573    0.043578    0.048781    0.027215
    0.553171    0.123260    0.044832    0.050485    0.027943
    0.558296    0.127015    0.046104    0.052229    0.028682
    0.563033    0.131029    0.048093    0.053642    0.029293
    0.567776    0.135093    0.050129    0.055059    0.029906
    0.572524    0.139206    0.052210    0.056478    0.030518
    0.577278    0.143368    0.054337    0.057899    0.031131
    0.582038    0.147579    0.056510    0.059323    0.031745
    0.586803    0.151839    0.058729    0.060750    0.032360
    0.591574    0.156148    0.060994    0.062180    0.032974
    0.596350    0.158906    0.062433    0.063101    0.033371
    0.601130    0.163288    0.064767    0.064535    0.033987
    0.605916    0.167720    0.067146    0.065971    0.034603
    0.610707    0.172202    0.069572    0.067410    0.035220
    0.615502    0.176732    0.072044    0.068851    0.035837
    0.620302    0.181311    0.074561    0.070295    0.036455
    0.625106    0.185939    0.077125    0.071741    0.037073
    0.629915    0.190617    0.079734    0.073191    0.037692
    0.634728    0.195344    0.082389    0.074643    0.038312
    0.639546    0.200119    0.085090    0.076097    0.038932
    0.644367    0.204944    0.087838    0.077554    0.039552
    0.649192    0.209818    0.090631    0.079014    0.040174
    0.654022    0.214741    0.093470    0.080476    0.040795
    0.658855    0.219713    0.096355    0.081941    0.041417
    0.663692    0.224735    0.099286    0.083409    0.042040
    0.668533    0.229805    0.102262    0.084879    0.042663
    0.673377    0.234925    0.105285    0.086352    0.043287
    0.678224    0.240093    0.108354    0.087828    0.043911
    0.683076    0.245311    0.111468    0.089306    0.044536
    0.687930    0.250578    0.114629    0.090787    0.045162
    0.692788    0.255894    0.117835    0.092270    0.045788
    0.697649    0.261259    0.121088    0.093757    0.046414
    0.702513    0.266673    0.124386    0.095245    0.047041
    0.707381    0.272136    0.127730    0.096737    0.047669
    0.712251    0.277648    0.131121    0.098231    0.048297
    0.717124    0.283210    0.134557    0.099727    0.048926
    0.722001    0.288820    0.138039    0.101227    0.049555
    0.726880    0.294480    0.141567    0.102729    0.050185
    0.731762    0.300189    0.145141    0.104233    0.050815
    0.736646    0.305946    0.148760    0.105740    0.051446
    0.741534    0.311753    0.152426    0.107250    0.052077
    0.746424    0.317610    0.156138    0.108763    0.052709
    0.751316    0.323515    0.159895    0.110278    0.053341
    0.756211    0.329469    0.163699    0.111796    0.053974
    0.761109    0.335472    0.167548    0.113316    0.054608
    0.766009    0.341525    0.171444    0.114839    0.055242
    0.770911    0.347626    0.175385    0.116365    0.055877
    0.775816    0.353777    0.179372    0.117893    0.056512
    0.780723    0.359977    0.183406    0.119424    0.057148
    0.785632    0.366226    0.187485    0.120957    0.057784
    0.790544    0.372524    0.191610    0.122494    0.058421
    0.795458    0.378871    0.195781    0.124033    0.059058
    0.800373    0.385267    0.199998    0.125574    0.059696
    0.804778    0.391821    0.205134    0.126625    0.060062
    0.809190    0.398374    0.210283    0.127670    0.060422
    0.813610    0.404928    0.215444    0.128707    0.060776
    0.818036    0.411481    0.220617    0.129738    0.061125
    0.822470    0.418033    0.225803    0.130762    0.061468
    0.826910    0.424586    0.231002    0.131779    0.061805
    0.831358    0.431138    0.236212    0.132788    0.062137
    0.835812    0.435370    0.239571    0.133444    0.062354
    0.840272    0.441921    0.244801    0.134444    0.062677
    0.844739    0.448473    0.250043    0.135436    0.062994
    0.849213    0.455024    0.255297    0.136422    0.063305
    0.853693    0.461575    0.260564    0.137401    0.063611
    0.858178    0.468126    0.265843    0.138373    0.063911
    0.862671    0.474677    0.271134    0.139338    0.064205
    0.867169    0.481227    0.276438    0.140296    0.064493
    0.871673    0.487777    0.281755    0.141247    0.064776
    0.876182    0.494327    0.287083    0.142191    0.065053
    0.880698    0.500877    0.292425    0.143128    0.065324
    0.885219    0.507426    0.297778    0.144059    0.065589
    0.889746    0.513975    0.303144    0.144982    0.065849
    0.894278    0.520524    0.308523    0.145898    0.066102
    0.898815    0.527072    0.313914    0.146808    0.066351
    0.903358    0.533621    0.319317    0.147711    0.066593
    0.907906    0.540169    0.324733    0.148607    0.066829
    0.912459    0.546717    0.330161    0.149495    0.067060
    0.917018    0.553264    0.335602    0.150377    0.067285
    0.921581    0.559812    0.341055    0.151252    0.067505
    0.926149    0.566359    0.346520    0.152120    0.067718
    0.930722    0.572905    0.351998    0.152982    0.067926
    0.935300    0.579452    0.357488    0.153836    0.068128
    0.939883    0.585998    0.362991    0.154683    0.068324
    0.944470    0.592545    0.368506    0.155524    0.068515
    0.949061    0.599090    0.374033    0.156357    0.068700
    0.953658    0.605636    0.379573    0.157184    0.068879
    0.958258    0.612181    0.385126    0.158003    0.069052
    0.962863    0.618726    0.390690    0.158816    0.069220
    0.967473    0.625271    0.396268    0.159622    0.069381
    0.972086    0.631816    0.401857    0.160421    0.069537
    0.976704    0.638360    0.407459    0.161213    0.069688
    0.981326    0.644904    0.413074    0.161998    0.069832
    0.985952    0.651448    0.418701    0.162776    0.069971
    0.990582    0.657992    0.424340    0.163548    0.070104
    0.995216    0.664535    0.429992    0.164312    0.070231
    0.999854    0.671078    0.435656    0.165069    0.070353
    1.004496    0.677621    0.441332    0.165820    0.070469
    1.009141    0.684164    0.447021    0.166564    0.070579
    1.013791    0.690706    0.452723    0.167300    0.070683
    1.018444    0.697248    0.458437    0.168030    0.070782
    1.023100    0.703790    0.464163    0.168753    0.070874
    1.027760    0.710332    0.469901    0.169469    0.070961
    1.031780    0.716794    0.476062    0.169743    0.070989
    1.035808    0.723173    0.482144    0.170013    0.071016
    1.039846    0.729469    0.488150    0.170277    0.071042
    1.043893    0.735681    0.494078    0.170536    0.071067
    1.047948    0.741810    0.499929    0.170791    0.071091
    1.052013    0.747856    0.505702    0.171040    0.071113
    1.056086    0.753818    0.511398    0.171285    0.071135
    1.060168    0.757712    0.515117    0.171445    0.071150
    1.064258    0.763549    0.520696    0.171682    0.071170
    1.068356    0.769302    0.526199    0.171914    0.071189
    1.072463    0.774972    0.531624    0.172142    0.071207
    1.076578    0.780559    0.536972    0.172364    0.071224
    1.080702    0.786062    0.542242    0.172581    0.071239
    1.084833    0.791482    0.547435    0.172793    0.071254
    1.088972    0.796819    0.552550    0.173000    0.071268
    1.093119    0.802072    0.557588    0.173203    0.071281
    1.097274    0.807241    0.562549    0.173400    0.071292
    1.101436    0.812327    0.567432    0.173592    0.071303
    1.105606    0.817330    0.572238    0.173779    0.071312
    1.109784    0.822250    0.576967    0.173962    0.071321
    1.113969    0.827086    0.581618    0.174139    0.071328
    1.118161    0.831838    0.586192    0.174312    0.071335
    1.122361    0.836507    0.590688    0.174479    0.071340
    1.126567    0.841093    0.595107    0.174641    0.071344
    1.130781    0.845596    0.599449    0.174799    0.071347
    1.135002    0.850015    0.603713    0.174951    0.071350
    1.139229    0.854350    0.607900    0.175099    0.071351
    1.143464    0.858602    0.612010    0.175242    0.071351
    1.147705    0.862771    0.616042    0.175379    0.071350
    1.151953    0.866856    0.619997    0.175512    0.071348
    1.156208    0.870858    0.623874    0.175640    0.071345
    1.160469    0.874776    0.627674    0.175762    0.071340
    1.164737    0.878612    0.631397    0.175880    0.071335
    1.169011    0.882363    0.635042    0.175993    0.071329
    1.173291    0.886031    0.638610    0.176100    0.071322
    1.177578    0.889616    0.642100    0.176203    0.071313
    1.181871    0.893118    0.645513    0.176301    0.071304
    1.186170    0.896536    0.648849    0.176394    0.071293
    1.190475    0.899870    0.652107    0.176482    0.071282
    1.194786    0.903121    0.655288    0.176565    0.071269
    1.199103    0.906289    0.658391    0.176643    0.071255
    1.203426    0.909374    0.661417    0.176716    0.071241
    1.207754    0.912374    0.664366    0.176784    0.071225
    1.212089    0.915292    0.667238    0.176847    0.071208
    1.216429    0.918126    0.670031    0.176905    0.071190
    1.220775    0.920877    0.672748    0.176958    0.071171
    1.225126    0.923544    0.675387    0.177006    0.071151
    1.229483    0.926128    0.677949    0.177049    0.071130
    1.233845    0.928628    0.680434    0.177087    0.071108
    1.238213    0.931046    0.682841    0.177120    0.071085
    1.242809    0.933724    0.685345    0.177213    0.071165
    1.247410    0.936258    0.687709    0.177306    0.071243
    1.252017    0.938648    0.689931    0.177400    0.071317
    1.256629    0.940895    0.692013    0.177494    0.071388
    1.261247    0.942998    0.693953    0.177589    0.071456
    1.265870    0.944958    0.695752    0.177684    0.071521
    1.270498    0.946773    0.697410    0.177780    0.071583
    1.275132    0.948021    0.698554    0.177842    0.071625
    1.279771    0.949621    0.700001    0.177938    0.071682
    1.284414    0.951077    0.701306    0.178035    0.071736
    1.289063    0.952390    0.702470    0.178133    0.071787
    1.293717    0.953559    0.703493    0.178231    0.071835
    1.298376    0.954584    0.704375    0.178329    0.071879
    1.303039    0.955465    0.705116    0.178428    0.071921
    1.307707    0.956203    0.705716    0.178527    0.071959
    1.312381    0.956797    0.706175    0.178627    0.071995
    1.317058    0.957247    0.706492    0.178728    0.072027
    1.321741    0.957553    0.706669    0.178829    0.072056
    1.326428    0.957716    0.706704    0.178930    0.072082
    1.331120    0.957735    0.706598    0.179032    0.072105
    1.335816    0.957610    0.706351    0.179134    0.072124
    1.340517    0.957342    0.705964    0.179237    0.072141
    1.345222    0.956929    0.705434    0.179341    0.072154
    1.349931    0.956373    0.704764    0.179444    0.072165
    1.354645    0.955674    0.703953    0.179549    0.072172
    1.359363    0.954830    0.703001    0.179654    0.072176
    1.364085    0.953843    0.701907    0.179759    0.072177
    1.368812    0.952712    0.700673    0.179865    0.072175
    1.373543    0.951438    0.699297    0.179971    0.072170
    1.378278    0.950019    0.697780    0.180078    0.072161
    1.383016    0.948457    0.696122    0.180185    0.072150
    1.387759    0.946751    0.694323    0.180293    0.072135
    1.392506    0.944902    0.692383    0.180401    0.072118
    1.397257    0.942908    0.690302    0.180510    0.072097
    1.402012    0.940771    0.688079    0.180619    0.072073
    1.406771    0.938490    0.685716    0.180729    0.072046
    1.411533    0.936066    0.683212    0.180839    0.072015
    1.416299    0.933498    0.680566    0.180950    0.071982
    1.421069    0.930786    0.677779    0.181061    0.071946
    1.425843    0.927930    0.674851    0.181173    0.071906
    1.430620    0.924930    0.671782    0.181285    0.071863
    1.435401    0.921787    0.668572    0.181398    0.071818
    1.440186    0.918500    0.665221    0.181511    0.071769
    1.444974    0.915070    0.661729    0.181624    0.071717
    1.449766    0.911495    0.658095    0.181739    0.071661
    1.454561    0.907777    0.654321    0.181853    0.071603
    1.459360    0.903915    0.650405    0.181968    0.071542
    1.464162    0.899910    0.646349    0.182084    0.071477
    1.468968    0.895760    0.642151    0.182200    0.071409
    1.473777    0.891467    0.637812    0.182317    0.071339
    1.479281    0.885671    0.632873    0.181643    0.071155
    1.484786    0.879835    0.627917    0.180958    0.070960
    1.490292    0.873961    0.622945    0.180262    0.070754
    1.495798    0.868047    0.617957    0.179553    0.070536
    1.501305    0.862094    0.612953    0.178833    0.070308
    1.506812    0.856101    0.607932    0.178102    0.070068
    1.512320    0.850070    0.602894    0.177358    0.069817
    1.517828    0.846195    0.599650    0.176884    0.069661
    1.523337    0.840105    0.594588    0.176124    0.069393
    1.528846    0.833975    0.589510    0.175351    0.069114
    1.534356    0.827806    0.584415    0.174567    0.068824
    1.539866    0.821599    0.579305    0.173771    0.068523
    1.545377    0.815352    0.574178    0.172964    0.068210
    1.550888    0.809065    0.569034    0.172144    0.067887
    1.556400    0.802740    0.563874    0.171314    0.067552
    1.561912    0.796375    0.558698    0.170471    0.067206
    1.567425    0.789972    0.553506    0.169617    0.066849
    1.572938    0.783529    0.548297    0.168751    0.066480
    1.578452    0.777046    0.543072    0.167874    0.066101
    1.583966    0.770525    0.537830    0.166985    0.065710
    1.589481    0.763965    0.532573    0.166084    0.065308
    1.594996    0.757365    0.527299    0.165171    0.064895
    1.600511    0.750726    0.522008    0.164247    0.064470
    1.606027    0.744048    0.516701    0.163312    0.064035
    1.611543    0.737331    0.511378    0.162364    0.063588
    1.617060    0.730574    0.506039    0.161405    0.063130
    1.622577    0.723778    0.500683    0.160434    0.062661
    1.628095    0.716944    0.495311    0.159452    0.062181
    1.633613    0.710069    0.489922    0.158458    0.061690
    1.639131    0.703156    0.484517    0.157452    0.061187
    1.644650    0.696204    0.479096    0.156434    0.060673
    1.650169    0.689212    0.473659    0.155405    0.060148
    1.655689    0.682181    0.468205    0.154365    0.059612
    1.661209    0.675111    0.462735    0.153312    0.059065
    1.666729    0.668002    0.457248    0.152248    0.058506
    1.672250    0.660854    0.451745    0.151172    0.057936
    1.677771    0.653666    0.446226    0.150085    0.057355
    1.683293    0.646440    0.440691    0.148986    0.056763
    1.688815    0.639174    0.435139    0.147875    0.056160
    1.694337    0.631869    0.429571    0.146753    0.055545
    1.699860    0.624524    0.423986    0.145619    0.054920
    1.705383    0.617141    0.418385    0.144473    0.054283
    1.710906    0.609718    0.412768    0.143315    0.053635
    1.716430    0.602256    0.407135    0.142146    0.052975
    1.721954    0.594755    0.401485    0.140966    0.052305
    1.727479    0.587215    0.395819    0.139773    0.051623
    1.733003    0.579636    0.390136    0.138569    0.050931
    1.738529    0.572017    0.384437    0.137353    0.050227
    1.744054    0.564359    0.378722    0.136126    0.049511
    1.749580    0.556662    0.372990    0.134887    0.048785
    1.755333    0.549503    0.369115    0.132641    0.047746
    1.761087    0.542446    0.365299    0.130430    0.046716
    1.766843    0.535490    0.361543    0.128252    0.045695
    1.772601    0.528636    0.357846    0.126109    0.044682
    1.778361    0.521884    0.354208    0.123999    0.043678
    1.784123    0.515234    0.350629    0.121923    0.042682
    1.789886    0.508685    0.347110    0.119881    0.041695
    1.795651    0.504403    0.344806    0.118545    0.041053
    1.801418    0.498007    0.341375    0.116554    0.040078
    1.807187    0.491713    0.338004    0.114596    0.039113
    1.812957    0.485521    0.334692    0.112673    0.038156
    1.818729    0.479430    0.331440    0.110784    0.037207
    1.824502    0.473442    0.328246    0.108929    0.036267
    1.830277    0.467555    0.325112    0.107107    0.035335
    1.836054    0.461770    0.322037    0.105320    0.034412
    1.841832    0.456086    0.319022    0.103566    0.033498
    1.847612    0.450504    0.316066    0.101847    0.032592
    1.853393    0.445025    0.313169    0.100161    0.031695
    1.859176    0.439646    0.310331    0.098509    0.030806
    1.864961    0.434370    0.307553    0.096891    0.029926
    1.870747    0.429196    0.304834    0.095307    0.029055
    1.876534    0.424123    0.302174    0.093757    0.028192
    1.882323    0.419152    0.299573    0.092241    0.027337
    1.888114    0.414283    0.297032    0.090759    0.026492
    1.893906    0.409515    0.294550    0.089311    0.025654
    1.899699    0.404849    0.292127    0.087896    0.024826
    1.905494    0.400285    0.289764    0.086516    0.024006
    1.911291    0.395823    0.287460    0.085170    0.023194
    1.917088    0.391463    0.285215    0.083857    0.022391
    1.922887    0.387204    0.283029    0.082578    0.021597
    1.928688    0.383047    0.280903    0.081334    0.020811
    1.934490    0.378992    0.278836    0.080123    0.020033
    1.940293    0.375039    0.276828    0.078946    0.019265
    1.946098    0.371188    0.274880    0.077803    0.018505
    1.951903    0.367438    0.272991    0.076694    0.017753
    1.957711    0.363790    0.271161    0.075619    0.017010
    1.963519    0.360244    0.269390    0.074578    0.016276
    1.969329    0.356799    0.267679    0.073571    0.015550
    1.975140    0.353457    0.266027    0.072598    0.014832
    1.980953    0.350216    0.264434    0.071658    0.014124
    1.986767    0.347077    0.262901    0.070753    0.013423
    1.992582    0.344039    0.261426    0.069881    0.012732
    1.998398    0.341104    0.260012    0.069044    0.012049
    2.004215    0.338270    0.258656    0.068240    0.011374
    2.010034    0.335538    0.257360    0.067470    0.010708
    2.015854    0.332908    0.256123    0.066734    0.010051
    2.021675    0.330379    0.254945    0.066032    0.009402
    2.027497    0.327953    0.253826    0.065364    0.008762
    2.033321    0.325628    0.252767    0.064730    0.008130
    2.039145    0.323405    0.251767    0.064130    0.007507
    2.044204    0.322076    0.251232    0.063639    0.007204
    2.049265    0.320767    0.250704    0.063157    0.006906
    2.054328    0.319477    0.250182    0.062683    0.006612
    2.059393    0.318206    0.249667    0.062217    0.006323
    2.064461    0.316955    0.249158    0.061759    0.006039
    2.069532    0.315724    0.248655    0.061310    0.005759
    2.074605    0.314511    0.248158    0.060869    0.005484
    2.079680    0.313718    0.247835    0.060580    0.005304
    2.084757    0.312535    0.247348    0.060151    0.005035
    2.089836    0.311371    0.246868    0.059731    0.004772
    2.094918    0.310226    0.246394    0.059320    0.004513
    2.100002    0.309101    0.245926    0.058916    0.004259
    2.105089    0.307995    0.245465    0.058521    0.004009
    2.110177    0.306909    0.245010    0.058134    0.003764
    2.115268    0.305842    0.244562    0.057756    0.003524
    2.120361    0.304794    0.244120    0.057385    0.003288
    2.125456    0.303766    0.243685    0.057024    0.003057
    2.130553    0.302757    0.243256    0.056670    0.002831
    2.135653    0.301767    0.242833    0.056325    0.002609
    2.140754    0.300797    0.242417    0.055988    0.002392
    2.145858    0.299847    0.242007    0.055659    0.002180
    2.150963    0.298915    0.241604    0.055339    0.001972
    2.156071    0.298003    0.241206    0.055027    0.001769
    2.161181    0.297110    0.240816    0.054724    0.001571
    2.166293    0.296237    0.240432    0.054428    0.001377
    2.171407    0.295383    0.240054    0.054142    0.001188
    2.176523    0.294549    0.239682    0.053863    0.001004
    2.181641    0.293734    0.239317    0.053593    0.000824
    2.186761    0.292938    0.238959    0.053331    0.000649
    2.191883    0.292161    0.238606    0.053077    0.000478
    2.197007    0.291404    0.238261    0.052832    0.000312
    2.202132    0.290667    0.237921    0.052595    0.000151
    2.207260    0.289949    0.237588    0.052366   -0.000006
    2.212390    0.289250    0.237262    0.052146   -0.000158
    2.217521    0.288570    0.236941    0.051934   -0.000305
    2.222655    0.287910    0.236628    0.051730   -0.000447
    2.227790    0.287269    0.236320    0.051535   -0.000585
    2.232928    0.286648    0.236019    0.051347   -0.000719
    2.238067    0.286046    0.235725    0.051169   -0.000847
    2.243208    0.285463    0.235436    0.050998   -0.000971
    2.248350    0.284900    0.235155    0.050836   -0.001091
    2.253495    0.284356    0.234879    0.050683   -0.001206
    2.258642    0.283832    0.234610    0.050537   -0.001316
    2.263790    0.283327    0.234348    0.050400   -0.001421
    2.268940    0.282841    0.234092    0.050271   -0.001522
    2.274091    0.282374    0.233842    0.050151   -0.001618
    2.279245    0.281927    0.233598    0.050039   -0.001709
    2.284400    0.281500    0.233361    0.049935   -0.001796
    2.289557    0.281092    0.233131    0.049839   -0.001879
    2.294716    0.280703    0.232907    0.049752   -0.001956
    2.298502    0.279961    0.232807    0.049166   -0.002012
    2.302292    0.279232    0.232708    0.048591   -0.002067
    2.306087    0.278518    0.232612    0.048027   -0.002120
    2.309887    0.277818    0.232516    0.047475   -0.002173
    2.313692    0.277132    0.232423    0.046935   -0.002226
    2.317502    0.276461    0.232331    0.046406   -0.002277
    2.321316    0.275803    0.232241    0.045889   -0.002327
    2.325136    0.275371    0.232182    0.045549   -0.002360
    2.328960    0.274734    0.232094    0.045049   -0.002409
    2.332788    0.274111    0.232008    0.044560   -0.002457
    2.336621    0.273502    0.231923    0.044083   -0.002504
    2.340459    0.272908    0.231840    0.043617   -0.002550
    2.344302    0.272327    0.231759    0.043163   -0.002595
    2.348149    0.271761    0.231680    0.042721   -0.002640
    2.352001    0.271208    0.231602    0.042290   -0.002683
    2.355857    0.270670    0.231525    0.041870   -0.002726
    2.359718    0.270146    0.231451    0.041462   -0.002767
    2.363583    0.269635    0.231378    0.041066   -0.002808
    2.367453    0.269139    0.231306    0.040681   -0.002848
    2.371327    0.268657    0.231237    0.040307   -0.002887
    2.375206    0.268189    0.231168    0.039945   -0.002925
    2.379089    0.267735    0.231102    0.039595   -0.002962
    2.382977    0.267295    0.231037    0.039256   -0.002998
    2.386868    0.266869    0.230974    0.038928   -0.003033
    2.390765    0.266457    0.230912    0.038612   -0.003067
    2.394665    0.266060    0.230852    0.038308   -0.003101
    2.398570    0.265676    0.230794    0.038015   -0.003133
    2.402479    0.265306    0.230737    0.037733   -0.003165
    2.406393    0.264950    0.230682    0.037464   -0.003196
    2.410311    0.264609    0.230629    0.037205   -0.003225
    2.414233    0.264281    0.230577    0.036958   -0.003254
    2.418159    0.263968    0.230527    0.036723   -0.003282
    2.422089    0.263669    0.230479    0.036499   -0.003309
    2.426024    0.263383    0.230432    0.036287   -0.003335
    2.429963    0.263112    0.230387    0.036086   -0.003361
    2.433905    0.262855    0.230343    0.035896   -0.003385
    2.437852    0.262612    0.230301    0.035719   -0.003408
    2.441803    0.262382    0.230261    0.035552   -0.003431
    2.445758    0.262167    0.230222    0.035397   -0.003452
    2.449718    0.261966    0.230185    0.035254   -0.003473
    2.453681    0.261779    0.230150    0.035122   -0.003493
    2.457648    0.261606    0.230116    0.035002   -0.003512
    2.461619    0.261448    0.230084    0.034893   -0.003530
    2.465594    0.261303    0.230054    0.034796   -0.003547
    2.469573    0.261172    0.230025    0.034710   -0.003563
    2.473557    0.261055    0.229998    0.034636   -0.003578
    2.477543    0.260953    0.229972    0.034573   -0.003592
    2.481534    0.260864    0.229948    0.034522   -0.003606
    2.485529    0.260790    0.229926    0.034482   -0.003618
    2.489528    0.260729    0.229905    0.034454   -0.003630
