#Distance(Ang)      E_KS(eV) Potential(eV)
      0.000000      0.000000      0.000000
      0.318478      0.021689      0.023368
      0.594356      0.131277      0.127015
      0.848582      0.406717      0.385267
      1.100474      0.752174      0.710332
      1.353974      0.990912      0.931046
      1.618784      0.943275      0.891467
      1.897725      0.560545      0.556662
      2.199002      0.289284      0.323405
      2.475354      0.248190      0.280703
      2.728168      0.225977      0.260729
