   0.000        -12.04938889        -12.04938889        -12.04938889         -7.09222031         -7.09222031         -7.09222031
   0.054        -11.98075581        -11.98075581        -11.98075581         -7.08738661         -7.08738661         -7.08738661
   0.108        -11.77827930        -11.77827930        -11.77827930         -7.10282803         -7.10282803         -7.10282803
   0.161        -11.45079327        -11.45079327        -11.45079327         -7.13786221         -7.13786221         -7.13786221
   0.215        -11.01282787        -11.01282787        -11.01282787         -7.19117022         -7.19117022         -7.19117022
   0.269        -10.48383999        -10.48383999        -10.48383999         -7.26088381         -7.26088381         -7.26088381
   0.323         -9.88663960         -9.88663960         -9.88663960         -7.34468317         -7.34468317         -7.34468317
   0.376         -9.24524307         -9.24524307         -9.24524307         -7.43990326         -7.43990326         -7.43990326
   0.430         -8.58259392         -8.58259392         -8.58259392         -7.54362059         -7.54362059         -7.54362059
   0.484         -7.91875267         -7.91875267         -7.91875267         -7.65274620         -7.65274620         -7.65274620
   0.538         -7.26984024         -7.26984024         -7.26984024         -7.76410532         -7.76410532         -7.76410532
   0.591         -6.64800119         -6.64800119         -6.64800119         -7.87453461         -7.87453461         -7.87453461
   0.645         -6.06308031         -6.06308031         -6.06308031         -7.98098373         -7.98098373         -7.98098373
   0.699         -5.52338409         -5.52338409         -5.52338409         -8.08061981         -8.08061981         -8.08061981
   0.753         -5.03715849         -5.03715849         -5.03715849         -8.17091656         -8.17091656         -8.17091656
   0.807         -4.61310482         -4.61310482         -4.61310482         -8.24971962         -8.24971962         -8.24971962
   0.860         -4.26038742         -4.26038742         -4.26038742         -8.31527519         -8.31527519         -8.31527519
   0.914         -3.98793077         -3.98793077         -3.98793077         -8.36622715         -8.36622715         -8.36622715
   0.968         -3.80361581         -3.80361581         -3.80361581         -8.40157890         -8.40157890         -8.40157890
   1.022         -3.71322680         -3.71322680         -3.71322680         -8.42066765         -8.42066765         -8.42066765
   1.075         -3.71976781         -3.71976781         -3.71976781         -8.42311382         -8.42311382         -8.42311382
   1.129         -3.82298303         -3.82298303         -3.82298303         -8.40880585         -8.40880585         -8.40880585
   1.183         -4.01953268         -4.01953268         -4.01953268         -8.37789249         -8.37789249         -8.37789249
   1.237         -4.30320454         -4.30320454         -4.30320454         -8.33078575         -8.33078575         -8.33078575
   1.290         -4.66598654         -4.66598654         -4.66598654         -8.26819706         -8.26819706         -8.26819706
   1.344         -5.09885311         -5.09885311         -5.09885311         -8.19116497         -8.19116497         -8.19116497
   1.398         -5.59269571         -5.59269571         -5.59269571         -8.10110378         -8.10110378         -8.10110378
   1.452         -6.13883829         -6.13883829         -6.13883829         -7.99981880         -7.99981880         -7.99981880
   1.506         -6.72906256         -6.72906256         -6.72906256         -7.88951683         -7.88951683         -7.88951683
   1.559         -7.35496616         -7.35496616         -7.35496616         -7.77277088         -7.77277088         -7.77277088
   1.613         -8.00658512         -8.00658512         -8.00658512         -7.65245152         -7.65245152         -7.65245152
   1.667         -8.67105484         -8.67105484         -8.67105484         -7.53163004         -7.53163004         -7.53163004
   1.721         -9.33186436         -9.33186436         -9.33186436         -7.41347647         -7.41347647         -7.41347647
   1.774         -9.96844101         -9.96844101         -9.96844101         -7.30584526         -7.30584526         -7.30584526
   1.828        -10.55757904        -10.55757904        -10.55757904         -7.20712423         -7.20712423         -7.20712423
   1.882        -11.07519722        -11.07519722        -11.07519722         -7.12020302         -7.12020302         -7.12020302
   1.936        -11.49895287        -11.49895287        -11.49895287         -7.04770613         -7.04770613         -7.04770613
   1.989        -11.80990887        -11.80990887        -11.80990887         -6.99189854         -6.99189854         -6.99189854
   2.043        -11.99436855        -11.99436855        -11.99436855         -6.95457983         -6.95457983         -6.95457983
   2.097        -12.04409790        -12.04409790        -12.04409790         -6.93698454         -6.93698454         -6.93698454
   2.151        -11.95705414        -11.95705414        -11.95705414         -6.93970585         -6.93970585         -6.93970585
   2.205        -11.73693085        -11.73693085        -11.73693085         -6.96265030         -6.96265030         -6.96265030
   2.258        -11.39345169        -11.39345169        -11.39345169         -7.00504303         -7.00504303         -7.00504303
   2.312        -10.94190502        -10.94190502        -10.94190502         -7.06548405         -7.06548405         -7.06548405
   2.366        -10.40234852        -10.40234852        -10.40234852         -7.14203930         -7.14203930         -7.14203930
   2.420         -9.79781055         -9.79781055         -9.79781055         -7.23233604         -7.23233604         -7.23233604
   2.473         -9.15229988         -9.15229988         -9.15229988         -7.33366776         -7.33366776         -7.33366776
   2.527         -8.48851204         -8.48851204         -8.48851204         -7.44308233         -7.44308233         -7.44308233
   2.581         -7.82592010         -7.82592010         -7.82592010         -7.55747557         -7.55747557         -7.55747557
   2.635         -7.18006372         -7.18006372         -7.18006372         -7.67366838         -7.67366838         -7.67366838
   2.688         -6.56290150         -6.56290150         -6.56290150         -7.78850698         -7.78850698         -7.78850698
   2.742         -5.98375130         -5.98375130         -5.98375130         -7.89896488         -7.89896488         -7.89896488
   2.796         -5.45093441         -5.45093441         -5.45093441         -8.00224495         -8.00224495         -8.00224495
   2.850         -4.97272682         -4.97272682         -4.97272682         -8.09586811         -8.09586811         -8.09586811
   2.904         -4.55796814         -4.55796814         -4.55796814         -8.17773533         -8.17773533         -8.17773533
   2.957         -4.21573019         -4.21573019         -4.21573019         -8.24614525         -8.24614525         -8.24614525
   3.011         -3.95497274         -3.95497274         -3.95497274         -8.29979515         -8.29979515         -8.29979515
   3.065         -3.78327227         -3.78327227         -3.78327227         -8.33773899         -8.33773899         -8.33773899
   3.119         -3.70608759         -3.70608759         -3.70608759         -8.35934925         -8.35934925         -8.35934925
   3.172         -3.72600079         -3.72600079         -3.72600079         -8.36428642         -8.36428642         -8.36428642
   3.226         -3.84229708         -3.84229708         -3.84229708         -8.35247517         -8.35247517         -8.35247517
   3.280         -4.05120707         -4.05120707         -4.05120707         -8.32409763         -8.32409763         -8.32409763
   3.334         -4.34627104         -4.34627104         -4.34627104         -8.27960777         -8.27960777         -8.27960777
   3.388         -4.71923494         -4.71923494         -4.71923494         -8.21975422         -8.21975422         -8.21975422
   3.441         -5.16103888         -5.16103888         -5.16103888         -8.14563179         -8.14563179         -8.14563179
   3.495         -5.66256714         -5.66256714         -5.66256714         -8.05869961         -8.05869961         -8.05869961
   3.549         -6.21535349         -6.21535349         -6.21535349         -7.96082163         -7.96082163         -7.96082163
   3.603         -6.81100798         -6.81100798         -6.81100798         -7.85425758         -7.85425758         -7.85425758
   3.656         -7.44113779         -7.44113779         -7.44113779         -7.74162579         -7.74162579         -7.74162579
   3.710         -8.09543514         -8.09543514         -8.09543514         -7.62582827         -7.62582827         -7.62582827
   3.764         -8.76056576         -8.76056576         -8.76056576         -7.50995827         -7.50995827         -7.50995827
   3.818         -9.41940594         -9.41940594         -9.41940594         -7.39719009         -7.39719009         -7.39719009
   3.871        -10.05101585        -10.05101585        -10.05101585         -7.29068470         -7.29068470         -7.29068470
   3.925        -10.63188839        -10.63188839        -10.63188839         -7.19349480         -7.19349480         -7.19349480
   3.979        -11.13806248        -11.13806248        -11.13806248         -7.10847950         -7.10847950         -7.10847950
   4.033        -11.54753304        -11.54753304        -11.54753304         -7.03822279         -7.03822279         -7.03822279
   4.087        -11.84210873        -11.84210873        -11.84210873         -6.98492956         -6.98492956         -6.98492956
   4.140        -12.00859356        -12.00859356        -12.00859356         -6.95032835         -6.95032835         -6.95032835
   4.194        -12.03969574        -12.03969574        -12.03969574         -6.93557072         -6.93557072         -6.93557072
   4.248        -11.93427467        -11.93427467        -11.93427467         -6.94115591         -6.94115591         -6.94115591
   4.302        -11.69670391        -11.69670391        -11.69670391         -6.96689606         -6.96689606         -6.96689606
   4.355        -11.33763123        -11.33763123        -11.33763123         -7.01192808         -7.01192808         -7.01192808
   4.409        -10.87288284        -10.87288284        -10.87288284         -7.07477474         -7.07477474         -7.07477474
   4.463        -10.32312298        -10.32312298        -10.32312298         -7.15343237         -7.15343237         -7.15343237
   4.517         -9.71168137         -9.71168137         -9.71168137         -7.24547815         -7.24547815         -7.24547815
   4.570         -9.06248093         -9.06248093         -9.06248093         -7.34816456         -7.34816456         -7.34816456
   4.624         -8.39782715         -8.39782715         -8.39782715         -7.45851755         -7.45851755         -7.45851755
   4.678         -7.73681974         -7.73681974         -7.73681974         -7.57341242         -7.57341242         -7.57341242
   4.732         -7.09433365         -7.09433365         -7.09433365         -7.68967056         -7.68967056         -7.68967056
   4.786         -6.48192310         -6.48192310         -6.48192310         -7.80414772         -7.80414772         -7.80414772
   4.839         -5.90869808         -5.90869808         -5.90869808         -7.91384029         -7.91384029         -7.91384029
   4.893         -5.38292933         -5.38292933         -5.38292933         -8.01598930         -8.01598930         -8.01598930
   4.947         -4.91290951         -4.91290951         -4.91290951         -8.10816669         -8.10816669         -8.10816669
   5.001         -4.50758839         -4.50758839         -4.50758839         -8.18832207         -8.18832207         -8.18832207
   5.054         -4.17609692         -4.17609692         -4.17609692         -8.25481129         -8.25481129         -8.25481129
   5.108         -3.92715192         -3.92715192         -3.92715192         -8.30637741         -8.30637741         -8.30637741
   5.162         -3.76815009         -3.76815009         -3.76815009         -8.34212017         -8.34212017         -8.34212017
   5.216         -3.70422673         -3.70422673         -3.70422673         -8.36145210         -8.36145210         -8.36145210
   5.269         -3.73745465         -3.73745465         -3.73745465         -8.36406994         -8.36406994         -8.36406994
   5.323         -3.86674643         -3.86674643         -3.86674643         -8.34992886         -8.34992886         -8.34992886
   5.377         -4.08793116         -4.08793116         -4.08793116         -8.31924820         -8.31924820         -8.31924820
   5.431         -4.39424515         -4.39424515         -4.39424515         -8.27251816         -8.27251816         -8.27251816
   5.485         -4.77722597         -4.77722597         -4.77722597         -8.21053028         -8.21053028         -8.21053028
   5.538         -5.22776890         -5.22776890         -5.22776890         -8.13442230         -8.13442230         -8.13442230
   5.592         -5.73686504         -5.73686504         -5.73686504         -8.04570961         -8.04570961         -8.04570961
   5.646         -6.29601574         -6.29601574         -6.29601574         -7.94631052         -7.94631052         -7.94631052
   5.700         -6.89701700         -6.89701700         -6.89701700         -7.83853197         -7.83853197         -7.83853197
   5.753         -7.53113842         -7.53113842         -7.53113842         -7.72503614         -7.72503614         -7.72503614
   5.807         -8.18785572         -8.18785572         -8.18785572         -7.60875559         -7.60875559         -7.60875559
   5.861         -8.85329151         -8.85329151         -8.85329151         -7.49279785         -7.49279785         -7.49279785
   5.915         -9.50974369         -9.50974369         -9.50974369         -7.38034153         -7.38034153         -7.38034153
   5.968        -10.13588428        -10.13588428        -10.13588428         -7.27453852         -7.27453852         -7.27453852
   6.022        -10.70798206        -10.70798206        -10.70798206         -7.17841625         -7.17841625         -7.17841625
   6.076        -11.20225334        -11.20225334        -11.20225334         -7.09480429         -7.09480429         -7.09480429
   6.130        -11.59699249        -11.59699249        -11.59699249         -7.02623892         -7.02623892         -7.02623892
   6.184        -11.87465000        -11.87465000        -11.87465000         -6.97487068         -6.97487068         -6.97487068
   6.237        -12.02284527        -12.02284527        -12.02284527         -6.94235611         -6.94235611         -6.94235611
   6.291        -12.03531551        -12.03531551        -12.03531551         -6.92976522         -6.92976522         -6.92976522
   6.345        -11.91123962        -11.91123962        -11.91123962         -6.93750954         -6.93750954         -6.93750954
   6.399        -11.65628433        -11.65628433        -11.65628433         -6.96531248         -6.96531248         -6.96531248
   6.452        -11.28150368        -11.28150368        -11.28150368         -7.01222658         -7.01222658         -7.01222658
   6.506        -10.80357552        -10.80357552        -10.80357552         -7.07670164         -7.07670164         -7.07670164
   6.560        -10.24368763        -10.24368763        -10.24368763         -7.15667486         -7.15667486         -7.15667486
   6.614         -9.62528610         -9.62528610         -9.62528610         -7.24967813         -7.24967813         -7.24967813
   6.667         -8.97224903         -8.97224903         -8.97224903         -7.35292959         -7.35292959         -7.35292959
   6.721         -8.30651569         -8.30651569         -8.30651569         -7.46342897         -7.46342897         -7.46342897
   6.775         -7.64654112         -7.64654112         -7.64654112         -7.57804203         -7.57804203         -7.57804203
   6.829         -7.00674915         -7.00674915         -7.00674915         -7.69358444         -7.69358444         -7.69358444
   6.883         -6.39830065         -6.39830065         -6.39830065         -7.80692673         -7.80692673         -7.80692673
   6.936         -5.83010530         -5.83010530         -5.83010530         -7.91509295         -7.91509295         -7.91509295
   6.990         -5.31036043         -5.31036043         -5.31036043         -8.01536083         -8.01536083         -8.01536083
   7.044         -4.84747791         -4.84747791         -4.84747791         -8.10534668         -8.10534668         -8.10534668
   7.098         -4.45038605         -4.45038605         -4.45038605         -8.18305588         -8.18305588         -8.18305588
   7.151         -4.12823439         -4.12823439         -4.12823439         -8.24689007         -8.24689007         -8.24689007
   7.205         -3.88966441         -3.88966441         -3.88966441         -8.29563522         -8.29563522         -8.29563522
   7.259         -3.74180341         -3.74180341         -3.74180341         -8.32842445         -8.32842445         -8.32842445
   7.313         -3.68937922         -3.68937922         -3.68937922         -8.34470463         -8.34470463         -8.34470463
   7.366         -3.73407245         -3.73407245         -3.73407245         -8.34419060         -8.34419060         -8.34419060
   7.420         -3.87432718         -3.87432718         -3.87432718         -8.32686424         -8.32686424         -8.32686424
   7.474         -4.10558414         -4.10558414         -4.10558414         -8.29296684         -8.29296684         -8.29296684
   7.528         -4.42080450         -4.42080450         -4.42080450         -8.24301624         -8.24301624         -8.24301624
   7.582         -4.81141520         -4.81141520         -4.81141520         -8.17783833         -8.17783833         -8.17783833
   7.635         -5.26829433         -5.26829433         -5.26829433         -8.09860706         -8.09860706         -8.09860706
   7.689         -5.78244734         -5.78244734         -5.78244734         -8.00688648         -8.00688648         -8.00688648
   7.743         -6.34555578         -6.34555578         -6.34555578         -7.90464115         -7.90464115         -7.90464115
   7.797         -6.94947672         -6.94947672         -6.94947672         -7.79422760         -7.79422760         -7.79422760
   7.850         -7.58531141         -7.58531141         -7.58531141         -7.67834520         -7.67834520         -7.67834520
   7.904         -8.24219036         -8.24219036         -8.24219036         -7.55995989         -7.55995989         -7.55995989
   7.958         -8.90587997         -8.90587997         -8.90587997         -7.44219685         -7.44219685         -7.44219685
   8.012         -9.55810452         -9.55810452         -9.55810452         -7.32824373         -7.32824373         -7.32824373
   8.065        -10.17720795        -10.17720795        -10.17720795         -7.22124290         -7.22124290         -7.22124290
   8.119        -10.73932743        -10.73932743        -10.73932743         -7.12421465         -7.12421465         -7.12421465
   8.173        -11.22072601        -11.22072601        -11.22072601         -7.03996229         -7.03996229         -7.03996229
   8.227        -11.60023308        -11.60023308        -11.60023308         -6.97099018         -6.97099018         -6.97099018
   8.281        -11.86088943        -11.86088943        -11.86088943         -6.91940022         -6.91940022         -6.91940022
   8.334        -11.99100780        -11.99100780        -11.99100780         -6.88678932         -6.88678932         -6.88678932
   8.388        -11.98493576        -11.98493576        -11.98493576         -6.87415218         -6.87415218         -6.87415218
   8.442        -11.84279919        -11.84279919        -11.84279919         -6.88181925         -6.88181925         -6.88181925
   8.496        -11.57081223        -11.57081223        -11.57081223         -6.90942335         -6.90942335         -6.90942335
   8.549        -11.18106174        -11.18106174        -11.18106174         -6.95592976         -6.95592976         -6.95592976
   8.603        -10.69077110        -10.69077110        -10.69077110         -7.01970434         -7.01970434         -7.01970434
   8.657        -10.12137318        -10.12137318        -10.12137318         -7.09860182         -7.09860182         -7.09860182
   8.711         -9.49659920         -9.49659920         -9.49659920         -7.19007683         -7.19007683         -7.19007683
   8.765         -8.84012890         -8.84012890         -8.84012890         -7.29128361         -7.29128361         -7.29128361
   8.818         -8.17331314         -8.17331314         -8.17331314         -7.39915657         -7.39915657         -7.39915657
   8.872         -7.51389742         -7.51389742         -7.51389742         -7.51051044         -7.51051044         -7.51051044
   8.926         -6.87578344         -6.87578344         -6.87578344         -7.62212515         -7.62212515         -7.62212515
   8.980         -6.26964378         -6.26964378         -6.26964378         -7.73085260         -7.73085260         -7.73085260
   9.033         -5.70401287         -5.70401287         -5.70401287         -7.83371258         -7.83371258         -7.83371258
   9.087         -5.18716240         -5.18716240         -5.18716240         -7.92799759         -7.92799759         -7.92799759
   9.141         -4.72760916         -4.72760916         -4.72760916         -8.01134682         -8.01134682         -8.01134682
   9.195         -4.33426523         -4.33426523         -4.33426523         -8.08178711         -8.08178711         -8.08178711
   9.248         -4.01639700         -4.01639700         -4.01639700         -8.13773727         -8.13773727         -8.13773727
   9.302         -3.78253341         -3.78253341         -3.78253341         -8.17798519         -8.17798519         -8.17798519
   9.356         -3.63962245         -3.63962245         -3.63962245         -8.20164108         -8.20164108         -8.20164108
   9.410         -3.59215045         -3.59215045         -3.59215045         -8.20810509         -8.20810509         -8.20810509
   9.464         -3.64150405         -3.64150405         -3.64150405         -8.19702244         -8.19702244         -8.19702244
   9.517         -3.78581071         -3.78581071         -3.78581071         -8.16826344         -8.16826344         -8.16826344
   9.571         -4.02031040         -4.02031040         -4.02031040         -8.12192631         -8.12192631         -8.12192631
   9.625         -4.33781958         -4.33781958         -4.33781958         -8.05834579         -8.05834579         -8.05834579
   9.679         -4.72981358         -4.72981358         -4.72981358         -7.97812223         -7.97812223         -7.97812223
   9.732         -5.18725443         -5.18725443         -5.18725443         -7.88215828         -7.88215828         -7.88215828
   9.786         -5.70145226         -5.70145226         -5.70145226         -7.77170038         -7.77170038         -7.77170038
   9.840         -6.26411438         -6.26411438         -6.26411438         -7.64835072         -7.64835072         -7.64835072
   9.894         -6.86728811         -6.86728811         -6.86728811         -7.51407433         -7.51407433         -7.51407433
   9.947         -7.50181723         -7.50181723         -7.50181723         -7.37115765         -7.37115765         -7.37115765
  10.001         -8.15656090         -8.15656090         -8.15656090         -7.22214222         -7.22214222         -7.22214222
  10.055         -8.81652355         -8.81652355         -8.81652355         -7.06974745         -7.06974745         -7.06974745
  10.109         -9.46292591         -9.46292591         -9.46292591         -6.91677475         -6.91677475         -6.91677475
  10.163        -10.07319641        -10.07319641        -10.07319641         -6.76601934         -6.76601934         -6.76601934
  10.216        -10.62295818        -10.62295818        -10.62295818         -6.62017584         -6.62017584         -6.62017584
  10.270        -11.08828163        -11.08828163        -11.08828163         -6.48174095         -6.48174095         -6.48174095
  10.324        -11.44776726        -11.44776726        -11.44776726         -6.35290861         -6.35290861         -6.35290861
  10.378        -11.68455029        -11.68455029        -11.68455029         -6.23547316         -6.23547316         -6.23547316
  10.431        -11.78758526        -11.78758526        -11.78758526         -6.13073349         -6.13073349         -6.13073349
  10.485        -11.75135708        -11.75135708        -11.75135708         -6.03944254         -6.03944254         -6.03944254
  10.539        -11.57703590        -11.57703590        -11.57703590         -5.96179581         -5.96179581         -5.96179581
  10.593        -11.27157784        -11.27157784        -11.27157784         -5.89747667         -5.89747667         -5.89747667
  10.646        -10.84821320        -10.84821320        -10.84821320         -5.84573078         -5.84573078         -5.84573078
  10.700        -10.32486343        -10.32486343        -10.32486343         -5.80546141         -5.80546141         -5.80546141
  10.754         -9.72361851         -9.72361851         -9.72361851         -5.77531815         -5.77531815         -5.77531815
  10.808         -9.06846046         -9.06846046         -9.06846046         -5.75377035         -5.75377035         -5.75377035
  10.862         -8.38251591         -8.38251591         -8.38251591         -5.73915768         -5.73915768         -5.73915768
  10.915         -7.68642044         -7.68642044         -7.68642044         -5.72972202         -5.72972202         -5.72972202
  10.969         -6.99662638         -6.99662638         -6.99662638         -5.72364569         -5.72364569         -5.72364569
  11.023         -6.32545042         -6.32545042         -6.32545042         -5.71907949         -5.71907949         -5.71907949
  11.077         -5.68196917         -5.68196917         -5.68196917         -5.71418190         -5.71418190         -5.71418190
  11.130         -5.07309151         -5.07309151         -5.07309151         -5.70715809         -5.70715809         -5.70715809
  11.184         -4.50500965         -4.50500965         -4.50500965         -5.69629431         -5.69629431         -5.69629431
  11.238         -3.98393393         -3.98393393         -3.98393393         -5.67998934         -5.67998934         -5.67998934
  11.292         -3.51617646         -3.51617646         -3.51617646         -5.65677500         -5.65677500         -5.65677500
  11.345         -3.10786295         -3.10786295         -3.10786295         -5.62533855         -5.62533855         -5.62533855
  11.399         -2.76420569         -2.76420569         -2.76420569         -5.58453083         -5.58453083         -5.58453083
  11.453         -2.48873591         -2.48873591         -2.48873591         -5.53337717         -5.53337717         -5.53337717
  11.507         -2.28285456         -2.28285456         -2.28285456         -5.47107887         -5.47107887         -5.47107887
  11.561         -2.14564490         -2.14564490         -2.14564490         -5.39700747         -5.39700747         -5.39700747
  11.614         -2.07402825         -2.07402825         -2.07402825         -5.31069899         -5.31069899         -5.31069899
  11.668         -2.06327462         -2.06327462         -2.06327462         -5.21184778         -5.21184778         -5.21184778
  11.722         -2.10759759         -2.10759759         -2.10759759         -5.10032368         -5.10032368         -5.10032368
  11.776         -2.20078611         -2.20078611         -2.20078611         -4.97618961         -4.97618961         -4.97618961
  11.829         -2.33658504         -2.33658504         -2.33658504         -4.83975124         -4.83975124         -4.83975124
  11.883         -2.50878835         -2.50878835         -2.50878835         -4.69160223         -4.69160223         -4.69160223
  11.937         -2.71096325         -2.71096325         -2.71096325         -4.53267336         -4.53267336         -4.53267336
  11.991         -2.93582273         -2.93582273         -2.93582273         -4.36424780         -4.36424780         -4.36424780
  12.044         -3.17486095         -3.17486095         -3.17486095         -4.18795443         -4.18795443         -4.18795443
  12.098         -3.41801691         -3.41801691         -3.41801691         -4.00571680         -4.00571680         -4.00571680
  12.152         -3.65396571         -3.65396571         -3.65396571         -3.81969047         -3.81969047         -3.81969047
  12.206         -3.87076235         -3.87076235         -3.87076235         -3.63216352         -3.63216352         -3.63216352
  12.260         -4.05688667         -4.05688667         -4.05688667         -3.44547248         -3.44547248         -3.44547248
  12.313         -4.20215321         -4.20215321         -4.20215321         -3.26189470         -3.26189470         -3.26189470
  12.367         -4.29853868         -4.29853868         -4.29853868         -3.08355212         -3.08355212         -3.08355212
  12.421         -4.34044647         -4.34044647         -4.34044647         -2.91230893         -2.91230893         -2.91230893
  12.475         -4.32498503         -4.32498503         -4.32498503         -2.74969625         -2.74969625         -2.74969625
  12.528         -4.25194311         -4.25194311         -4.25194311         -2.59685183         -2.59685183         -2.59685183
  12.582         -4.12372160         -4.12372160         -4.12372160         -2.45449257         -2.45449257         -2.45449257
  12.636         -3.94536543         -3.94536543         -3.94536543         -2.32293940         -2.32293940         -2.32293940
  12.690         -3.72414589         -3.72414589         -3.72414589         -2.20216274         -2.20216274         -2.20216274
  12.743         -3.46908998         -3.46908998         -3.46908998         -2.09186101         -2.09186101         -2.09186101
  12.797         -3.19010162         -3.19010162         -3.19010162         -1.99153423         -1.99153423         -1.99153423
  12.851         -2.89689350         -2.89689350         -2.89689350         -1.90054786         -1.90054786         -1.90054786
  12.905         -2.59796357         -2.59796357         -2.59796357         -1.81817377         -1.81817377         -1.81817377
  12.959         -2.30012321         -2.30012321         -2.30012321         -1.74361277         -1.74361277         -1.74361277
  13.012         -2.00836253         -2.00836253         -2.00836253         -1.67599988         -1.67599988         -1.67599988
  13.066         -1.72612345         -1.72612345         -1.72612345         -1.61440730         -1.61440730         -1.61440730
  13.120         -1.45599222         -1.45599222         -1.45599222         -1.55784583         -1.55784583         -1.55784583
  13.174         -1.20015907         -1.20015907         -1.20015907         -1.50527561         -1.50527561         -1.50527561
  13.227         -0.96084207         -0.96084207         -0.96084207         -1.45562601         -1.45562601         -1.45562601
  13.281         -0.74032402         -0.74032402         -0.74032402         -1.40782213         -1.40782213         -1.40782213
  13.335         -0.54083657         -0.54083657         -0.54083657         -1.36081612         -1.36081612         -1.36081612
  13.389         -0.36428338         -0.36428338         -0.36428338         -1.31361759         -1.31361759         -1.31361759
  13.442         -0.21198270         -0.21198270         -0.21198270         -1.26531923         -1.26531923         -1.26531923
  13.496         -0.08446541         -0.08446541         -0.08446541         -1.21511316         -1.21511316         -1.21511316
  13.550          0.01858459          0.01858459          0.01858459         -1.16229951         -1.16229951         -1.16229951
  13.604          0.09825335          0.09825335          0.09825335         -1.10628724         -1.10628724         -1.10628724
  13.658          0.15621568          0.15621568          0.15621568         -1.04659379         -1.04659379         -1.04659379
  13.711          0.19452335          0.19452335          0.19452335         -0.98284656         -0.98284656         -0.98284656
  13.765          0.21540911          0.21540911          0.21540911         -0.91479427         -0.91479427         -0.91479427
  13.819          0.22117500          0.22117500          0.22117500         -0.84232467         -0.84232467         -0.84232467
  13.873          0.21416324          0.21416324          0.21416324         -0.76548529         -0.76548529         -0.76548529
  13.926          0.19684616          0.19684616          0.19684616         -0.68450207         -0.68450207         -0.68450207
  13.980          0.17191601          0.17191601          0.17191601         -0.59978753         -0.59978753         -0.59978753
  14.034          0.14235520          0.14235520          0.14235520         -0.51193410         -0.51193410         -0.51193410
  14.088          0.11139576          0.11139576          0.11139576         -0.42169300         -0.42169300         -0.42169300
  14.141          0.08235385          0.08235385          0.08235385         -0.32994106         -0.32994106         -0.32994106
  14.195          0.05843841          0.05843841          0.05843841         -0.23764272         -0.23764272         -0.23764272
  14.249          0.04250872          0.04250872          0.04250872         -0.14580761         -0.14580761         -0.14580761
  14.303          0.03689432          0.03689432          0.03689432         -0.05544773         -0.05544773         -0.05544773
  14.357          0.04329129          0.04329129          0.04329129          0.03246574          0.03246574          0.03246574
  14.410          0.06269579          0.06269579          0.06269579          0.11704524          0.11704524          0.11704524
  14.464          0.09543860          0.09543860          0.09543860          0.19752391          0.19752391          0.19752391
  14.518          0.14115894          0.14115894          0.14115894          0.27328557          0.27328557          0.27328557
  14.572          0.19884285          0.19884285          0.19884285          0.34387970          0.34387970          0.34387970
  14.625          0.26689968          0.26689968          0.26689968          0.40901837          0.40901837          0.40901837
  14.679          0.34328544          0.34328544          0.34328544          0.46855697          0.46855697          0.46855697
  14.733          0.42574733          0.42574733          0.42574733          0.52246594          0.52246594          0.52246594
  14.787          0.51207286          0.51207286          0.51207286          0.57080179          0.57080179          0.57080179
  14.841          0.60028821          0.60028821          0.60028821          0.61368239          0.61368239          0.61368239
  14.894          0.68884027          0.68884027          0.68884027          0.65127635          0.65127635          0.65127635
  14.948          0.77659214          0.77659214          0.77659214          0.68380183          0.68380183          0.68380183
  15.002          0.86274230          0.86274230          0.86274230          0.71153241          0.71153241          0.71153241
  15.056          0.94667697          0.94667697          0.94667697          0.73480666          0.73480666          0.73480666
  15.109          1.02782500          1.02782500          1.02782500          0.75403184          0.75403184          0.75403184
  15.163          1.10559082          1.10559082          1.10559082          0.76968187          0.76968187          0.76968187
  15.217          1.17929244          1.17929244          1.17929244          0.78228682          0.78228682          0.78228682
  15.271          1.24819899          1.24819899          1.24819899          0.79241532          0.79241532          0.79241532
  15.324          1.31158638          1.31158638          1.31158638          0.80065387          0.80065387          0.80065387
  15.378          1.36886597          1.36886597          1.36886597          0.80758518          0.80758518          0.80758518
  15.432          1.41951823          1.41951823          1.41951823          0.81376934          0.81376934          0.81376934
  15.486          1.46319425          1.46319425          1.46319425          0.81972724          0.81972724          0.81972724
  15.540          1.49969840          1.49969840          1.49969840          0.82592827          0.82592827          0.82592827
  15.593          1.52896667          1.52896667          1.52896667          0.83277994          0.83277994          0.83277994
  15.647          1.55097842          1.55097842          1.55097842          0.84062123          0.84062123          0.84062123
  15.701          1.56573629          1.56573629          1.56573629          0.84971625          0.84971625          0.84971625
  15.755          1.57327378          1.57327378          1.57327378          0.86025143          0.86025143          0.86025143
  15.808          1.57358837          1.57358837          1.57358837          0.87233502          0.87233502          0.87233502
  15.862          1.56664479          1.56664479          1.56664479          0.88599974          0.88599974          0.88599974
  15.916          1.55245960          1.55245960          1.55245960          0.90120810          0.90120810          0.90120810
  15.970          1.53109503          1.53109503          1.53109503          0.91786110          0.91786110          0.91786110
  16.023          1.50274706          1.50274706          1.50274706          0.93580663          0.93580663          0.93580663
  16.077          1.46772206          1.46772206          1.46772206          0.95485002          0.95485002          0.95485002
  16.131          1.42648685          1.42648685          1.42648685          0.97476262          0.97476262          0.97476262
  16.185          1.37965798          1.37965798          1.37965798          0.99529201          0.99529201          0.99529201
  16.239          1.32792306          1.32792306          1.32792306          1.01617110          1.01617110          1.01617110
  16.292          1.27198064          1.27198064          1.27198064          1.03712857          1.03712857          1.03712857
  16.346          1.21250522          1.21250522          1.21250522          1.05789983          1.05789983          1.05789983
  16.400          1.15005398          1.15005398          1.15005398          1.07823789          1.07823789          1.07823789
  16.454          1.08512938          1.08512938          1.08512938          1.09792352          1.09792352          1.09792352
  16.507          1.01823533          1.01823533          1.01823533          1.11677158          1.11677158          1.11677158
  16.561          0.95002931          0.95002931          0.95002931          1.13463295          1.13463295          1.13463295
  16.615          0.88146657          0.88146657          0.88146657          1.15139556          1.15139556          1.15139556
  16.669          0.81391579          0.81391579          0.81391579          1.16697860          1.16697860          1.16697860
  16.722          0.74922377          0.74922377          0.74922377          1.18132961          1.18132961          1.18132961
  16.776          0.68957525          0.68957525          0.68957525          1.19441903          1.19441903          1.19441903
  16.830          0.63732326          0.63732326          0.63732326          1.20623851          1.20623851          1.20623851
  16.884          0.59473443          0.59473443          0.59473443          1.21679902          1.21679902          1.21679902
  16.938          0.56375802          0.56375802          0.56375802          1.22613108          1.22613108          1.22613108
  16.991          0.54584944          0.54584944          0.54584944          1.23428464          1.23428464          1.23428464
  17.045          0.54185683          0.54185683          0.54185683          1.24132812          1.24132812          1.24132812
  17.099          0.55200016          0.55200016          0.55200016          1.24734652          1.24734652          1.24734652
  17.153          0.57582945          0.57582945          0.57582945          1.25243807          1.25243807          1.25243807
  17.206          0.61227596          0.61227596          0.61227596          1.25671113          1.25671113          1.25671113
  17.260          0.65968454          0.65968454          0.65968454          1.26028061          1.26028061          1.26028061
  17.314          0.71600348          0.71600348          0.71600348          1.26326323          1.26326323          1.26326323
  17.368          0.77892649          0.77892649          0.77892649          1.26577592          1.26577592          1.26577592
  17.421          0.84616828          0.84616828          0.84616828          1.26793492          1.26793492          1.26793492
  17.475          0.91570568          0.91570568          0.91570568          1.26985431          1.26985431          1.26985431
  17.529          0.98593551          0.98593551          0.98593551          1.27164614          1.27164614          1.27164614
  17.583          1.05569148          1.05569148          1.05569148          1.27342176          1.27342176          1.27342176
  17.637          1.12423098          1.12423098          1.12423098          1.27529216          1.27529216          1.27529216
  17.690          1.19102621          1.19102621          1.19102621          1.27736783          1.27736783          1.27736783
  17.744          1.25566959          1.25566959          1.25566959          1.27975762          1.27975762          1.27975762
  17.798          1.31769753          1.31769753          1.31769753          1.28256774          1.28256774          1.28256774
  17.852          1.37657893          1.37657893          1.37657893          1.28590035          1.28590035          1.28590035
  17.905          1.43170500          1.43170500          1.43170500          1.28985083          1.28985083          1.28985083
  17.959          1.48243725          1.48243725          1.48243725          1.29450619          1.29450619          1.29450619
  18.013          1.52820683          1.52820683          1.52820683          1.29994369          1.29994369          1.29994369
  18.067          1.56853485          1.56853485          1.56853485          1.30623198          1.30623198          1.30623198
  18.120          1.60317051          1.60317051          1.60317051          1.31342995          1.31342995          1.31342995
  18.174          1.63200903          1.63200903          1.63200903          1.32158875          1.32158875          1.32158875
  18.228          1.65520251          1.65520251          1.65520251          1.33075202          1.33075202          1.33075202
  18.282          1.67308509          1.67308509          1.67308509          1.34095383          1.34095383          1.34095383
  18.336          1.68615818          1.68615818          1.68615818          1.35221517          1.35221517          1.35221517
  18.389          1.69505620          1.69505620          1.69505620          1.36453807          1.36453807          1.36453807
  18.443          1.70047283          1.70047283          1.70047283          1.37789643          1.37789643          1.37789643
  18.497          1.70312345          1.70312345          1.70312345          1.39222836          1.39222836          1.39222836
  18.551          1.70370686          1.70370686          1.70370686          1.40742862          1.40742862          1.40742862
  18.604          1.70284629          1.70284629          1.70284629          1.42334425          1.42334425          1.42334425
  18.658          1.70111609          1.70111609          1.70111609          1.43977630          1.43977630          1.43977630
  18.712          1.69897854          1.69897854          1.69897854          1.45648444          1.45648444          1.45648444
  18.766          1.69677138          1.69677138          1.69677138          1.47319531          1.47319531          1.47319531
  18.819          1.69472587          1.69472587          1.69472587          1.48961282          1.48961282          1.48961282
  18.873          1.69299531          1.69299531          1.69299531          1.50543141          1.50543141          1.50543141
  18.927          1.69163144          1.69163144          1.69163144          1.52034795          1.52034795          1.52034795
  18.981          1.69058061          1.69058061          1.69058061          1.53407586          1.53407586          1.53407586
  19.035          1.68978620          1.68978620          1.68978620          1.54635644          1.54635644          1.54635644
  19.088          1.68915045          1.68915045          1.68915045          1.55696917          1.55696917          1.55696917
  19.142          1.68856990          1.68856990          1.68856990          1.56573737          1.56573737          1.56573737
  19.196          1.68795383          1.68795383          1.68795383          1.57252967          1.57252967          1.57252967
  19.250          1.68724048          1.68724048          1.68724048          1.57725632          1.57725632          1.57725632
  19.303          1.68635106          1.68635106          1.68635106          1.57986200          1.57986200          1.57986200
  19.357          1.68529582          1.68529582          1.68529582          1.58031714          1.58031714          1.58031714
  19.411          1.68404055          1.68404055          1.68404055          1.57861078          1.57861078          1.57861078
  19.465          1.68259799          1.68259799          1.68259799          1.57474685          1.57474685          1.57474685
  19.518          1.68101406          1.68101406          1.68101406          1.56874502          1.56874502          1.56874502
  19.572          1.67931592          1.67931592          1.67931592          1.56064641          1.56064641          1.56064641
  19.626          1.67759407          1.67759407          1.67759407          1.55052042          1.55052042          1.55052042
  19.680          1.67592609          1.67592609          1.67592609          1.53847456          1.53847456          1.53847456
  19.734          1.67442453          1.67442453          1.67442453          1.52465975          1.52465975          1.52465975
  19.787          1.67317843          1.67317843          1.67317843          1.50927174          1.50927174          1.50927174
  19.841          1.67222071          1.67222071          1.67222071          1.49254823          1.49254823          1.49254823
  19.895          1.67157757          1.67157757          1.67157757          1.47476149          1.47476149          1.47476149
  19.949          1.67113936          1.67113936          1.67113936          1.45620704          1.45620704          1.45620704
  20.002          1.67075312          1.67075312          1.67075312          1.43719089          1.43719089          1.43719089
  20.056          1.67012644          1.67012644          1.67012644          1.41801763          1.41801763          1.41801763
  20.110          1.66885698          1.66885698          1.66885698          1.39897597          1.39897597          1.39897597
  20.164          1.66647196          1.66647196          1.66647196          1.38032782          1.38032782          1.38032782
  20.218          1.66238868          1.66238868          1.66238868          1.36229885          1.36229885          1.36229885
  20.271          1.65591908          1.65591908          1.65591908          1.34507012          1.34507012          1.34507012
  20.325          1.64638317          1.64638317          1.64638317          1.32877588          1.32877588          1.32877588
  20.379          1.63308048          1.63308048          1.63308048          1.31350422          1.31350422          1.31350422
  20.433          1.61533892          1.61533892          1.61533892          1.29930174          1.29930174          1.29930174
  20.486          1.59258032          1.59258032          1.59258032          1.28618240          1.28618240          1.28618240
  20.540          1.56438363          1.56438363          1.56438363          1.27413487          1.27413487          1.27413487
  20.594          1.53049541          1.53049541          1.53049541          1.26313210          1.26313210          1.26313210
  20.648          1.49086058          1.49086058          1.49086058          1.25313497          1.25313497          1.25313497
  20.701          1.44563890          1.44563890          1.44563890          1.24409592          1.24409592          1.24409592
  20.755          1.39521682          1.39521682          1.39521682          1.23596036          1.23596036          1.23596036
  20.809          1.34008443          1.34008443          1.34008443          1.22866452          1.22866452          1.22866452
  20.863          1.28087509          1.28087509          1.28087509          1.22213507          1.22213507          1.22213507
  20.917          1.21821976          1.21821976          1.21821976          1.21628976          1.21628976          1.21628976
  20.970          1.15269852          1.15269852          1.15269852          1.21103704          1.21103704          1.21103704
  21.024          1.08482456          1.08482456          1.08482456          1.20627749          1.20627749          1.20627749
  21.078          1.01501787          1.01501787          1.01501787          1.20190620          1.20190620          1.20190620
  21.132          0.94373411          0.94373411          0.94373411          1.19781387          1.19781387          1.19781387
  21.185          0.87155855          0.87155855          0.87155855          1.19388962          1.19388962          1.19388962
  21.239          0.79937625          0.79937625          0.79937625          1.19002140          1.19002140          1.19002140
  21.293          0.72852683          0.72852683          0.72852683          1.18609667          1.18609667          1.18609667
  21.347          0.66078019          0.66078019          0.66078019          1.18200278          1.18200278          1.18200278
  21.400          0.59829110          0.59829110          0.59829110          1.17762446          1.17762446          1.17762446
  21.454          0.54336733          0.54336733          0.54336733          1.17284656          1.17284656          1.17284656
  21.508          0.49823478          0.49823478          0.49823478          1.16755080          1.16755080          1.16755080
  21.562          0.46480954          0.46480954          0.46480954          1.16161883          1.16161883          1.16161883
  21.616          0.44451702          0.44451702          0.44451702          1.15493417          1.15493417          1.15493417
  21.669          0.43817863          0.43817863          0.43817863          1.14738405          1.14738405          1.14738405
  21.723          0.44599232          0.44599232          0.44599232          1.13886428          1.13886428          1.13886428
  21.777          0.46749282          0.46749282          0.46749282          1.12928152          1.12928152          1.12928152
  21.831          0.50158459          0.50158459          0.50158459          1.11855888          1.11855888          1.11855888
  21.884          0.54661536          0.54661536          0.54661536          1.10663664          1.10663664          1.10663664
  21.938          0.60048866          0.60048866          0.60048866          1.09347343          1.09347343          1.09347343
  21.992          0.66087383          0.66087383          0.66087383          1.07904780          1.07904780          1.07904780
  22.046          0.72546196          0.72546196          0.72546196          1.06335843          1.06335843          1.06335843
  22.099          0.79216903          0.79216903          0.79216903          1.04642320          1.04642320          1.04642320
  22.153          0.85933471          0.85933471          0.85933471          1.02828288          1.02828288          1.02828288
  22.207          0.92573810          0.92573810          0.92573810          1.00900364          1.00900364          1.00900364
  22.261          0.99054301          0.99054301          0.99054301          0.98868197          0.98868197          0.98868197
  22.315          1.05317926          1.05317926          1.05317926          0.96744883          0.96744883          0.96744883
  22.368          1.11313820          1.11313820          1.11313820          0.94547254          0.94547254          0.94547254
  22.422          1.16990280          1.16990280          1.16990280          0.92295742          0.92295742          0.92295742
  22.476          1.22283995          1.22283995          1.22283995          0.90013957          0.90013957          0.90013957
  22.530          1.27127719          1.27127719          1.27127719          0.87727690          0.87727690          0.87727690
  22.583          1.31448412          1.31448412          1.31448412          0.85464025          0.85464025          0.85464025
  22.637          1.35178638          1.35178638          1.35178638          0.83250082          0.83250082          0.83250082
  22.691          1.38262558          1.38262558          1.38262558          0.81112045          0.81112045          0.81112045
  22.745          1.40658069          1.40658069          1.40658069          0.79074186          0.79074186          0.79074186
  22.798          1.42337990          1.42337990          1.42337990          0.77157849          0.77157849          0.77157849
  22.852          1.43288422          1.43288422          1.43288422          0.75380653          0.75380653          0.75380653
  22.906          1.43503332          1.43503332          1.43503332          0.73755521          0.73755521          0.73755521
  22.960          1.42983520          1.42983520          1.42983520          0.72289759          0.72289759          0.72289759
  23.014          1.41729951          1.41729951          1.41729951          0.70984250          0.70984250          0.70984250
  23.067          1.39738476          1.39738476          1.39738476          0.69832778          0.69832778          0.69832778
  23.121          1.37013710          1.37013710          1.37013710          0.68821597          0.68821597          0.68821597
  23.175          1.33549154          1.33549154          1.33549154          0.67929345          0.67929345          0.67929345
  23.229          1.29353607          1.29353607          1.29353607          0.67127150          0.67127150          0.67127150
  23.282          1.24440575          1.24440575          1.24440575          0.66379064          0.66379064          0.66379064
  23.336          1.18836975          1.18836975          1.18836975          0.65642536          0.65642536          0.65642536
  23.390          1.12586486          1.12586486          1.12586486          0.64869273          0.64869273          0.64869273
  23.444          1.05747104          1.05747104          1.05747104          0.64006191          0.64006191          0.64006191
  23.497          0.98388082          0.98388082          0.98388082          0.62996697          0.62996697          0.62996697
  23.551          0.90582395          0.90582395          0.90582395          0.61782432          0.61782432          0.61782432
  23.605          0.82403064          0.82403064          0.82403064          0.60305178          0.60305178          0.60305178
  23.659          0.73914695          0.73914695          0.73914695          0.58509040          0.58509040          0.58509040
  23.713          0.65178621          0.65178621          0.65178621          0.56342471          0.56342471          0.56342471
  23.766          0.56253326          0.56253326          0.56253326          0.53759849          0.53759849          0.53759849
  23.820          0.47209859          0.47209859          0.47209859          0.50722319          0.50722319          0.50722319
  23.874          0.38145849          0.38145849          0.38145849          0.47197911          0.47197911          0.47197911
  23.928          0.29198790          0.29198790          0.29198790          0.43160850          0.43160850          0.43160850
  23.981          0.20546386          0.20546386          0.20546386          0.38590723          0.38590723          0.38590723
  24.035          0.12401257          0.12401257          0.12401257          0.33471909          0.33471909          0.33471909
  24.089          0.04990048          0.04990048          0.04990048          0.27793756          0.27793756          0.27793756
  24.143         -0.01470073         -0.01470073         -0.01470073          0.21551973          0.21551973          0.21551973
  24.196         -0.06799235         -0.06799235         -0.06799235          0.14750983          0.14750983          0.14750983
  24.250         -0.10866630         -0.10866630         -0.10866630          0.07407091          0.07407091          0.07407091
  24.304         -0.13604622         -0.13604622         -0.13604622         -0.00448802         -0.00448802         -0.00448802
  24.358         -0.15011840         -0.15011840         -0.15011840         -0.08769492         -0.08769492         -0.08769492
  24.412         -0.15153433         -0.15153433         -0.15153433         -0.17491284         -0.17491284         -0.17491284
  24.465         -0.14163166         -0.14163166         -0.14163166         -0.26535684         -0.26535684         -0.26535684
  24.519         -0.12238223         -0.12238223         -0.12238223         -0.35812390         -0.35812390         -0.35812390
  24.573         -0.09635057         -0.09635057         -0.09635057         -0.45223197         -0.45223197         -0.45223197
  24.627         -0.06652921         -0.06652921         -0.06652921         -0.54666275         -0.54666275         -0.54666275
  24.680         -0.03614805         -0.03614805         -0.03614805         -0.64040363         -0.64040363         -0.64040363
  24.734         -0.00842069         -0.00842069         -0.00842069         -0.73249084         -0.73249084         -0.73249084
  24.788          0.01362687          0.01362687          0.01362687         -0.82205218         -0.82205218         -0.82205218
  24.842          0.02724752          0.02724752          0.02724752         -0.90834278         -0.90834278         -0.90834278
  24.895          0.02996831          0.02996831          0.02996831         -0.99078059         -0.99078059         -0.99078059
  24.949          0.01945566          0.01945566          0.01945566         -1.06896389         -1.06896389         -1.06896389
  25.003         -0.00656547         -0.00656547         -0.00656547         -1.14267838         -1.14267838         -1.14267838
  25.057         -0.05036854         -0.05036854         -0.05036854         -1.21188736         -1.21188736         -1.21188736
  25.111         -0.11419534         -0.11419534         -0.11419534         -1.27671349         -1.27671349         -1.27671349
  25.164         -0.20007907         -0.20007907         -0.20007907         -1.33741665         -1.33741665         -1.33741665
  25.218         -0.30963898         -0.30963898         -0.30963898         -1.39437759         -1.39437759         -1.39437759
  25.272         -0.44385761         -0.44385761         -0.44385761         -1.44808757         -1.44808757         -1.44808757
  25.326         -0.60291356         -0.60291356         -0.60291356         -1.49914598         -1.49914598         -1.49914598
  25.379         -0.78611362         -0.78611362         -0.78611362         -1.54826117         -1.54826117         -1.54826117
  25.433         -0.99200547         -0.99200547         -0.99200547         -1.59624875         -1.59624875         -1.59624875
  25.487         -1.21855557         -1.21855557         -1.21855557         -1.64402437         -1.64402437         -1.64402437
  25.541         -1.46345425         -1.46345425         -1.46345425         -1.69258642         -1.69258642         -1.69258642
  25.594         -1.72438622         -1.72438622         -1.72438622         -1.74299216         -1.74299216         -1.74299216
  25.648         -1.99914241         -1.99914241         -1.99914241         -1.79632676         -1.79632676         -1.79632676
  25.702         -2.28549767         -2.28549767         -2.28549767         -1.85367489         -1.85367489         -1.85367489
  25.756         -2.58083773         -2.58083773         -2.58083773         -1.91609204         -1.91609204         -1.91609204
  25.810         -2.88161349         -2.88161349         -2.88161349         -1.98458481         -1.98458481         -1.98458481
  25.863         -3.18273401         -3.18273401         -3.18273401         -2.06010008         -2.06010008         -2.06010008
  25.917         -3.47724795         -3.47724795         -3.47724795         -2.14351821         -2.14351821         -2.14351821
  25.971         -3.75649786         -3.75649786         -3.75649786         -2.23565173         -2.23565173         -2.23565173
  26.025         -4.01075840         -4.01075840         -4.01075840         -2.33723664         -2.33723664         -2.33723664
  26.078         -4.23015785         -4.23015785         -4.23015785         -2.44891167         -2.44891167         -2.44891167
  26.132         -4.40579176         -4.40579176         -4.40579176         -2.57117510         -2.57117510         -2.57117510
  26.186         -4.53051329         -4.53051329         -4.53051329         -2.70432258         -2.70432258         -2.70432258
  26.240         -4.59953737         -4.59953737         -4.59953737         -2.84837031         -2.84837031         -2.84837031
  26.294         -4.61068726         -4.61068726         -4.61068726         -3.00298452         -3.00298452         -3.00298452
  26.347         -4.56438017         -4.56438017         -4.56438017         -3.16742754         -3.16742754         -3.16742754
  26.401         -4.46374893         -4.46374893         -4.46374893         -3.34054112         -3.34054112         -3.34054112
  26.455         -4.31462193         -4.31462193         -4.31462193         -3.52077365         -3.52077365         -3.52077365
  26.509         -4.12521505         -4.12521505         -4.12521505         -3.70623922         -3.70623922         -3.70623922
  26.562         -3.90588927         -3.90588927         -3.90588927         -3.89479852         -3.89479852         -3.89479852
  26.616         -3.66824174         -3.66824174         -3.66824174         -4.08416319         -4.08416319         -4.08416319
  26.670         -3.42418671         -3.42418671         -3.42418671         -4.27198839         -4.27198839         -4.27198839
  26.724         -3.18497276         -3.18497276         -3.18497276         -4.45597649         -4.45597649         -4.45597649
  26.777         -2.96049261         -2.96049261         -2.96049261         -4.63396883         -4.63396883         -4.63396883
  26.831         -2.75914359         -2.75914359         -2.75914359         -4.80403423         -4.80403423         -4.80403423
  26.885         -2.58802605         -2.58802605         -2.58802605         -4.96454144         -4.96454144         -4.96454144
  26.939         -2.45355654         -2.45355654         -2.45355654         -5.11420250         -5.11420250         -5.11420250
  26.993         -2.36191607         -2.36191607         -2.36191607         -5.25208330         -5.25208330         -5.25208330
  27.046         -2.31933403         -2.31933403         -2.31933403         -5.37758780         -5.37758780         -5.37758780
  27.100         -2.33206248         -2.33206248         -2.33206248         -5.49041176         -5.49041176         -5.49041176
  27.154         -2.40585589         -2.40585589         -2.40585589         -5.59049559         -5.59049559         -5.59049559
  27.208         -2.54544044         -2.54544044         -2.54544044         -5.67797661         -5.67797661         -5.67797661
  27.261         -2.75386524         -2.75386524         -2.75386524         -5.75316620         -5.75316620         -5.75316620
  27.315         -3.03195548         -3.03195548         -3.03195548         -5.81653786         -5.81653786         -5.81653786
  27.369         -3.37829709         -3.37829709         -3.37829709         -5.86872768         -5.86872768         -5.86872768
  27.423         -3.78922939         -3.78922939         -3.78922939         -5.91054392         -5.91054392         -5.91054392
  27.476         -4.25953150         -4.25953150         -4.25953150         -5.94297075         -5.94297075         -5.94297075
  27.530         -4.78307629         -4.78307629         -4.78307629         -5.96716642         -5.96716642         -5.96716642
  27.584         -5.35346699         -5.35346699         -5.35346699         -5.98445463         -5.98445463         -5.98445463
  27.638         -5.96454239         -5.96454239         -5.96454239         -5.99631596         -5.99631596         -5.99631596
  27.692         -6.61009741         -6.61009741         -6.61009741         -6.00436687         -6.00436687         -6.00436687
  27.745         -7.28325462         -7.28325462         -7.28325462         -6.01033831         -6.01033831         -6.01033831
  27.799         -7.97497368         -7.97497368         -7.97497368         -6.01604271         -6.01604271         -6.01604271
  27.853         -8.67296600         -8.67296600         -8.67296600         -6.02333689         -6.02333689         -6.02333689
  27.907         -9.36068630         -9.36068630         -9.36068630         -6.03408527         -6.03408527         -6.03408527
  27.960        -10.01771355        -10.01771355        -10.01771355         -6.05011702         -6.05011702         -6.05011702
  28.014        -10.62069225        -10.62069225        -10.62069225         -6.07319832         -6.07319832         -6.07319832
  28.068        -11.14579582        -11.14579582        -11.14579582         -6.10499334         -6.10499334         -6.10499334
  28.122        -11.57101250        -11.57101250        -11.57101250         -6.14703226         -6.14703226         -6.14703226
  28.175        -11.87822247        -11.87822247        -11.87822247         -6.20065975         -6.20065975         -6.20065975
  28.229        -12.05418396        -12.05418396        -12.05418396         -6.26696157         -6.26696157         -6.26696157
  28.283        -12.09211159        -12.09211159        -12.09211159         -6.34667969         -6.34667969         -6.34667969
  28.337        -11.99084568        -11.99084568        -11.99084568         -6.44011164         -6.44011164         -6.44011164
  28.391        -11.75577831        -11.75577831        -11.75577831         -6.54704285         -6.54704285         -6.54704285
  28.444        -11.39809990        -11.39809990        -11.39809990         -6.66670227         -6.66670227         -6.66670227
  28.498        -10.93453598        -10.93453598        -10.93453598         -6.79777336         -6.79777336         -6.79777336
  28.552        -10.38666821        -10.38666821        -10.38666821         -6.93844986         -6.93844986         -6.93844986
  28.606         -9.77837563         -9.77837563         -9.77837563         -7.08652449         -7.08652449         -7.08652449
  28.659         -9.13401604         -9.13401604         -9.13401604         -7.23949337         -7.23949337         -7.23949337
  28.713         -8.47616196         -8.47616196         -8.47616196         -7.39465666         -7.39465666         -7.39465666
  28.767         -7.82364035         -7.82364035         -7.82364035         -7.54921436         -7.54921436         -7.54921436
  28.821         -7.19146585         -7.19146585         -7.19146585         -7.70035791         -7.70035791         -7.70035791
  28.874         -6.59083176         -6.59083176         -6.59083176         -7.84536219         -7.84536219         -7.84536219
  28.928         -6.03067684         -6.03067684         -6.03067684         -7.98167849         -7.98167849         -7.98167849
  28.982         -5.51921940         -5.51921940         -5.51921940         -8.10701275         -8.10701275         -8.10701275
  29.036         -5.06452847         -5.06452847         -5.06452847         -8.21939564         -8.21939564         -8.21939564
  29.090         -4.67537785         -4.67537785         -4.67537785         -8.31721497         -8.31721497         -8.31721497
  29.143         -4.36081696         -4.36081696         -4.36081696         -8.39922142         -8.39922142         -8.39922142
  29.197         -4.12935209         -4.12935209         -4.12935209         -8.46450901         -8.46450901         -8.46450901
  29.251         -3.98808122         -3.98808122         -3.98808122         -8.51247597         -8.51247597         -8.51247597
  29.305         -3.94184518         -3.94184518         -3.94184518         -8.54278755         -8.54278755         -8.54278755
  29.358         -3.99252367         -3.99252367         -3.99252367         -8.55534840         -8.55534840         -8.55534840
  29.412         -4.13866520         -4.13866520         -4.13866520         -8.55028725         -8.55028725         -8.55028725
  29.466         -4.37581253         -4.37581253         -4.37581253         -8.52796078         -8.52796078         -8.52796078
  29.520         -4.69699192         -4.69699192         -4.69699192         -8.48897362         -8.48897362         -8.48897362
  29.573         -5.09368706         -5.09368706         -5.09368706         -8.43421745         -8.43421745         -8.43421745
  29.627         -5.55659246         -5.55659246         -5.55659246         -8.36490440         -8.36490440         -8.36490440
  29.681         -6.07672071         -6.07672071         -6.07672071         -8.28261852         -8.28261852         -8.28261852
  29.735         -6.64555740         -6.64555740         -6.64555740         -8.18933296         -8.18933296         -8.18933296
  29.789         -7.25486422         -7.25486422         -7.25486422         -8.08741283         -8.08741283         -8.08741283
  29.842         -7.89589930         -7.89589930         -7.89589930         -7.97956848         -7.97956848         -7.97956848
  29.896         -8.55794144         -8.55794144         -8.55794144         -7.86877871         -7.86877871         -7.86877871
  29.950         -9.22715378         -9.22715378         -9.22715378         -7.75819397         -7.75819397         -7.75819397
  30.004         -9.88556099         -9.88556099         -9.88556099         -7.65103912         -7.65103912         -7.65103912
  30.057        -10.51184082        -10.51184082        -10.51184082         -7.55049849         -7.55049849         -7.55049849
  30.111        -11.08237648        -11.08237648        -11.08237648         -7.45963860         -7.45963860         -7.45963860
  30.165        -11.57353592        -11.57353592        -11.57353592         -7.38130999         -7.38130999         -7.38130999
  30.219        -11.96376896        -11.96376896        -11.96376896         -7.31805658         -7.31805658         -7.31805658
  30.272        -12.23590279        -12.23590279        -12.23590279         -7.27202463         -7.27202463         -7.27202463
  30.326        -12.37803745        -12.37803745        -12.37803745         -7.24484921         -7.24484921         -7.24484921
  30.380        -12.38399696        -12.38399696        -12.38399696         -7.23756456         -7.23756456         -7.23756456
  30.434        -12.25359631        -12.25359631        -12.25359631         -7.25053883         -7.25053883         -7.25053883
  30.488        -11.99252987        -11.99252987        -11.99252987         -7.28344107         -7.28344107         -7.28344107
  30.541        -11.61234474        -11.61234474        -11.61234474         -7.33527803         -7.33527803         -7.33527803
  30.595        -11.13010693        -11.13010693        -11.13010693         -7.40444899         -7.40444899         -7.40444899
  30.649        -10.56688213        -10.56688213        -10.56688213         -7.48885107         -7.48885107         -7.48885107
  30.703         -9.94637966         -9.94637966         -9.94637966         -7.58598137         -7.58598137         -7.58598137
  30.756         -9.29232883         -9.29232883         -9.29232883         -7.69303322         -7.69303322         -7.69303322
  30.810         -8.62668610         -8.62668610         -8.62668610         -7.80698967         -7.80698967         -7.80698967
  30.864         -7.96763611         -7.96763611         -7.96763611         -7.92470360         -7.92470360         -7.92470360
  30.918         -7.32943249         -7.32943249         -7.32943249         -8.04298496         -8.04298496         -8.04298496
  30.971         -6.72303772         -6.72303772         -6.72303772         -8.15871048         -8.15871048         -8.15871048
  31.025         -6.15736723         -6.15736723         -6.15736723         -8.26891518         -8.26891518         -8.26891518
  31.079         -5.64062595         -5.64062595         -5.64062595         -8.37089729         -8.37089729         -8.37089729
  31.133         -5.18122387         -5.18122387         -5.18122387         -8.46229839         -8.46229839         -8.46229839
  31.187         -4.78814077         -4.78814077         -4.78814077         -8.54115391         -8.54115391         -8.54115391
  31.240         -4.47049427         -4.47049427         -4.47049427         -8.60590076         -8.60590076         -8.60590076
  31.294         -4.23689222         -4.23689222         -4.23689222         -8.65536404         -8.65536404         -8.65536404
  31.348         -4.09435654         -4.09435654         -4.09435654         -8.68871498         -8.68871498         -8.68871498
  31.402         -4.04749346         -4.04749346         -4.04749346         -8.70543766         -8.70543766         -8.70543766
  31.455         -4.09784031         -4.09784031         -4.09784031         -8.70529079         -8.70529079         -8.70529079
  31.509         -4.24372959         -4.24372959         -4.24372959         -8.68829823         -8.68829823         -8.68829823
  31.563         -4.48042631         -4.48042631         -4.48042631         -8.65473938         -8.65473938         -8.65473938
  31.617         -4.80080223         -4.80080223         -4.80080223         -8.60517693         -8.60517693         -8.60517693
  31.671         -5.19623327         -5.19623327         -5.19623327         -8.54047871         -8.54047871         -8.54047871
  31.724         -5.65754700         -5.65754700         -5.65754700         -8.46186447         -8.46186447         -8.46186447
  31.778         -6.17581272         -6.17581272         -6.17581272         -8.37093735         -8.37093735         -8.37093735
  31.832         -6.74269342         -6.74269342         -6.74269342         -8.26970005         -8.26970005         -8.26970005
  31.886         -7.34992123         -7.34992123         -7.34992123         -8.16054249         -8.16054249         -8.16054249
  31.939         -7.98851538         -7.98851538         -7.98851538         -8.04619122         -8.04619122         -8.04619122
  31.993         -8.64744091         -8.64744091         -8.64744091         -7.92962742         -7.92962742         -7.92962742
  32.047         -9.31217861         -9.31217861         -9.31217861         -7.81398630         -7.81398630         -7.81398630
  32.101         -9.96431541         -9.96431541         -9.96431541         -7.70245314         -7.70245314         -7.70245314
  32.154        -10.58193302        -10.58193302        -10.58193302         -7.59816551         -7.59816551         -7.59816551
  32.208        -11.14117813        -11.14117813        -11.14117813         -7.50412655         -7.50412655         -7.50412655
  32.262        -11.61842060        -11.61842060        -11.61842060         -7.42311954         -7.42311954         -7.42311954
  32.316        -11.99256420        -11.99256420        -11.99256420         -7.35761690         -7.35761690         -7.35761690
  32.370        -12.24704838        -12.24704838        -12.24704838         -7.30968380         -7.30968380         -7.30968380
  32.423        -12.37055588        -12.37055588        -12.37055588         -7.28087473         -7.28087473         -7.28087473
  32.477        -12.35772514        -12.35772514        -12.35772514         -7.27214050         -7.27214050         -7.27214050
  32.531        -12.20903301        -12.20903301        -12.20903301         -7.28376436         -7.28376436         -7.28376436
  32.585        -11.93087482        -11.93087482        -11.93087482         -7.31534004         -7.31534004         -7.31534004
  32.638        -11.53577042        -11.53577042        -11.53577042         -7.36579847         -7.36579847         -7.36579847
  32.692        -11.04120350        -11.04120350        -11.04120350         -7.43348551         -7.43348551         -7.43348551
  32.746        -10.46867752        -10.46867752        -10.46867752         -7.51625299         -7.51625299         -7.51625299
  32.800         -9.84225178         -9.84225178         -9.84225178         -7.61156654         -7.61156654         -7.61156654
  32.853         -9.18541718         -9.18541718         -9.18541718         -7.71659756         -7.71659756         -7.71659756
  32.907         -8.51962948         -8.51962948         -8.51962948         -7.82831478         -7.82831478         -7.82831478
  32.961         -7.86261797         -7.86261797         -7.86261797         -7.94356871         -7.94356871         -7.94356871
  33.015         -7.22817373         -7.22817373         -7.22817373         -8.05917835         -8.05917835         -8.05917835
  33.069         -6.62684917         -6.62684917         -6.62684917         -8.17203522         -8.17203522         -8.17203522
  33.122         -6.06737900         -6.06737900         -6.06737900         -8.27920628         -8.27920628         -8.27920628
  33.176         -5.55799580         -5.55799580         -5.55799580         -8.37802887         -8.37802887         -8.37802887
  33.230         -5.10712957         -5.10712957         -5.10712957         -8.46619225         -8.46619225         -8.46619225
  33.284         -4.72385120         -4.72385120         -4.72385120         -8.54177666         -8.54177666         -8.54177666
  33.337         -4.41729450         -4.41729450         -4.41729450         -8.60326385         -8.60326385         -8.60326385
  33.391         -4.19581842         -4.19581842         -4.19581842         -8.64951897         -8.64951897         -8.64951897
  33.445         -4.06622171         -4.06622171         -4.06622171         -8.67974472         -8.67974472         -8.67974472
  33.499         -4.03266048         -4.03266048         -4.03266048         -8.69344902         -8.69344902         -8.69344902
  33.552         -4.09632111         -4.09632111         -4.09632111         -8.69041538         -8.69041538         -8.69041538
  33.606         -4.25500822         -4.25500822         -4.25500822         -8.67068386         -8.67068386         -8.67068386
  33.660         -4.50366020         -4.50366020         -4.50366020         -8.63455486         -8.63455486         -8.63455486
  33.714         -4.83488894         -4.83488894         -4.83488894         -8.58261681         -8.58261681         -8.58261681
  33.768         -5.23990679         -5.23990679         -5.23990679         -8.51576805         -8.51576805         -8.51576805
  33.821         -5.70960331         -5.70960331         -5.70960331         -8.43526363         -8.43526363         -8.43526363
  33.875         -6.23509455         -6.23509455         -6.23509455         -8.34274673         -8.34274673         -8.34274673
  33.929         -6.80803823         -6.80803823         -6.80803823         -8.24026585         -8.24026585         -8.24026585
  33.983         -7.42015743         -7.42015743         -7.42015743         -8.13024712         -8.13024712         -8.13024712
  34.036         -8.06236839         -8.06236839         -8.06236839         -8.01544952         -8.01544952         -8.01544952
  34.090         -8.72308636         -8.72308636         -8.72308636         -7.89887714         -7.89887714         -7.89887714
  34.144         -9.38739109         -9.38739109         -9.38739109         -7.78366947         -7.78366947         -7.78366947
  34.198        -10.03629684        -10.03629684        -10.03629684         -7.67300892         -7.67300892         -7.67300892
  34.251        -10.64751244        -10.64751244        -10.64751244         -7.57001591         -7.57001591         -7.57001591
  34.305        -11.19696140        -11.19696140        -11.19696140         -7.47766638         -7.47766638         -7.47766638
  34.359        -11.66139603        -11.66139603        -11.66139603         -7.39870882         -7.39870882         -7.39870882
  34.413        -12.02015781        -12.02015781        -12.02015781         -7.33556366         -7.33556366         -7.33556366
  34.467        -12.25742817        -12.25742817        -12.25742817         -7.29023266         -7.29023266         -7.29023266
  34.520        -12.36265182        -12.36265182        -12.36265182         -7.26419544         -7.26419544         -7.26419544
  34.574        -12.33112431        -12.33112431        -12.33112431         -7.25831270         -7.25831270         -7.25831270
  34.628        -12.16439629        -12.16439629        -12.16439629         -7.27277517         -7.27277517         -7.27277517
  34.682        -11.86953068        -11.86953068        -11.86953068         -7.30708170         -7.30708170         -7.30708170
  34.735        -11.45977116        -11.45977116        -11.45977116         -7.36008024         -7.36008024         -7.36008024
  34.789        -10.95330429        -10.95330429        -10.95330429         -7.43004370         -7.43004370         -7.43004370
  34.843        -10.37210274        -10.37210274        -10.37210274         -7.51476383         -7.51476383         -7.51476383
  34.897         -9.74027252         -9.74027252         -9.74027252         -7.61166143         -7.61166143         -7.61166143
  34.950         -9.08111000         -9.08111000         -9.08111000         -7.71787357         -7.71787357         -7.71787357
  35.004         -8.41566849         -8.41566849         -8.41566849         -7.83034801         -7.83034801         -7.83034801
  35.058         -7.76109743         -7.76109743         -7.76109743         -7.94592524         -7.94592524         -7.94592524
  35.112         -7.13065672         -7.13065672         -7.13065672         -8.06142712         -8.06142712         -8.06142712
  35.166         -6.53467941         -6.53467941         -6.53467941         -8.17376614         -8.17376614         -8.17376614
  35.219         -5.98165798         -5.98165798         -5.98165798         -8.28003597         -8.28003597         -8.28003597
  35.273         -5.47983503         -5.47983503         -5.47983503         -8.37762070         -8.37762070         -8.37762070
  35.327         -5.03773165         -5.03773165         -5.03773165         -8.46426010         -8.46426010         -8.46426010
  35.381         -4.66444302         -4.66444302         -4.66444302         -8.53809071         -8.53809071         -8.53809071
  35.434         -4.36911678         -4.36911678         -4.36911678         -8.59764862         -8.59764862         -8.59764862
  35.488         -4.15987825         -4.15987825         -4.15987825         -8.64184570         -8.64184570         -8.64184570
  35.542         -4.04330254         -4.04330254         -4.04330254         -8.66993046         -8.66993046         -8.66993046
  35.596         -4.02310419         -4.02310419         -4.02310419         -8.68144798         -8.68144798         -8.68144798
  35.649         -4.09999180         -4.09999180         -4.09999180         -8.67621613         -8.67621613         -8.67621613
  35.703         -4.27140331         -4.27140331         -4.27140331         -8.65431213         -8.65431213         -8.65431213
  35.757         -4.53189373         -4.53189373         -4.53189373         -8.61607552         -8.61607552         -8.61607552
  35.811         -4.87376642         -4.87376642         -4.87376642         -8.56213284         -8.56213284         -8.56213284
  35.865         -5.28828716         -5.28828716         -5.28828716         -8.49342823         -8.49342823         -8.49342823
  35.918         -5.76618719         -5.76618719         -5.76618719         -8.41126919         -8.41126919         -8.41126919
  35.972         -6.29868841         -6.29868841         -6.29868841         -8.31735229         -8.31735229         -8.31735229
  36.026         -6.87757444         -6.87757444         -6.87757444         -8.21377850         -8.21377850         -8.21377850
  36.080         -7.49446821         -7.49446821         -7.49446821         -8.10302639         -8.10302639         -8.10302639
  36.133         -8.14000607         -8.14000607         -8.14000607         -7.98789454         -7.98789454         -7.98789454
  36.187         -8.80230236         -8.80230236         -8.80230236         -7.87140894         -7.87140894         -7.87140894
  36.241         -9.46577263         -9.46577263         -9.46577263         -7.75672340         -7.75672340         -7.75672340
  36.295        -10.11100101        -10.11100101        -10.11100101         -7.64701414         -7.64701414         -7.64701414
  36.348        -10.71525478        -10.71525478        -10.71525478         -7.54539061         -7.54539061         -7.54539061
  36.402        -11.25453949        -11.25453949        -11.25453949         -7.45480108         -7.45480108         -7.45480108
  36.456        -11.70581627        -11.70581627        -11.70581627         -7.37795210         -7.37795210         -7.37795210
  36.510        -12.04893970        -12.04893970        -12.04893970         -7.31721735         -7.31721735         -7.31721735
  36.564        -12.26878738        -12.26878738        -12.26878738         -7.27453184         -7.27453184         -7.27453184
  36.617        -12.35555458        -12.35555458        -12.35555458         -7.25129461         -7.25129461         -7.25129461
  36.671        -12.30549717        -12.30549717        -12.30549717         -7.24827909         -7.24827909         -7.24827909
  36.725        -12.12079048        -12.12079048        -12.12079048         -7.26557875         -7.26557875         -7.26557875
  36.779        -11.80944729        -11.80944729        -11.80944729         -7.30260468         -7.30260468         -7.30260468
  36.832        -11.38549137        -11.38549137        -11.38549137         -7.35812044         -7.35812044         -7.35812044
  36.886        -10.86752605        -10.86752605        -10.86752605         -7.43032265         -7.43032265         -7.43032265
  36.940        -10.27809143        -10.27809143        -10.27809143         -7.51694965         -7.51694965         -7.51694965
  36.994         -9.64124584         -9.64124584         -9.64124584         -7.61537886         -7.61537886         -7.61537886
  37.047         -8.98017120         -8.98017120         -8.98017120         -7.71802759         -7.71802759         -7.71802759
  37.101         -8.31538677         -8.31538677         -8.31538677         -7.82651234         -7.82651234         -7.82651234
  37.155         -7.66350555         -7.66350555         -7.66350555         -7.93766642         -7.93766642         -7.93766642
  37.209         -7.03730774         -7.03730774         -7.03730774         -8.04831696         -8.04831696         -8.04831696
  37.263         -6.44674253         -6.44674253         -6.44674253         -8.15539455         -8.15539455         -8.15539455
  37.316         -5.90029621         -5.90029621         -5.90029621         -8.25602818         -8.25602818         -8.25602818
  37.370         -5.40619373         -5.40619373         -5.40619373         -8.34764576         -8.34764576         -8.34764576
  37.424         -4.97302532         -4.97302532         -4.97302532         -8.42804050         -8.42804050         -8.42804050
  37.478         -4.60995817         -4.60995817         -4.60995817         -8.49540234         -8.49540234         -8.49540234
  37.531         -4.32596636         -4.32596636         -4.32596636         -8.54832172         -8.54832172         -8.54832172
  37.585         -4.12916040         -4.12916040         -4.12916040         -8.58576012         -8.58576012         -8.58576012
  37.639         -4.02563524         -4.02563524         -4.02563524         -8.60700607         -8.60700607         -8.60700607
  37.693         -4.01880217         -4.01880217         -4.01880217         -8.61164570         -8.61164570         -8.61164570
  37.747         -4.10888243         -4.10888243         -4.10888243         -8.59953117         -8.59953117         -8.59953117
  37.800         -4.29292202         -4.29292202         -4.29292202         -8.57077503         -8.57077503         -8.57077503
  37.854         -4.56506920         -4.56506920         -4.56506920         -8.52575397         -8.52575397         -8.52575397
  37.908         -4.91750002         -4.91750002         -4.91750002         -8.46513367         -8.46513367         -8.46513367
  37.962         -5.34127378         -5.34127378         -5.34127378         -8.38990974         -8.38990974         -8.38990974
  38.015         -5.82721138         -5.82721138         -5.82721138         -8.30143642         -8.30143642         -8.30143642
  38.069         -6.36662674         -6.36662674         -6.36662674         -8.20147228         -8.20147228         -8.20147228
  38.123         -6.95123911         -6.95123911         -6.95123911         -8.09216881         -8.09216881         -8.09216881
  38.177         -7.57273960         -7.57273960         -7.57273960         -7.97605085         -7.97605085         -7.97605085
  38.230         -8.22144222         -8.22144222         -8.22144222         -7.85595274         -7.85595274         -7.85595274
  38.284         -8.88495731         -8.88495731         -8.88495731         -7.73492527         -7.73492527         -7.73492527
  38.338         -9.54725170         -9.54725170         -9.54725170         -7.61613131         -7.61613131         -7.61613131
  38.392        -10.18834114        -10.18834114        -10.18834114         -7.50274515         -7.50274515         -7.50274515
  38.446        -10.78529930        -10.78529930        -10.78529930         -7.39785719         -7.39785719         -7.39785719
  38.499        -11.31404877        -11.31404877        -11.31404877         -7.30438948         -7.30438948         -7.30438948
  38.553        -11.75163174        -11.75163174        -11.75163174         -7.22500849         -7.22500849         -7.22500849
  38.607        -12.07887173        -12.07887173        -12.07887173         -7.16203213         -7.16203213         -7.16203213
  38.661        -12.28109550        -12.28109550        -12.28109550         -7.11733007         -7.11733007         -7.11733007
