     1    1.27624166
     2    1.26909900
     3    1.24809611
     4    1.21425140
     5    1.16927040
     6    1.11530185
     7    1.05476093
     8    0.99009472
     9    0.92362612
    10    0.85744059
    11    0.79323828
    12    0.73239797
    13    0.67594403
    14    0.62451798
    15    0.57858896
    16    0.53842914
    17    0.50419652
    18    0.47596294
    19    0.45375863
    20    0.43730858
    21    0.42644340
    22    0.42096338
    23    0.42089644
    24    0.42575890
    25    0.43523172
    26    0.44897324
    27    0.46659756
    28    0.48763856
    29    0.51159739
    30    0.53782433
    31    0.56558990
    32    0.59407425
    33    0.62238944
    34    0.64963925
    35    0.67479116
    36    0.69682562
    37    0.71483445
    38    0.72804171
    39    0.73585659
    40    0.73797256
    41    0.73428458
    42    0.72495204
    43    0.71036977
    44    0.69117910
    45    0.66820037
    46    0.64236885
    47    0.61472940
    48    0.58628541
    49    0.55791020
    50    0.53048706
    51    0.50480896
    52    0.48159102
    53    0.46143135
    54    0.44482291
    55    0.43220839
    56    0.42396185
    57    0.42041099
    58    0.42193416
    59    0.42886385
    60    0.44123319
    61    0.45923716
    62    0.48305237
    63    0.51293540
    64    0.54879928
    65    0.59055167
    66    0.63801461
    67    0.69086647
    68    0.74858230
    69    0.81046677
    70    0.87535930
    71    0.94181085
    72    1.00800538
    73    1.07178175
    74    1.13077772
    75    1.18252611
    76    1.22466815
    77    1.25515580
    78    1.27244496
    79    1.27570772
    80    1.26471937
    81    1.24008024
    82    1.20300364
    83    1.15534604
    84    1.09933817
    85    1.03743219
    86    0.97205615
    87    0.90546596
    88    0.83967060
    89    0.77625751
    90    0.71653694
    91    0.66139716
    92    0.61143374
    93    0.56705588
    94    0.52850008
    95    0.49589828
    96    0.46932921
    97    0.44870785
    98    0.43379959
    99    0.42442262
   100    0.42042899
   101    0.42174658
   102    0.42789525
   103    0.43856543
   104    0.45340383
   105    0.47200298
   106    0.49388602
   107    0.51852649
   108    0.54524332
   109    0.57328260
   110    0.60180110
   111    0.62990999
   112    0.65667278
   113    0.68105096
   114    0.70205009
   115    0.71879548
   116    0.73055857
   117    0.73680747
   118    0.73731428
   119    0.73204064
   120    0.72119302
   121    0.70525283
   122    0.68491423
   123    0.66103721
   124    0.63458604
   125    0.60661155
   126    0.57807553
   127    0.54985899
   128    0.52282465
   129    0.49773979
   130    0.47530049
   131    0.45606181
   132    0.44051149
   133    0.42906886
   134    0.42209783
   135    0.41991878
   136    0.42297301
   137    0.43144193
   138    0.44542545
   139    0.46511632
   140    0.49072161
   141    0.52238744
   142    0.56005090
   143    0.60358959
   144    0.65278947
   145    0.70727068
   146    0.76645708
   147    0.82954270
   148    0.89523995
   149    0.96200925
   150    1.02790546
   151    1.09069645
   152    1.14797342
   153    1.19727683
   154    1.23631895
   155    1.26318777
   156    1.27653456
   157    1.27568722
   158    1.26068318
   159    1.23227334
   160    1.19186711
   161    1.14144540
   162    1.08333242
   163    1.01998234
   164    0.95379293
   165    0.88698369
   166    0.82146251
   167    0.75873506
   168    0.70005238
   169    0.64617991
   170    0.59767550
   171    0.55489296
   172    0.51802921
   173    0.48718771
   174    0.46244127
   175    0.44358623
   176    0.43041128
   177    0.42271376
   178    0.42030305
   179    0.42293385
   180    0.43025705
   181    0.44194868
   182    0.45763561
   183    0.47689217
   184    0.49920997
   185    0.52400362
   186    0.55059552
   187    0.57836688
   188    0.60636896
   189    0.63365483
   190    0.65927577
   191    0.68218362
   192    0.70139486
   193    0.71602339
   194    0.72536266
   195    0.72896492
   196    0.72644162
   197    0.71769989
   198    0.70294893
   199    0.68263710
   200    0.65740019
   201    0.62802285
   202    0.59537405
   203    0.56038064
   204    0.52389228
   205    0.48670742
   206    0.44955921
   207    0.41307822
   208    0.37785527
   209    0.34421968
   210    0.31246662
   211    0.28279138
   212    0.25530636
   213    0.23006603
   214    0.20722683
   215    0.18653141
   216    0.16787118
   217    0.15113008
   218    0.13617733
   219    0.12289719
   220    0.11114097
   221    0.10073411
   222    0.09153726
   223    0.08341740
   224    0.07624672
   225    0.06991091
   226    0.06430242
   227    0.05932327
   228    0.05488509
   229    0.05090882
   230    0.04735149
   231    0.04421549
   232    0.04133941
   233    0.03867929
   234    0.03619850
   235    0.03386771
   236    0.03172912
   237    0.02968208
   238    0.02771354
   239    0.02581609
   240    0.02398194
   241    0.02220945
   242    0.02049935
   243    0.01892675
   244    0.01747060
   245    0.01607767
   246    0.01478799
   247    0.01353207
   248    0.01231876
   249    0.01115238
   250    0.01003897
   251    0.00898371
   252    0.00809598
   253    0.00725343
   254    0.00645826
   255    0.00571304
   256    0.00501935
   257    0.00437793
   258    0.00378878
   259    0.00325125
   260    0.00276419
   261    0.00232603
   262    0.00193489
   263    0.00158866
   264    0.00128509
   265    0.00102187
   266    0.00079665
   267    0.00060714
   268    0.00045113
   269    0.00032653
   270    0.00023141
   271    0.00016489
   272    0.00012043
   273    0.00008400
   274    0.00005491
   275    0.00003266
   276    0.00001644
   277    0.00000589
   278    0.00000069
   279    0.00000000
   280    0.00000000
   281    0.00000000
   282    0.00000000
   283    0.00000000
   284    0.00000000
   285    0.00000000
   286    0.00000000
   287    0.00000000
   288    0.00000000
   289    0.00000000
   290    0.00000000
   291    0.00000000
   292    0.00000000
   293    0.00000000
   294    0.00000000
   295    0.00000000
   296    0.00000000
   297    0.00000000
   298    0.00000000
   299    0.00000000
   300    0.00000000
   301    0.00000000
   302    0.00000000
   303    0.00000000
   304    0.00000000
   305    0.00000000
   306    0.00000000
   307    0.00000000
   308    0.00000000
   309    0.00000000
   310    0.00000000
   311    0.00000000
   312    0.00000000
   313    0.00000000
   314    0.00000000
   315    0.00000000
   316    0.00000000
   317    0.00000000
   318    0.00000000
   319    0.00000000
   320    0.00000000
   321    0.00000000
   322    0.00000000
   323    0.00000000
   324    0.00000000
   325    0.00000000
   326    0.00000000
   327    0.00000000
   328    0.00000000
   329    0.00000000
   330    0.00000000
   331    0.00000000
   332    0.00000000
   333    0.00000000
   334    0.00000000
   335    0.00000000
   336    0.00000000
   337    0.00000000
   338    0.00000000
   339    0.00000000
   340    0.00000000
   341    0.00000000
   342    0.00000000
   343    0.00000000
   344    0.00000000
   345    0.00000000
   346    0.00000000
   347    0.00000000
   348    0.00000000
   349    0.00000000
   350    0.00000000
   351    0.00000000
   352    0.00000000
   353    0.00000000
   354    0.00000000
   355    0.00000000
   356    0.00000000
   357    0.00000000
   358    0.00000000
   359    0.00000000
   360    0.00000000
   361    0.00000000
   362    0.00000000
   363    0.00000000
   364    0.00000000
   365    0.00000000
   366    0.00000000
   367    0.00000000
   368    0.00000000
   369    0.00000000
   370    0.00000000
   371    0.00000000
   372    0.00000000
   373    0.00000000
   374    0.00000000
   375    0.00000000
   376    0.00000000
   377    0.00000000
   378    0.00000000
   379    0.00000000
   380    0.00000000
   381    0.00000000
   382    0.00000000
   383    0.00000000
   384    0.00000000
   385    0.00000000
   386    0.00000000
   387    0.00000000
   388    0.00000000
   389    0.00000000
   390    0.00000000
   391    0.00000000
   392    0.00000000
   393    0.00000000
   394    0.00000000
   395    0.00000000
   396    0.00000000
   397    0.00000000
   398    0.00000000
   399    0.00000000
   400    0.00000000
   401    0.00000000
   402    0.00000000
   403    0.00000000
   404    0.00000000
   405    0.00000000
   406    0.00000000
   407    0.00000000
   408    0.00000000
   409    0.00000000
   410    0.00000000
   411    0.00000000
   412    0.00000000
   413    0.00000000
   414    0.00000000
   415    0.00000000
   416    0.00000000
   417    0.00000000
   418    0.00000000
   419    0.00000000
   420    0.00000000
   421    0.00000000
   422    0.00000000
   423    0.00000000
   424    0.00000000
   425    0.00000000
   426    0.00000000
   427    0.00000000
   428    0.00000000
   429    0.00000000
   430    0.00000000
   431    0.00000000
   432    0.00000000
   433    0.00000000
   434    0.00000000
   435    0.00000000
   436    0.00000000
   437    0.00000000
   438    0.00000000
   439    0.00000000
   440    0.00000000
   441    0.00000000
   442    0.00000000
   443    0.00000000
   444    0.00000072
   445    0.00000588
   446    0.00001623
   447    0.00003209
   448    0.00005381
   449    0.00008218
   450    0.00011769
   451    0.00016101
   452    0.00022616
   453    0.00031949
   454    0.00044190
   455    0.00059530
   456    0.00078173
   457    0.00100336
   458    0.00126243
   459    0.00156124
   460    0.00190204
   461    0.00228703
   462    0.00271824
   463    0.00319751
   464    0.00372633
   465    0.00430578
   466    0.00493646
   467    0.00561830
   468    0.00635052
   469    0.00713148
   470    0.00795859
   471    0.00882961
   472    0.00986555
   473    0.01095835
   474    0.01210291
   475    0.01329324
   476    0.01452501
   477    0.01578957
   478    0.01715583
   479    0.01858451
   480    0.02012899
   481    0.02181079
   482    0.02355553
   483    0.02536298
   484    0.02723509
   485    0.02917996
   486    0.03120541
   487    0.03332495
   488    0.03563865
   489    0.03810554
   490    0.04075532
   491    0.04362484
   492    0.04675826
   493    0.05031662
   494    0.05429773
   495    0.05874474
   496    0.06373647
   497    0.06936103
   498    0.07571635
   499    0.08290936
   500    0.09105436
   501    0.10027838
   502    0.11071417
   503    0.12250066
   504    0.13581139
   505    0.15079427
   506    0.16756475
   507    0.18625371
   508    0.20697621
   509    0.22984082
   510    0.25510767
   511    0.28261846
   512    0.31231919
   513    0.34409535
   514    0.37775296
   515    0.41299558
   516    0.44948328
   517    0.48663753
   518    0.52382535
   519    0.56031674
   520    0.59531057
   521    0.62796038
   522    0.65733850
   523    0.68257821
   524    0.70289212
   525    0.71764570
   526    0.72639072
   527    0.72891724
   528    0.72531199
   529    0.71599013
   530    0.70135176
   531    0.68213111
   532    0.65921044
   533    0.63357234
   534    0.60626525
   535    0.57823861
   536    0.55046588
   537    0.52384520
   538    0.49902716
   539    0.47668540
   540    0.45740885
   541    0.44170544
   542    0.43000200
   543    0.42266986
   544    0.42003477
   545    0.42243803
   546    0.43012419
   547    0.44328737
   548    0.46212661
   549    0.48684862
   550    0.51764584
   551    0.55445832
   552    0.59717888
   553    0.64561462
   554    0.69941521
   555    0.75802356
   556    0.82067716
   557    0.88613749
   558    0.95289743
   559    1.01904559
   560    1.08238029
   561    1.14048052
   562    1.19089603
   563    1.23127973
   564    1.25964797
   565    1.27457094
   566    1.27531087
   567    1.26182055
   568    1.23479903
   569    1.19560921
   570    1.14618683
   571    1.08884096
   572    1.02603662
   573    0.96019280
   574    0.89353520
   575    0.82800090
   576    0.76511192
   577    0.70614445
   578    0.65188569
   579    0.60290599
   580    0.55957371
   581    0.52210134
   582    0.49060559
   583    0.46514806
   584    0.44557649
   585    0.43168870
   586    0.42329535
   587    0.42029622
   588    0.42251515
   589    0.42951256
   590    0.44097131
   591    0.45652989
   592    0.47576982
   593    0.49820453
   594    0.52327919
   595    0.55030131
   596    0.57849962
   597    0.60701776
   598    0.63497096
   599    0.66139710
   600    0.68524963
   601    0.70556140
   602    0.72147149
   603    0.73228949
   604    0.73753601
   605    0.73700279
   606    0.73072743
   607    0.71894044
   608    0.70217294
   609    0.68115026
   610    0.65675342
   611    0.62997234
   612    0.60185039
   613    0.57332349
   614    0.54527783
   615    0.51855385
   616    0.49390832
   617    0.47201881
   618    0.45341390
   619    0.43857124
   620    0.42789814
   621    0.42174730
   622    0.42042923
   623    0.42442268
   624    0.43379965
   625    0.44870779
   626    0.46932936
   627    0.49589813
   628    0.52850014
   629    0.56705576
   630    0.61143398
   631    0.66139704
   632    0.71653700
   633    0.77625746
   634    0.83967060
   635    0.90546530
   636    0.97205603
   637    1.03743184
   638    1.09933889
   639    1.15534639
   640    1.20300412
   641    1.24008000
   642    1.26471937
   643    1.27570772
   644    1.27244425
   645    1.25515616
   646    1.22466862
   647    1.18252611
   648    1.13077796
   649    1.07178211
   650    1.00800538
   651    0.94181120
   652    0.87535936
   653    0.81046700
   654    0.74858230
   655    0.69086647
   656    0.63801461
   657    0.59055185
   658    0.54879934
   659    0.51293564
   660    0.48305264
   661    0.45923698
   662    0.44123316
   663    0.42886394
   664    0.42193425
   665    0.42041105
   666    0.42396194
   667    0.43220845
   668    0.44482315
   669    0.46143121
   670    0.48159128
   671    0.50480908
   672    0.53048688
   673    0.55791020
   674    0.58628565
   675    0.61472929
   676    0.64236891
   677    0.66820037
   678    0.69117916
   679    0.71037000
   680    0.72495168
   681    0.73428488
   682    0.73797226
   683    0.73585659
   684    0.72804153
   685    0.71483457
   686    0.69682562
   687    0.67479080
   688    0.64963925
   689    0.62238938
   690    0.59407443
   691    0.56558937
   692    0.53782421
   693    0.51159716
   694    0.48763877
   695    0.46659777
   696    0.44897318
   697    0.43523172
   698    0.42575845
   699    0.42089650
   700    0.42096347
   701    0.42644340
   702    0.43730882
   703    0.45375878
   704    0.47596315
   705    0.50419563
   706    0.53842950
   707    0.57858890
   708    0.62451804
   709    0.67594397
   710    0.73239803
   711    0.79323828
   712    0.85744101
   713    0.92362654
   714    0.99009454
   715    1.05476093
   716    1.11530185
   717    1.16927028
   718    1.21425140
   719    1.24809611
   720    1.26909900
