     1  -30.64382362
     2  -29.90172005
     3  -27.79250526
     4  -24.61847687
     5  -20.76246643
     6  -16.61843300
     7  -12.56747913
     8   -8.94521904
     9   -5.97993040
    10   -3.74579453
    11   -2.17771435
    12   -1.13803363
    13   -0.48337191
    14   -0.09626322
    15    0.11196034
    16    0.20725951
    17    0.23840153
    18    0.24023837
    19    0.23530667
    20    0.23439270
    21    0.23666747
    22    0.22966617
    23    0.18914774
    24    0.07839444
    25   -0.15357925
    26   -0.57559693
    27   -1.28012860
    28   -2.38896251
    29   -4.04752588
    30   -6.38775444
    31   -9.45815182
    32  -13.16172409
    33  -17.25090790
    34  -21.38019562
    35  -25.16541862
    36  -28.21216393
    37  -30.14346313
    38  -30.67724228
    39  -29.72842407
    40  -27.44685173
    41  -24.15268517
    42  -20.23321915
    43  -16.08157349
    44  -12.07518864
    45   -8.53841496
    46   -5.67913055
    47   -3.54891396
    48   -2.06741476
    49   -1.09261799
    50   -0.48376927
    51   -0.12773864
    52    0.06043604
    53    0.14388554
    54    0.16908467
    55    0.16883399
    56    0.16365919
    57    0.16226828
    58    0.16161373
    59    0.14686139
    60    0.09116476
    61   -0.04516164
    62   -0.31665212
    63   -0.79652923
    64   -1.58272874
    65   -2.80282259
    66   -4.60490656
    67   -7.11473942
    68  -10.36345863
    69  -14.23153877
    70  -18.45375443
    71  -22.67588234
    72  -26.50747871
    73  -29.54191208
    74  -31.38830566
    75  -31.76625061
    76  -30.61901093
    77  -28.13999557
    78  -24.68500519
    79  -20.65779305
    80  -16.45368576
    81  -12.44344616
    82   -8.93559837
    83   -6.11465979
    84   -4.00915861
    85   -2.52447987
    86   -1.51503706
    87   -0.84247547
    88   -0.39696580
    89   -0.09581339
    90    0.12287161
    91    0.30508566
    92    0.48385966
    93    0.68084961
    94    0.90741879
    95    1.16589320
    96    1.45132256
    97    1.75370920
    98    2.06047511
    99    2.35883784
   100    2.63762856
   101    2.88839221
   102    3.10579896
   103    3.28754044
   104    3.43389344
   105    3.54700899
   106    3.63025188
   107    3.68765831
   108    3.72343087
   109    3.74160075
   110    3.74581528
   111    3.73924804
   112    3.72456264
   113    3.70391870
   114    3.67902017
   115    3.65116334
   116    3.62130284
   117    3.59011126
   118    3.55803251
   119    3.52535748
   120    3.49227142
   121    3.45887756
   122    3.42523026
   123    3.39137459
   124    3.35734558
   125    3.32316899
   126    3.28886724
   127    3.25445700
   128    3.21995115
   129    3.18536139
   130    3.15069413
   131    3.11595798
   132    3.08115649
   133    3.04629374
   134    3.01137352
   135    2.97639775
   136    2.94136953
   137    2.90628958
   138    2.87115908
   139    2.83597922
   140    2.80075073
   141    2.76547503
   142    2.73015070
   143    2.69478130
   144    2.65936518
   145    2.62390399
   146    2.58839726
   147    2.55284572
   148    2.51725245
   149    2.48161507
   150    2.44593644
   151    2.41021729
   152    2.37446094
   153    2.33866763
   154    2.30284071
   155    2.26698542
   156    2.23110390
   157    2.19520307
   158    2.15929103
   159    2.12337708
   160    2.08747125
   161    2.05158997
   162    2.01573944
   163    1.97988558
   164    1.94393778
   165    1.90770102
   166    1.87079632
   167    1.83256483
   168    1.79196179
   169    1.74737072
   170    1.69634521
   171    1.63524425
   172    1.55868804
   173    1.45879030
   174    1.32404041
   175    1.13770175
   176    0.87556159
   177    0.50269675
   178   -0.03102544
   179   -0.79706752
   180   -1.89550138
   181   -3.45828962
   182   -5.63233900
   183   -8.52555466
   184  -12.13231945
   185  -16.29056931
   186  -20.70402908
   187  -25.00329208
   188  -28.79045105
   189  -31.65801239
   190  -33.23684311
   191  -33.30149841
   192  -31.86476707
   193  -29.17092323
   194  -25.59551048
   195  -21.54625130
   196  -17.42145920
   197  -13.58817291
   198  -10.33181190
   199   -7.79645681
   200   -5.97107029
   201   -4.73954058
   202   -3.95444059
   203   -3.48547959
   204   -3.23232841
   205   -3.12045121
   206   -3.09476376
   207   -3.11526775
   208   -3.15469956
   209   -3.19746280
   210   -3.23930478
   211   -3.28727126
   212   -3.35979533
   213   -3.48713779
   214   -3.71270466
   215   -4.09584951
   216   -4.71683216
   217   -5.68330002
   218   -7.13176298
   219   -9.20625114
   220  -11.99993324
   221  -15.48264599
   222  -19.46752739
   223  -23.64292145
   224  -27.63604164
   225  -31.05528641
   226  -33.51087952
   227  -34.66807175
   228  -34.34791565
   229  -32.60286331
   230  -29.69342041
   231  -25.98945618
   232  -21.88541031
   233  -17.76784897
   234  -13.99073410
   235  -10.81965542
   236   -8.37451077
   237   -6.62480068
   238   -5.44584703
   239   -4.69095993
   240   -4.23411608
   241   -3.97892427
   242   -3.85358167
   243   -3.80482411
   244   -3.79403758
   245   -3.79525805
   246   -3.79435062
   247   -3.78882551
   248   -3.78779960
   249   -3.81211162
   250   -3.89478421
   251   -4.08243084
   252   -4.43826675
   253   -5.04729843
   254   -6.02264500
   255   -7.50501966
   256   -9.63635159
   257  -12.49686909
   258  -16.03486633
   259  -20.04240990
   260  -24.19515800
   261  -28.11569595
   262  -31.41088676
   263  -33.69346619
   264  -34.64326859
   265  -34.11045456
   266  -32.18011856
   267  -29.13431168
   268  -25.35003662
   269  -21.22167778
   270  -17.13342667
   271  -13.43077660
   272  -10.36129856
   273   -8.02199078
   274   -6.36434507
   275   -5.25642824
   276   -4.55281115
   277   -4.13170671
   278   -3.90064621
   279   -3.79080510
   280   -3.75119972
   281   -3.74511003
   282   -3.74829483
   283   -3.74829245
   284   -3.74427080
   285   -3.74701762
   286   -3.77906942
   287   -3.87527919
   288   -4.08441114
   289   -4.47242975
   290   -5.12800026
   291   -6.16859102
   292   -7.73757935
   293   -9.97262383
   294  -12.93882084
   295  -16.56199074
   296  -20.61385155
   297  -24.75879478
   298  -28.61571312
   299  -31.79065323
   300  -33.90076828
