   0.000          1.64751661          1.64751661          1.64751661          1.12498963          1.12498963          1.12498963
   0.054          1.64717150          1.64717150          1.64717150          1.12498951          1.12498951          1.12498951
   0.108          1.64623713          1.64623713          1.64623713          1.12659621          1.12659621          1.12659621
   0.161          1.64450932          1.64450932          1.64450932          1.12989986          1.12989986          1.12989986
   0.215          1.64031589          1.64031589          1.64031589          1.13503420          1.13503420          1.13503420
   0.269          1.62957668          1.62957668          1.62957668          1.14210534          1.14210534          1.14210534
   0.323          1.60612166          1.60612166          1.60612166          1.15112853          1.15112853          1.15112853
   0.376          1.56340754          1.56340754          1.56340754          1.16200221          1.16200221          1.16200221
   0.430          1.49698436          1.49698436          1.49698436          1.17451918          1.17451918          1.17451918
   0.484          1.40657735          1.40657735          1.40657735          1.18840742          1.18840742          1.18840742
   0.538          1.29668665          1.29668665          1.29668665          1.20337093          1.20337093          1.20337093
   0.591          1.17542124          1.17542124          1.17542124          1.21910810          1.21910810          1.21910810
   0.645          1.05234718          1.05234718          1.05234718          1.23529935          1.23529935          1.23529935
   0.699          0.93617862          0.93617862          0.93617862          1.25157058          1.25157058          1.25157058
   0.753          0.83336240          0.83336240          0.83336240          1.26745701          1.26745701          1.26745701
   0.807          0.74761838          0.74761838          0.74761838          1.28239465          1.28239465          1.28239465
   0.860          0.68031800          0.68031800          0.68031800          1.29574895          1.29574895          1.29574895
   0.914          0.63133371          0.63133371          0.63133371          1.30687821          1.30687821          1.30687821
   0.968          0.59979826          0.59979826          0.59979826          1.31520617          1.31520617          1.31520617
   1.022          0.58483291          0.58483291          0.58483291          1.32028711          1.32028711          1.32028711
   1.075          0.58592325          0.58592325          0.58592325          1.32184565          1.32184565          1.32184565
   1.129          0.60310322          0.60310322          0.60310322          1.31979752          1.31979752          1.31979752
   1.183          0.63696235          0.63696235          0.63696235          1.31425369          1.31425369          1.31425369
   1.237          0.68840331          0.68840331          0.68840331          1.30551398          1.30551398          1.30551398
   1.290          0.75823092          0.75823092          0.75823092          1.29404509          1.29404509          1.29404509
   1.344          0.84643608          0.84643608          0.84643608          1.28043628          1.28043628          1.28043628
   1.398          0.95134574          0.95134574          0.95134574          1.26533306          1.26533306          1.26533306
   1.452          1.06889820          1.06889820          1.06889820          1.24936318          1.24936318          1.24936318
   1.506          1.19228089          1.19228089          1.19228089          1.23307776          1.23307776          1.23307776
   1.559          1.31255031          1.31255031          1.31255031          1.21692789          1.21692789          1.21692789
   1.613          1.42019486          1.42019486          1.42019486          1.20127809          1.20127809          1.20127809
   1.667          1.50749576          1.50749576          1.50749576          1.18644369          1.18644369          1.18644369
   1.721          1.57056415          1.57056415          1.57056415          1.17272532          1.17272532          1.17272532
   1.774          1.61032343          1.61032343          1.61032343          1.16041744          1.16041744          1.16041744
   1.828          1.63163829          1.63163829          1.63163829          1.14978588          1.14978588          1.14978588
   1.882          1.64115262          1.64115262          1.64115262          1.14102530          1.14102530          1.14102530
   1.936          1.64482522          1.64482522          1.64482522          1.13422191          1.13422191          1.13422191
   1.989          1.64638793          1.64638793          1.64638793          1.12934470          1.12934470          1.12934470
   2.043          1.64726067          1.64726067          1.64726067          1.12627983          1.12627983          1.12627983
   2.097          1.64751709          1.64751709          1.64751709          1.12489581          1.12489581          1.12489581
   2.151          1.64707839          1.64707839          1.64707839          1.12511265          1.12511265          1.12511265
   2.205          1.64606345          1.64606345          1.64606345          1.12694383          1.12694383          1.12694383
   2.258          1.64414203          1.64414203          1.64414203          1.13048911          1.13048911          1.13048911
   2.312          1.63934588          1.63934588          1.63934588          1.13588285          1.13588285          1.13588285
   2.366          1.62728059          1.62728059          1.62728059          1.14322186          1.14322186          1.14322186
   2.420          1.60156870          1.60156870          1.60156870          1.15250623          1.15250623          1.15250623
   2.473          1.55580401          1.55580401          1.55580401          1.16361785          1.16361785          1.16361785
   2.527          1.48601556          1.48601556          1.48601556          1.17633867          1.17633867          1.17633867
   2.581          1.39258647          1.39258647          1.39258647          1.19039094          1.19039094          1.19039094
   2.635          1.28061152          1.28061152          1.28061152          1.20547771          1.20547771          1.20547771
   2.688          1.15853679          1.15853679          1.15853679          1.22129655          1.22129655          1.22129655
   2.742          1.03592753          1.03592753          1.03592753          1.23752260          1.23752260          1.23752260
   2.796          0.92126161          0.92126161          0.92126161          1.25377095          1.25377095          1.25377095
   2.850          0.82061833          0.82061833          0.82061833          1.26956332          1.26956332          1.26956332
   2.904          0.73734528          0.73734528          0.73734528          1.28432333          1.28432333          1.28432333
   2.957          0.67257619          0.67257619          0.67257619          1.29741144          1.29741144          1.29741144
   3.011          0.62602472          0.62602472          0.62602472          1.30819035          1.30819035          1.30819035
   3.065          0.59679580          0.59679580          0.59679580          1.31609845          1.31609845          1.31609845
   3.119          0.58404273          0.58404273          0.58404273          1.32071114          1.32071114          1.32071114
   3.172          0.58731198          0.58731198          0.58731198          1.32177854          1.32177854          1.32177854
   3.226          0.60672182          0.60672182          0.60672182          1.31924272          1.31924272          1.31924272
   3.280          0.64291948          0.64291948          0.64291948          1.31324136          1.31324136          1.31324136
   3.334          0.69683039          0.69683039          0.69683039          1.30409873          1.30409873          1.30409873
   3.388          0.76919633          0.76919633          0.76919633          1.29230154          1.29230154          1.29230154
   3.441          0.85981625          0.85981625          0.85981625          1.27845073          1.27845073          1.27845073
   3.495          0.96675801          0.96675801          0.96675801          1.26319337          1.26319337          1.26319337
   3.549          1.08555877          1.08555877          1.08555877          1.24715018          1.24715018          1.24715018
   3.603          1.20909333          1.20909333          1.20909333          1.23085904          1.23085904          1.23085904
   3.656          1.32816780          1.32816780          1.32816780          1.21475756          1.21475756          1.21475756
   3.710          1.43343556          1.43343556          1.43343556          1.19920111          1.19920111          1.19920111
   3.764          1.51754892          1.51754892          1.51754892          1.18450153          1.18450153          1.18450153
   3.818          1.57728374          1.57728374          1.57728374          1.17095852          1.17095852          1.17095852
   3.871          1.61417532          1.61417532          1.61417532          1.15886462          1.15886462          1.15886462
   3.925          1.63347876          1.63347876          1.63347876          1.14847922          1.14847922          1.14847922
   3.979          1.64188528          1.64188528          1.64188528          1.13998342          1.13998342          1.13998342
   4.033          1.64511895          1.64511895          1.64511895          1.13344717          1.13344717          1.13344717
   4.087          1.64654672          1.64654672          1.64654672          1.12882507          1.12882507          1.12882507
   4.140          1.64733219          1.64733219          1.64733219          1.12599695          1.12599695          1.12599695
   4.194          1.64749372          1.64749372          1.64749372          1.12483418          1.12483418          1.12483418
   4.248          1.64696693          1.64696693          1.64696693          1.12526774          1.12526774          1.12526774
   4.302          1.64587665          1.64587665          1.64587665          1.12732506          1.12732506          1.12732506
   4.355          1.64373434          1.64373434          1.64373434          1.13111424          1.13111424          1.13111424
   4.409          1.63827062          1.63827062          1.63827062          1.13676882          1.13676882          1.13676882
   4.463          1.62472665          1.62472665          1.62472665          1.14437509          1.14437509          1.14437509
   4.517          1.59663737          1.59663737          1.59663737          1.15391779          1.15391779          1.15391779
   4.570          1.54774308          1.54774308          1.54774308          1.16526294          1.16526294          1.16526294
   4.624          1.47460270          1.47460270          1.47460270          1.17818165          1.17818165          1.17818165
   4.678          1.37824810          1.37824810          1.37824810          1.19239211          1.19239211          1.19239211
   4.732          1.26435161          1.26435161          1.26435161          1.20759606          1.20759606          1.20759606
   4.786          1.14164400          1.14164400          1.14164400          1.22348988          1.22348988          1.22348988
   4.839          1.01965940          1.01965940          1.01965940          1.23974288          1.23974288          1.23974288
   4.893          0.90660918          0.90660918          0.90660918          1.25595915          1.25595915          1.25595915
   4.947          0.80818993          0.80818993          0.80818993          1.27164590          1.27164590          1.27164590
   5.001          0.72741938          0.72741938          0.72741938          1.28621566          1.28621566          1.28621566
   5.054          0.66517264          0.66517264          0.66517264          1.29902470          1.29902470          1.29902470
   5.108          0.62104261          0.62104261          0.62104261          1.30944169          1.30944169          1.30944169
   5.162          0.59410149          0.59410149          0.59410149          1.31692064          1.31692064          1.31692064
   5.216          0.58354753          0.58354753          0.58354753          1.32105911          1.32105911          1.32105911
   5.269          0.58899981          0.58899981          0.58899981          1.32163262          1.32163262          1.32163262
   5.323          0.61065352          0.61065352          0.61065352          1.31860983          1.31860983          1.31860983
   5.377          0.64921284          0.64921284          0.64921284          1.31215429          1.31215429          1.31215429
   5.431          0.70561498          0.70561498          0.70561498          1.30261481          1.30261481          1.30261481
   5.485          0.78050900          0.78050900          0.78050900          1.29049671          1.29049671          1.29049671
   5.538          0.87352175          0.87352175          0.87352175          1.27641165          1.27641165          1.27641165
   5.592          0.98240411          0.98240411          0.98240411          1.26100719          1.26100719          1.26100719
   5.646          1.10233188          1.10233188          1.10233188          1.24489486          1.24489486          1.24489486
   5.700          1.22580349          1.22580349          1.22580349          1.22859967          1.22859967          1.22859967
   5.753          1.34354246          1.34354246          1.34354246          1.21254599          1.21254599          1.21254599
   5.807          1.44628108          1.44628108          1.44628108          1.19708109          1.19708109          1.19708109
   5.861          1.52714241          1.52714241          1.52714241          1.18251383          1.18251383          1.18251383
   5.915          1.58356500          1.58356500          1.58356500          1.16914403          1.16914403          1.16914403
   5.968          1.61767936          1.61767936          1.61767936          1.15726244          1.15726244          1.15726244
   6.022          1.63509786          1.63509786          1.63509786          1.14712083          1.14712083          1.14712083
   6.076          1.64250445          1.64250445          1.64250445          1.13888729          1.13888729          1.13888729
   6.130          1.64534259          1.64534259          1.64534259          1.13261640          1.13261640          1.13261640
   6.184          1.64665747          1.64665747          1.64665747          1.12825036          1.12825036          1.12825036
   6.237          1.64735627          1.64735627          1.64735627          1.12566435          1.12566435          1.12566435
   6.291          1.64741719          1.64741719          1.64741719          1.12473369          1.12473369          1.12473369
   6.345          1.64681506          1.64681506          1.64681506          1.12540090          1.12540090          1.12540090
   6.399          1.64563859          1.64563859          1.64563859          1.12770462          1.12770462          1.12770462
   6.452          1.64322972          1.64322972          1.64322972          1.13175941          1.13175941          1.13175941
   6.506          1.63698518          1.63698518          1.63698518          1.13769400          1.13769400          1.13769400
   6.560          1.62187755          1.62187755          1.62187755          1.14558232          1.14558232          1.14558232
   6.614          1.59126663          1.59126663          1.59126663          1.15539253          1.15539253          1.15539253
   6.667          1.53918695          1.53918695          1.53918695          1.16697550          1.16697550          1.16697550
   6.721          1.46269429          1.46269429          1.46269429          1.18009269          1.18009269          1.18009269
   6.775          1.36352527          1.36352527          1.36352527          1.19445848          1.19445848          1.19445848
   6.829          1.24784911          1.24784911          1.24784911          1.20977437          1.20977437          1.20977437
   6.883          1.12467766          1.12467766          1.12467766          1.22573411          1.22573411          1.22573411
   6.936          1.00345850          1.00345850          1.00345850          1.24199927          1.24199927          1.24199927
   6.990          0.89209932          0.89209932          0.89209932          1.25816047          1.25816047          1.25816047
   7.044          0.79593736          0.79593736          0.79593736          1.27371025          1.27371025          1.27371025
   7.098          0.71764028          0.71764028          0.71764028          1.28804922          1.28804922          1.28804922
   7.151          0.65786934          0.65786934          0.65786934          1.30053139          1.30053139          1.30053139
   7.205          0.61610430          0.61610430          0.61610430          1.31053352          1.31053352          1.31053352
   7.259          0.59139752          0.59139752          0.59139752          1.31752741          1.31752741          1.31752741
   7.313          0.58298963          0.58298963          0.58298963          1.32113588          1.32113588          1.32113588
   7.366          0.59058142          0.59058142          0.59058142          1.32116187          1.32116187          1.32116187
   7.420          0.61445361          0.61445361          0.61445361          1.31760275          1.31760275          1.31760275
   7.474          0.65535516          0.65535516          0.65535516          1.31065047          1.31065047          1.31065047
   7.528          0.71424139          0.71424139          0.71424139          1.30067837          1.30067837          1.30067837
   7.582          0.79166627          0.79166627          0.79166627          1.28821158          1.28821158          1.28821158
   7.635          0.88707668          0.88707668          0.88707668          1.27387261          1.27387261          1.27387261
   7.689          0.99789786          0.99789786          0.99789786          1.25830913          1.25830913          1.25830913
   7.743          1.11893702          1.11893702          1.11893702          1.24212396          1.24212396          1.24212396
   7.797          1.24239850          1.24239850          1.24239850          1.22582865          1.22582865          1.22582865
   7.850          1.35885906          1.35885906          1.35885906          1.20983529          1.20983529          1.20983529
   7.904          1.45921707          1.45921707          1.45921707          1.19448328          1.19448328          1.19448328
   7.958          1.53706896          1.53706896          1.53706896          1.18007910          1.18007910          1.18007910
   8.012          1.59044743          1.59044743          1.59044743          1.16692221          1.16692221          1.16692221
   8.065          1.62204385          1.62204385          1.62204385          1.15529931          1.15529931          1.15529931
   8.119          1.63774335          1.63774335          1.63774335          1.14545202          1.14545202          1.14545202
   8.173          1.64417017          1.64417017          1.64417017          1.13753366          1.13753366          1.13753366
   8.227          1.64651072          1.64651072          1.64651072          1.13157952          1.13157952          1.13157952
   8.281          1.64750898          1.64750898          1.64750898          1.12751627          1.12751627          1.12751627
   8.334          1.64792085          1.64792085          1.64792085          1.12520909          1.12520909          1.12520909
   8.388          1.64768827          1.64768827          1.64768827          1.12453353          1.12453353          1.12453353
   8.442          1.64683831          1.64683831          1.64683831          1.12543702          1.12543702          1.12543702
   8.496          1.64538872          1.64538872          1.64538872          1.12796342          1.12796342          1.12796342
   8.549          1.64246225          1.64246225          1.64246225          1.13222706          1.13222706          1.13222706
   8.603          1.63507307          1.63507307          1.63507307          1.13835108          1.13835108          1.13835108
   8.657          1.61786735          1.61786735          1.61786735          1.14639843          1.14639843          1.14639843
   8.711          1.58418381          1.58418381          1.58418381          1.15632725          1.15632725          1.15632725
   8.765          1.52835250          1.52835250          1.52835250          1.16798484          1.16798484          1.16798484
   8.818          1.44806981          1.44806981          1.44806981          1.18113565          1.18113565          1.18113565
   8.872          1.34574854          1.34574854          1.34574854          1.19550192          1.19550192          1.19550192
   8.926          1.22812498          1.22812498          1.22812498          1.21079159          1.21079159          1.21079159
   8.980          1.10446036          1.10446036          1.10446036          1.22669816          1.22669816          1.22669816
   9.033          0.98405981          0.98405981          0.98405981          1.24287212          1.24287212          1.24287212
   9.087          0.87454849          0.87454849          0.87454849          1.25888228          1.25888228          1.25888228
   9.141          0.78085470          0.78085470          0.78085470          1.27419376          1.27419376          1.27419376
   9.195          0.70533228          0.70533228          0.70533228          1.28818226          1.28818226          1.28818226
   9.248          0.64839929          0.64839929          0.64839929          1.30018389          1.30018389          1.30018389
   9.302          0.60944682          0.60944682          0.60944682          1.30956829          1.30956829          1.30956829
   9.356          0.58749992          0.58749992          0.58749992          1.31580961          1.31580961          1.31580961
   9.410          0.58182639          0.58182639          0.58182639          1.31853688          1.31853688          1.31853688
   9.464          0.59219122          0.59219122          0.59219122          1.31756341          1.31756341          1.31756341
   9.517          0.61892468          0.61892468          0.61892468          1.31289637          1.31289637          1.31289637
   9.571          0.66282094          0.66282094          0.66282094          1.30473423          1.30473423          1.30473423
   9.625          0.72479492          0.72479492          0.72479492          1.29345286          1.29345286          1.29345286
   9.679          0.80531085          0.80531085          0.80531085          1.27957165          1.27957165          1.27957165
   9.732          0.90354985          0.90354985          0.90354985          1.26369572          1.26369572          1.26369572
   9.786          1.01659715          1.01659715          1.01659715          1.24644184          1.24644184          1.24644184
   9.840          1.13885343          1.13885343          1.13885343          1.22836745          1.22836745          1.22836745
   9.894          1.26216364          1.26216364          1.26216364          1.20992553          1.20992553          1.20992553
   9.947          1.37693667          1.37693667          1.37693667          1.19145596          1.19145596          1.19145596
  10.001          1.47421741          1.47421741          1.47421741          1.17320764          1.17320764          1.17320764
  10.055          1.54803073          1.54803073          1.54803073          1.15537035          1.15537035          1.15537035
  10.109          1.59701014          1.59701014          1.59701014          1.13809288          1.13809288          1.13809288
  10.163          1.62439251          1.62439251          1.62439251          1.12147844          1.12147844          1.12147844
  10.216          1.63639951          1.63639951          1.63639951          1.10556650          1.10556650          1.10556650
  10.270          1.63978446          1.63978446          1.63978446          1.09032595          1.09032595          1.09032595
  10.324          1.63970721          1.63970721          1.63970721          1.07567561          1.07567561          1.07567561
  10.378          1.63890100          1.63890100          1.63890100          1.06153977          1.06153977          1.06153977
  10.431          1.63818288          1.63818288          1.63818288          1.04791844          1.04791844          1.04791844
  10.485          1.63759148          1.63759148          1.63759148          1.03493869          1.03493869          1.03493869
  10.539          1.63707876          1.63707876          1.63707876          1.02285790          1.02285790          1.02285790
  10.593          1.63640606          1.63640606          1.63640606          1.01201189          1.01201189          1.01201189
  10.646          1.63412273          1.63412273          1.63412273          1.00272965          1.00272965          1.00272965
  10.700          1.62653124          1.62653124          1.62653124          0.99524707          0.99524707          0.99524707
  10.754          1.60763526          1.60763526          1.60763526          0.98965716          0.98965716          0.98965716
  10.808          1.57052505          1.57052505          1.57052505          0.98590493          0.98590493          0.98590493
  10.862          1.50971508          1.50971508          1.50971508          0.98381633          0.98381633          0.98381633
  10.915          1.42346442          1.42346442          1.42346442          0.98313951          0.98313951          0.98313951
  10.969          1.31484139          1.31484139          1.31484139          0.98357719          0.98357719          0.98357719
  11.023          1.19110656          1.19110656          1.19110656          0.98480117          0.98480117          0.98480117
  11.077          1.06162381          1.06162381          1.06162381          0.98645186          0.98645186          0.98645186
  11.130          0.93560290          0.93560290          0.93560290          0.98813778          0.98813778          0.98813778
  11.184          0.82024503          0.82024503          0.82024503          0.98944235          0.98944235          0.98944235
  11.238          0.72001964          0.72001964          0.72001964          0.98994255          0.98994255          0.98994255
  11.292          0.63684827          0.63684827          0.63684827          0.98923302          0.98923302          0.98923302
  11.345          0.57082093          0.57082093          0.57082093          0.98694730          0.98694730          0.98694730
  11.399          0.52101505          0.52101505          0.52101505          0.98276967          0.98276967          0.98276967
  11.453          0.48620382          0.48620382          0.48620382          0.97643960          0.97643960          0.97643960
  11.507          0.46528989          0.46528989          0.46528989          0.96775746          0.96775746          0.96775746
  11.561          0.45745730          0.45745730          0.45745730          0.95659840          0.95659840          0.95659840
  11.614          0.46211049          0.46211049          0.46211049          0.94293672          0.94293672          0.94293672
  11.668          0.47861508          0.47861508          0.47861508          0.92687368          0.92687368          0.92687368
  11.722          0.50592583          0.50592583          0.50592583          0.90865266          0.90865266          0.90865266
  11.776          0.54216754          0.54216754          0.54216754          0.88864684          0.88864684          0.88864684
  11.829          0.58435810          0.58435810          0.58435810          0.86731279          0.86731279          0.86731279
  11.883          0.62847483          0.62847483          0.62847483          0.84511840          0.84511840          0.84511840
  11.937          0.66999817          0.66999817          0.66999817          0.82247043          0.82247043          0.82247043
  11.991          0.70484138          0.70484138          0.70484138          0.79966593          0.79966593          0.79966593
  12.044          0.73038316          0.73038316          0.73038316          0.77688044          0.77688044          0.77688044
  12.098          0.74610460          0.74610460          0.74610460          0.75418955          0.75418955          0.75418955
  12.152          0.75347900          0.75347900          0.75347900          0.73160625          0.73160625          0.73160625
  12.206          0.75517350          0.75517350          0.75517350          0.70911264          0.70911264          0.70911264
  12.260          0.75393283          0.75393283          0.75393283          0.68667835          0.68667835          0.68667835
  12.313          0.75167495          0.75167495          0.75167495          0.66427046          0.66427046          0.66427046
  12.367          0.74923962          0.74923962          0.74923962          0.64186406          0.64186406          0.64186406
  12.421          0.74669856          0.74669856          0.74669856          0.61946625          0.61946625          0.61946625
  12.475          0.74392110          0.74392110          0.74392110          0.59715176          0.59715176          0.59715176
  12.528          0.74087960          0.74087960          0.74087960          0.57509613          0.57509613          0.57509613
  12.582          0.73753893          0.73753893          0.73753893          0.55358630          0.55358630          0.55358630
  12.636          0.73334688          0.73334688          0.73334688          0.53299588          0.53299588          0.53299588
  12.690          0.72673035          0.72673035          0.72673035          0.51372474          0.51372474          0.51372474
  12.743          0.71508646          0.71508646          0.71508646          0.49612474          0.49612474          0.49612474
  12.797          0.69540006          0.69540006          0.69540006          0.48043275          0.48043275          0.48043275
  12.851          0.66532189          0.66532189          0.66532189          0.46673542          0.46673542          0.46673542
  12.905          0.62420088          0.62420088          0.62420088          0.45496774          0.45496774          0.45496774
  12.959          0.57351321          0.57351321          0.57351321          0.44494101          0.44494101          0.44494101
  13.012          0.51653802          0.51653802          0.51653802          0.43638539          0.43638539          0.43638539
  13.066          0.45742637          0.45742637          0.45742637          0.42899302          0.42899302          0.42899302
  13.120          0.40018398          0.40018398          0.40018398          0.42245400          0.42245400          0.42245400
  13.174          0.34789258          0.34789258          0.34789258          0.41648036          0.41648036          0.41648036
  13.227          0.30241853          0.30241853          0.30241853          0.41081697          0.41081697          0.41081697
  13.281          0.26451099          0.26451099          0.26451099          0.40524206          0.40524206          0.40524206
  13.335          0.23412871          0.23412871          0.23412871          0.39956141          0.39956141          0.39956141
  13.389          0.21078975          0.21078975          0.21078975          0.39360082          0.39360082          0.39360082
  13.442          0.19384815          0.19384815          0.19384815          0.38720182          0.38720182          0.38720182
  13.496          0.18265192          0.18265192          0.18265192          0.38022378          0.38022378          0.38022378
  13.550          0.17656632          0.17656632          0.17656632          0.37255406          0.37255406          0.37255406
  13.604          0.17492068          0.17492068          0.17492068          0.36412370          0.36412370          0.36412370
  13.658          0.17690869          0.17690869          0.17690869          0.35492304          0.35492304          0.35492304
  13.711          0.18151058          0.18151058          0.18151058          0.34501001          0.34501001          0.34501001
  13.765          0.18749285          0.18749285          0.18749285          0.33450356          0.33450356          0.33450356
  13.819          0.19356938          0.19356938          0.19356938          0.32356164          0.32356164          0.32356164
  13.873          0.19859263          0.19859263          0.19859263          0.31234890          0.31234890          0.31234890
  13.926          0.20180191          0.20180191          0.20180191          0.30100593          0.30100593          0.30100593
  13.980          0.20297423          0.20297423          0.20297423          0.28963110          0.28963110          0.28963110
  14.034          0.20239826          0.20239826          0.20239826          0.27827981          0.27827981          0.27827981
  14.088          0.20066401          0.20066401          0.20066401          0.26697740          0.26697740          0.26697740
  14.141          0.19840269          0.19840269          0.19840269          0.25573668          0.25573668          0.25573668
  14.195          0.19607373          0.19607373          0.19607373          0.24457006          0.24457006          0.24457006
  14.249          0.19389844          0.19389844          0.19389844          0.23349372          0.23349372          0.23349372
  14.303          0.19191939          0.19191939          0.19191939          0.22252600          0.22252600          0.22252600
  14.357          0.19011112          0.19011112          0.19011112          0.21168838          0.21168838          0.21168838
  14.410          0.18844028          0.18844028          0.18844028          0.20101418          0.20101418          0.20101418
  14.464          0.18681890          0.18681890          0.18681890          0.19056469          0.19056469          0.19056469
  14.518          0.18499431          0.18499431          0.18499431          0.18044518          0.18044518          0.18044518
  14.572          0.18247068          0.18247068          0.18247068          0.17080984          0.17080984          0.17080984
  14.625          0.17853729          0.17853729          0.17853729          0.16184889          0.16184889          0.16184889
  14.679          0.17245939          0.17245939          0.17245939          0.15375787          0.15375787          0.15375787
  14.733          0.16373600          0.16373600          0.16373600          0.14669944          0.14669944          0.14669944
  14.787          0.15232393          0.15232393          0.15232393          0.14077073          0.14077073          0.14077073
  14.841          0.13870130          0.13870130          0.13870130          0.13598730          0.13598730          0.13598730
  14.894          0.12374701          0.12374701          0.12374701          0.13228677          0.13228677          0.13228677
  14.948          0.10849597          0.10849597          0.10849597          0.12954874          0.12954874          0.12954874
  15.002          0.09389590          0.09389590          0.09389590          0.12762132          0.12762132          0.12762132
  15.056          0.08063201          0.08063201          0.08063201          0.12634633          0.12634633          0.12634633
  15.109          0.06907775          0.06907775          0.06907775          0.12557656          0.12557656          0.12557656
  15.163          0.05933282          0.05933282          0.05933282          0.12518376          0.12518376          0.12518376
  15.217          0.05130737          0.05130737          0.05130737          0.12505898          0.12505898          0.12505898
  15.271          0.04481411          0.04481411          0.04481411          0.12510924          0.12510924          0.12510924
  15.324          0.03963395          0.03963395          0.03963395          0.12525414          0.12525414          0.12525414
  15.378          0.03556262          0.03556262          0.03556262          0.12542439          0.12542439          0.12542439
  15.432          0.03242823          0.03242823          0.03242823          0.12556271          0.12556271          0.12556271
  15.486          0.03010098          0.03010098          0.03010098          0.12562537          0.12562537          0.12562537
  15.540          0.02848841          0.02848841          0.02848841          0.12558244          0.12558244          0.12558244
  15.593          0.02752909          0.02752909          0.02752909          0.12541509          0.12541509          0.12541509
  15.647          0.02718772          0.02718772          0.02718772          0.12511103          0.12511103          0.12511103
  15.701          0.02744917          0.02744917          0.02744917          0.12465917          0.12465917          0.12465917
  15.755          0.02831948          0.02831948          0.02831948          0.12404588          0.12404588          0.12404588
  15.808          0.02983012          0.02983012          0.02983012          0.12325455          0.12325455          0.12325455
  15.862          0.03203887          0.03203887          0.03203887          0.12226878          0.12226878          0.12226878
  15.916          0.03503546          0.03503546          0.03503546          0.12107735          0.12107735          0.12107735
  15.970          0.03894497          0.03894497          0.03894497          0.11967849          0.11967849          0.11967849
  16.023          0.04393210          0.04393210          0.04393210          0.11808164          0.11808164          0.11808164
  16.077          0.05019778          0.05019778          0.05019778          0.11630593          0.11630593          0.11630593
  16.131          0.05796402          0.05796402          0.05796402          0.11437619          0.11437619          0.11437619
  16.185          0.06743670          0.06743670          0.06743670          0.11231886          0.11231886          0.11231886
  16.239          0.07873802          0.07873802          0.07873802          0.11016008          0.11016008          0.11016008
  16.292          0.09182088          0.09182088          0.09182088          0.10792673          0.10792673          0.10792673
  16.346          0.10637555          0.10637555          0.10637555          0.10564993          0.10564993          0.10564993
  16.400          0.12177403          0.12177403          0.12177403          0.10336868          0.10336868          0.10336868
  16.454          0.13709928          0.13709928          0.13709928          0.10113061          0.10113061          0.10113061
  16.507          0.15128505          0.15128505          0.15128505          0.09898928          0.09898928          0.09898928
  16.561          0.16335133          0.16335133          0.16335133          0.09699740          0.09699740          0.09699740
  16.615          0.17265840          0.17265840          0.17265840          0.09519914          0.09519914          0.09519914
  16.669          0.17906322          0.17906322          0.17906322          0.09362408          0.09362408          0.09362408
  16.722          0.18291107          0.18291107          0.18291107          0.09228481          0.09228481          0.09228481
  16.776          0.18486315          0.18486315          0.18486315          0.09117806          0.09117806          0.09117806
  16.830          0.18565117          0.18565117          0.18565117          0.09028858          0.09028858          0.09028858
  16.884          0.18586238          0.18586238          0.18586238          0.08959399          0.08959399          0.08959399
  16.938          0.18586852          0.18586852          0.18586852          0.08906876          0.08906876          0.08906876
  16.991          0.18583940          0.18583940          0.18583940          0.08868701          0.08868701          0.08868701
  17.045          0.18581663          0.18581663          0.18581663          0.08842407          0.08842407          0.08842407
  17.099          0.18576209          0.18576209          0.18576209          0.08825691          0.08825691          0.08825691
  17.153          0.18552062          0.18552062          0.18552062          0.08816442          0.08816442          0.08816442
  17.206          0.18474537          0.18474537          0.18474537          0.08812740          0.08812740          0.08812740
  17.260          0.18285936          0.18285936          0.18285936          0.08812844          0.08812844          0.08812844
  17.314          0.17913172          0.17913172          0.17913172          0.08815186          0.08815186          0.08815186
  17.368          0.17288266          0.17288266          0.17288266          0.08818415          0.08818415          0.08818415
  17.421          0.16372389          0.16372389          0.16372389          0.08821379          0.08821379          0.08821379
  17.475          0.15175249          0.15175249          0.15175249          0.08823116          0.08823116          0.08823116
  17.529          0.13757515          0.13757515          0.13757515          0.08822808          0.08822808          0.08822808
  17.583          0.12215161          0.12215161          0.12215161          0.08819714          0.08819714          0.08819714
  17.637          0.10654632          0.10654632          0.10654632          0.08813087          0.08813087          0.08813087
  17.690          0.09170060          0.09170060          0.09170060          0.08802063          0.08802063          0.08802063
  17.744          0.07827412          0.07827412          0.07827412          0.08785551          0.08785551          0.08785551
  17.798          0.06660754          0.06660754          0.06660754          0.08762112          0.08762112          0.08762112
  17.852          0.05677146          0.05677146          0.05677146          0.08729859          0.08729859          0.08729859
  17.905          0.04865638          0.04865638          0.04865638          0.08686405          0.08686405          0.08686405
  17.959          0.04206060          0.04206060          0.04206060          0.08628866          0.08628866          0.08628866
  18.013          0.03675719          0.03675719          0.03675719          0.08554012          0.08554012          0.08554012
  18.067          0.03253594          0.03253594          0.03253594          0.08458575          0.08458575          0.08458575
  18.120          0.02922353          0.02922353          0.02922353          0.08339735          0.08339735          0.08339735
  18.174          0.02669095          0.02669095          0.02669095          0.08195680          0.08195680          0.08195680
  18.228          0.02484373          0.02484373          0.02484373          0.08026113          0.08026113          0.08026113
  18.282          0.02361269          0.02361269          0.02361269          0.07832529          0.07832529          0.07832529
  18.336          0.02294284          0.02294284          0.02294284          0.07618140          0.07618140          0.07618140
  18.389          0.02278235          0.02278235          0.02278235          0.07387337          0.07387337          0.07387337
  18.443          0.02306435          0.02306435          0.02306435          0.07144912          0.07144912          0.07144912
  18.497          0.02370572          0.02370572          0.02370572          0.06895280          0.06895280          0.06895280
  18.551          0.02462376          0.02462376          0.02462376          0.06641958          0.06641958          0.06641958
  18.604          0.02571775          0.02571775          0.02571775          0.06387448          0.06387448          0.06387448
  18.658          0.02687604          0.02687604          0.02687604          0.06133439          0.06133439          0.06133439
  18.712          0.02798590          0.02798590          0.02798590          0.05881123          0.05881123          0.05881123
  18.766          0.02893562          0.02893562          0.02893562          0.05631512          0.05631512          0.05631512
  18.819          0.02964292          0.02964292          0.02964292          0.05385658          0.05385658          0.05385658
  18.873          0.03005908          0.03005908          0.03005908          0.05144819          0.05144819          0.05144819
  18.927          0.03016697          0.03016697          0.03016697          0.04910698          0.04910698          0.04910698
  18.981          0.02998830          0.02998830          0.02998830          0.04685805          0.04685805          0.04685805
  19.035          0.02959512          0.02959512          0.02959512          0.04473881          0.04473881          0.04473881
  19.088          0.02908470          0.02908470          0.02908470          0.04280167          0.04280167          0.04280167
  19.142          0.02856088          0.02856088          0.02856088          0.04111290          0.04111290          0.04111290
  19.196          0.02812254          0.02812254          0.02812254          0.03974671          0.03974671          0.03974671
  19.250          0.02785049          0.02785049          0.02785049          0.03877495          0.03877495          0.03877495
  19.303          0.02779729          0.02779729          0.02779729          0.03825504          0.03825504          0.03825504
  19.357          0.02797963          0.02797963          0.02797963          0.03821945          0.03821945          0.03821945
  19.411          0.02837634          0.02837634          0.02837634          0.03866966          0.03866966          0.03866966
  19.465          0.02893052          0.02893052          0.02893052          0.03957593          0.03957593          0.03957593
  19.518          0.02955717          0.02955717          0.02955717          0.04088302          0.04088302          0.04088302
  19.572          0.03015330          0.03015330          0.03015330          0.04252056          0.04252056          0.04252056
  19.626          0.03061149          0.03061149          0.03061149          0.04441521          0.04441521          0.04441521
  19.680          0.03083181          0.03083181          0.03083181          0.04650094          0.04650094          0.04650094
  19.734          0.03074094          0.03074094          0.03074094          0.04872520          0.04872520          0.04872520
  19.787          0.03031760          0.03031760          0.03031760          0.05104997          0.05104997          0.05104997
  19.841          0.02957907          0.02957907          0.02957907          0.05344915          0.05344915          0.05344915
  19.895          0.02857592          0.02857592          0.02857592          0.05590424          0.05590424          0.05590424
  19.949          0.02739165          0.02739165          0.02739165          0.05840080          0.05840080          0.05840080
  20.002          0.02614212          0.02614212          0.02614212          0.06092638          0.06092638          0.06092638
  20.056          0.02494377          0.02494377          0.02494377          0.06346935          0.06346935          0.06346935
  20.110          0.02391115          0.02391115          0.02391115          0.06601711          0.06601711          0.06601711
  20.164          0.02314760          0.02314760          0.02314760          0.06855312          0.06855312          0.06855312
  20.218          0.02273768          0.02273768          0.02273768          0.07105371          0.07105371          0.07105371
  20.271          0.02276410          0.02276410          0.02276410          0.07348565          0.07348565          0.07348565
  20.325          0.02329645          0.02329645          0.02329645          0.07580655          0.07580655          0.07580655
  20.379          0.02438608          0.02438608          0.02438608          0.07796947          0.07796947          0.07796947
  20.433          0.02608798          0.02608798          0.02608798          0.07993045          0.07993045          0.07993045
  20.486          0.02847022          0.02847022          0.02847022          0.08165642          0.08165642          0.08165642
  20.540          0.03162584          0.03162584          0.03162584          0.08313081          0.08313081          0.08313081
  20.594          0.03568279          0.03568279          0.03568279          0.08435491          0.08435491          0.08435491
  20.648          0.04081338          0.04081338          0.04081338          0.08534539          0.08534539          0.08534539
  20.701          0.04722785          0.04722785          0.04722785          0.08612943          0.08612943          0.08612943
  20.755          0.05515478          0.05515478          0.05515478          0.08673918          0.08673918          0.08673918
  20.809          0.06480127          0.06480127          0.06480127          0.08720670          0.08720670          0.08720670
  20.863          0.07628776          0.07628776          0.07628776          0.08756083          0.08756083          0.08756083
  20.917          0.08956028          0.08956028          0.08956028          0.08782566          0.08782566          0.08782566
  20.970          0.10430102          0.10430102          0.10430102          0.08802025          0.08802025          0.08802025
  21.024          0.11987370          0.11987370          0.11987370          0.08815923          0.08815923          0.08815923
  21.078          0.13535945          0.13535945          0.13535945          0.08825380          0.08825380          0.08825380
  21.132          0.14970240          0.14970240          0.14970240          0.08831294          0.08831294          0.08831294
  21.185          0.16192773          0.16192773          0.16192773          0.08834454          0.08834454          0.08834454
  21.239          0.17140999          0.17140999          0.17140999          0.08835649          0.08835649          0.08835649
  21.293          0.17802906          0.17802906          0.17802906          0.08835756          0.08835756          0.08835756
  21.347          0.18214378          0.18214378          0.18214378          0.08835804          0.08835804          0.08835804
  21.400          0.18441246          0.18441246          0.18441246          0.08837014          0.08837014          0.08837014
  21.454          0.18554333          0.18554333          0.18554333          0.08840837          0.08840837          0.08840837
  21.508          0.18608335          0.18608335          0.18608335          0.08848954          0.08848954          0.08848954
  21.562          0.18634935          0.18634935          0.18634935          0.08863243          0.08863243          0.08863243
  21.616          0.18647042          0.18647042          0.18647042          0.08885790          0.08885790          0.08885790
  21.669          0.18648101          0.18648101          0.18648101          0.08918889          0.08918889          0.08918889
  21.723          0.18636316          0.18636316          0.18636316          0.08965033          0.08965033          0.08965033
  21.777          0.18599889          0.18599889          0.18599889          0.09026856          0.09026856          0.09026856
  21.831          0.18508713          0.18508713          0.18508713          0.09107029          0.09107029          0.09107029
  21.884          0.18310197          0.18310197          0.18310197          0.09208027          0.09208027          0.09208027
  21.938          0.17934968          0.17934968          0.17934968          0.09331772          0.09331772          0.09331772
  21.992          0.17316161          0.17316161          0.17316161          0.09479194          0.09479194          0.09479194
  22.046          0.16414450          0.16414450          0.16414450          0.09649786          0.09649786          0.09649786
  22.099          0.15237899          0.15237899          0.15237899          0.09841356          0.09841356          0.09841356
  22.153          0.13844775          0.13844775          0.13844775          0.10050164          0.10050164          0.10050164
  22.207          0.12329665          0.12329665          0.12329665          0.10271391          0.10271391          0.10271391
  22.261          0.10798510          0.10798510          0.10798510          0.10499892          0.10499892          0.10499892
  22.315          0.09344991          0.09344991          0.09344991          0.10730901          0.10730901          0.10730901
  22.368          0.08034578          0.08034578          0.08034578          0.10960473          0.10960473          0.10960473
  22.422          0.06901150          0.06901150          0.06901150          0.11185475          0.11185475          0.11185475
  22.476          0.05951636          0.05951636          0.05951636          0.11403242          0.11403242          0.11403242
  22.530          0.05174932          0.05174932          0.05174932          0.11611150          0.11611150          0.11611150
  22.583          0.04551011          0.04551011          0.04551011          0.11806339          0.11806339          0.11806339
  22.637          0.04057615          0.04057615          0.04057615          0.11985750          0.11985750          0.11985750
  22.691          0.03674512          0.03674512          0.03674512          0.12146445          0.12146445          0.12146445
  22.745          0.03385021          0.03385021          0.03385021          0.12286016          0.12286016          0.12286016
  22.798          0.03176456          0.03176456          0.03176456          0.12402930          0.12402930          0.12402930
  22.852          0.03039852          0.03039852          0.03039852          0.12496606          0.12496606          0.12496606
  22.906          0.02969531          0.02969531          0.02969531          0.12567259          0.12567259          0.12567259
  22.960          0.02962571          0.02962571          0.02962571          0.12615642          0.12615642          0.12615642
  23.014          0.03018359          0.03018359          0.03018359          0.12642737          0.12642737          0.12642737
  23.067          0.03138604          0.03138604          0.03138604          0.12649615          0.12649615          0.12649615
  23.121          0.03327896          0.03327896          0.03327896          0.12637511          0.12637511          0.12637511
  23.175          0.03593559          0.03593559          0.03593559          0.12608078          0.12608078          0.12608078
  23.229          0.03946325          0.03946325          0.03946325          0.12563683          0.12563683          0.12563683
  23.282          0.04400904          0.04400904          0.04400904          0.12507635          0.12507635          0.12507635
  23.336          0.04975871          0.04975871          0.04975871          0.12444264          0.12444264          0.12444264
  23.390          0.05692345          0.05692345          0.05692345          0.12378802          0.12378802          0.12378802
  23.444          0.06570920          0.06570920          0.06570920          0.12317220          0.12317220          0.12317220
  23.497          0.07625465          0.07625465          0.07625465          0.12266092          0.12266092          0.12266092
  23.551          0.08854927          0.08854927          0.08854927          0.12232737          0.12232737          0.12232737
  23.605          0.10234440          0.10234440          0.10234440          0.12225645          0.12225645          0.12225645
  23.659          0.11708821          0.11708821          0.11708821          0.12255025          0.12255025          0.12255025
  23.713          0.13194306          0.13194306          0.13194306          0.12333249          0.12333249          0.12333249
  23.766          0.14590092          0.14590092          0.14590092          0.12474813          0.12474813          0.12474813
  23.820          0.15802315          0.15802315          0.15802315          0.12695551          0.12695551          0.12695551
  23.874          0.16767366          0.16767366          0.16767366          0.13011037          0.13011037          0.13011037
  23.928          0.17471012          0.17471012          0.17471012          0.13434348          0.13434348          0.13434348
  23.981          0.17947184          0.17947184          0.17947184          0.13973649          0.13973649          0.13973649
  24.035          0.18260927          0.18260927          0.18260927          0.14630128          0.14630128          0.14630128
  24.089          0.18481414          0.18481414          0.18481414          0.15397041          0.15397041          0.15397041
  24.143          0.18659875          0.18659875          0.18659875          0.16260356          0.16260356          0.16260356
  24.196          0.18821666          0.18821666          0.18821666          0.17201121          0.17201121          0.17201121
  24.250          0.18972185          0.18972185          0.18972185          0.18198967          0.18198967          0.18198967
  24.304          0.19111075          0.19111075          0.19111075          0.19235675          0.19235675          0.19235675
  24.358          0.19240497          0.19240497          0.19240497          0.20297554          0.20297554          0.20297554
  24.412          0.19362687          0.19362687          0.19362687          0.21375950          0.21375950          0.21375950
  24.465          0.19469875          0.19469875          0.19469875          0.22466239          0.22466239          0.22466239
  24.519          0.19531205          0.19531205          0.19531205          0.23566036          0.23566036          0.23566036
  24.573          0.19492131          0.19492131          0.19492131          0.24673738          0.24673738          0.24673738
  24.627          0.19289252          0.19289252          0.19289252          0.25787884          0.25787884          0.25787884
  24.680          0.18874995          0.18874995          0.18874995          0.26907232          0.26907232          0.26907232
  24.734          0.18243141          0.18243141          0.18243141          0.28030735          0.28030735          0.28030735
  24.788          0.17439763          0.17439763          0.17439763          0.29156962          0.29156962          0.29156962
  24.842          0.16557626          0.16557626          0.16557626          0.30282560          0.30282560          0.30282560
  24.895          0.15713057          0.15713057          0.15713057          0.31400588          0.31400588          0.31400588
  24.949          0.15021242          0.15021242          0.15021242          0.32499483          0.32499483          0.32499483
  25.003          0.14579043          0.14579043          0.14579043          0.33563691          0.33563691          0.33563691
  25.057          0.14457572          0.14457572          0.14457572          0.34575927          0.34575927          0.34575927
  25.111          0.14706858          0.14706858          0.14706858          0.35520476          0.35520476          0.35520476
  25.164          0.15364115          0.15364115          0.15364115          0.36386198          0.36386198          0.36386198
  25.218          0.16465202          0.16465202          0.16465202          0.37168390          0.37168390          0.37168390
  25.272          0.18054837          0.18054837          0.18054837          0.37869093          0.37869093          0.37869093
  25.326          0.20190489          0.20190489          0.20190489          0.38496175          0.38496175          0.38496175
  25.379          0.22941330          0.22941330          0.22941330          0.39061981          0.39061981          0.39061981
  25.433          0.26376286          0.26376286          0.26376286          0.39582130          0.39582130          0.39582130
  25.487          0.30541649          0.30541649          0.30541649          0.40074813          0.40074813          0.40074813
  25.541          0.35428974          0.35428974          0.35428974          0.40560597          0.40560597          0.40560597
  25.594          0.40936643          0.40936643          0.40936643          0.41062385          0.41062385          0.41062385
  25.648          0.46844932          0.46844932          0.46844932          0.41605350          0.41605350          0.41605350
  25.702          0.52813214          0.52813214          0.52813214          0.42216679          0.42216679          0.42216679
  25.756          0.58427364          0.58427364          0.58427364          0.42925009          0.42925009          0.42925009
  25.810          0.63286704          0.63286704          0.63286704          0.43759456          0.43759456          0.43759456
  25.863          0.67110109          0.67110109          0.67110109          0.44747922          0.44747922          0.44747922
  25.917          0.69813854          0.69813854          0.69813854          0.45914596          0.45914596          0.45914596
  25.971          0.71524358          0.71524358          0.71524358          0.47276261          0.47276261          0.47276261
  26.025          0.72511208          0.72511208          0.72511208          0.48838356          0.48838356          0.48838356
  26.078          0.73075038          0.73075038          0.73075038          0.50591981          0.50591981          0.50591981
  26.132          0.73453069          0.73453069          0.73453069          0.52513552          0.52513552          0.52513552
  26.186          0.73771966          0.73771966          0.73771966          0.54568106          0.54568106          0.54568106
  26.240          0.74069405          0.74069405          0.74069405          0.56716061          0.56716061          0.56716061
  26.294          0.74345249          0.74345249          0.74345249          0.58921051          0.58921051          0.58921051
  26.347          0.74607772          0.74607772          0.74607772          0.61156160          0.61156160          0.61156160
  26.401          0.74866945          0.74866945          0.74866945          0.63406336          0.63406336          0.63406336
  26.455          0.75096720          0.75096720          0.75096720          0.65666586          0.65666586          0.65666586
  26.509          0.75177079          0.75177079          0.75177079          0.67937839          0.67937839          0.67937839
  26.562          0.74881780          0.74881780          0.74881780          0.70222574          0.70222574          0.70222574
  26.616          0.73922753          0.73922753          0.73922753          0.72522211          0.72522211          0.72522211
  26.670          0.72055656          0.72055656          0.72055656          0.74836367          0.74836367          0.74836367
  26.724          0.69184041          0.69184041          0.69184041          0.77162838          0.77162838          0.77162838
  26.777          0.65426934          0.65426934          0.65426934          0.79496664          0.79496664          0.79496664
  26.831          0.61098528          0.61098528          0.61098528          0.81827450          0.81827450          0.81827450
  26.885          0.56631368          0.56631368          0.56631368          0.84135997          0.84135997          0.84135997
  26.939          0.52470344          0.52470344          0.52470344          0.86391920          0.86391920          0.86391920
  26.993          0.48988190          0.48988190          0.48988190          0.88554478          0.88554478          0.88554478
  27.046          0.46446052          0.46446052          0.46446052          0.90577203          0.90577203          0.90577203
  27.100          0.44998375          0.44998375          0.44998375          0.92414790          0.92414790          0.92414790
  27.154          0.44726077          0.44726077          0.44726077          0.94030207          0.94030207          0.94030207
  27.208          0.45680436          0.45680436          0.45680436          0.95399314          0.95399314          0.95399314
  27.261          0.47916541          0.47916541          0.47916541          0.96512246          0.96512246          0.96512246
  27.315          0.51517200          0.51517200          0.51517200          0.97372079          0.97372079          0.97372079
  27.369          0.56596065          0.56596065          0.56596065          0.97992182          0.97992182          0.97992182
  27.423          0.63280433          0.63280433          0.63280433          0.98393989          0.98393989          0.98393989
  27.476          0.71665144          0.71665144          0.71665144          0.98605525          0.98605525          0.98605525
  27.530          0.81743240          0.81743240          0.81743240          0.98660570          0.98660570          0.98660570
  27.584          0.93327075          0.93327075          0.93327075          0.98597747          0.98597747          0.98597747
  27.638          1.05968237          1.05968237          1.05968237          0.98458821          0.98458821          0.98458821
  27.692          1.18946016          1.18946016          1.18946016          0.98286349          0.98286349          0.98286349
  27.745          1.31343424          1.31343424          1.31343424          0.98121291          0.98121291          0.98121291
  27.799          1.42221010          1.42221010          1.42221010          0.98001510          0.98001510          0.98001510
  27.853          1.50854063          1.50854063          1.50854063          0.97961694          0.97961694          0.97961694
  27.907          1.56938756          1.56938756          1.56938756          0.98033786          0.98033786          0.98033786
  27.960          1.60650158          1.60650158          1.60650158          0.98247033          0.98247033          0.98247033
  28.014          1.62539482          1.62539482          1.62539482          0.98626482          0.98626482          0.98626482
  28.068          1.63299763          1.63299763          1.63299763          0.99189389          0.99189389          0.99189389
  28.122          1.63531172          1.63531172          1.63531172          0.99941063          0.99941063          0.99941063
  28.175          1.63603425          1.63603425          1.63603425          1.00872040          1.00872040          1.00872040
  28.229          1.63663042          1.63663042          1.63663042          1.01958919          1.01958919          1.01958919
  28.283          1.63733912          1.63733912          1.63733912          1.03169656          1.03169656          1.03169656
  28.337          1.63818550          1.63818550          1.63818550          1.04472029          1.04472029          1.04472029
  28.391          1.63915539          1.63915539          1.63915539          1.05841935          1.05841935          1.05841935
  28.444          1.63943934          1.63943934          1.63943934          1.07268035          1.07268035          1.07268035
  28.498          1.63628006          1.63628006          1.63628006          1.08750796          1.08750796          1.08750796
  28.552          1.62453568          1.62453568          1.62453568          1.10297203          1.10297203          1.10297203
  28.606          1.59743130          1.59743130          1.59743130          1.11913860          1.11913860          1.11913860
  28.659          1.54869282          1.54869282          1.54869282          1.13601935          1.13601935          1.13601935
  28.713          1.47509408          1.47509408          1.47509408          1.15355480          1.15355480          1.15355480
  28.767          1.37795854          1.37795854          1.37795854          1.17162788          1.17162788          1.17162788
  28.821          1.26327395          1.26327395          1.26327395          1.19008148          1.19008148          1.19008148
  28.874          1.13999248          1.13999248          1.13999248          1.20872343          1.20872343          1.20872343
  28.928          1.01769614          1.01769614          1.01769614          1.22730672          1.22730672          1.22730672
  28.982          0.90457827          0.90457827          0.90457827          1.24549592          1.24549592          1.24549592
  29.036          0.80623454          0.80623454          0.80623454          1.26284409          1.26284409          1.26284409
  29.090          0.72560751          0.72560751          0.72560751          1.27879834          1.27879834          1.27879834
  29.143          0.66351229          0.66351229          0.66351229          1.29274654          1.29274654          1.29274654
  29.197          0.61950260          0.61950260          0.61950260          1.30408585          1.30408585          1.30408585
  29.251          0.59265918          0.59265918          0.59265918          1.31229913          1.31229913          1.31229913
  29.305          0.58219069          0.58219069          0.58219069          1.31701171          1.31701171          1.31701171
  29.358          0.58775908          0.58775908          0.58775908          1.31802523          1.31802523          1.31802523
  29.412          0.60960490          0.60960490          0.60960490          1.31533360          1.31533360          1.31533360
  29.466          0.64845449          0.64845449          0.64845449          1.30912435          1.30912435          1.30912435
  29.520          0.70526910          0.70526910          0.70526910          1.29976857          1.29976857          1.29976857
  29.573          0.78066456          0.78066456          0.78066456          1.28779316          1.28779316          1.28779316
  29.627          0.87420356          0.87420356          0.87420356          1.27382946          1.27382946          1.27382946
  29.681          0.98353815          0.98353815          0.98353815          1.25854170          1.25854170          1.25854170
  29.735          1.10371244          1.10371244          1.10371244          1.24255478          1.24255478          1.24255478
  29.789          1.22714829          1.22714829          1.22714829          1.22640359          1.22640359          1.22640359
  29.842          1.34450483          1.34450483          1.34450483          1.21051896          1.21051896          1.21051896
  29.896          1.44657016          1.44657016          1.44657016          1.19525003          1.19525003          1.19525003
  29.950          1.52664375          1.52664375          1.52664375          1.18090320          1.18090320          1.18090320
  30.004          1.58233011          1.58233011          1.58233011          1.16776991          1.16776991          1.16776991
  30.057          1.61597097          1.61597097          1.61597097          1.15612781          1.15612781          1.15612781
  30.111          1.63325179          1.63325179          1.63325179          1.14621174          1.14621174          1.14621174
  30.165          1.64080858          1.64080858          1.64080858          1.13817430          1.13817430          1.13817430
  30.219          1.64396393          1.64396393          1.64396393          1.13205683          1.13205683          1.13205683
  30.272          1.64564908          1.64564908          1.64564908          1.12779593          1.12779593          1.12779593
  30.326          1.64667642          1.64667642          1.64667642          1.12526786          1.12526786          1.12526786
  30.380          1.64698064          1.64698064          1.64698064          1.12435842          1.12435842          1.12435842
  30.434          1.64656019          1.64656019          1.64656019          1.12502408          1.12502408          1.12502408
  30.488          1.64548945          1.64548945          1.64548945          1.12731814          1.12731814          1.12731814
  30.541          1.64306331          1.64306331          1.64306331          1.13136613          1.13136613          1.13136613
  30.595          1.63659012          1.63659012          1.63659012          1.13730347          1.13730347          1.13730347
  30.649          1.62091827          1.62091827          1.62091827          1.14520478          1.14520478          1.14520478
  30.703          1.58943796          1.58943796          1.58943796          1.15503538          1.15503538          1.15503538
  30.756          1.53624725          1.53624725          1.53624725          1.16664290          1.16664290          1.16664290
  30.810          1.45863903          1.45863903          1.45863903          1.17978597          1.17978597          1.17978597
  30.864          1.35853148          1.35853148          1.35853148          1.19417787          1.19417787          1.19417787
  30.918          1.24230838          1.24230838          1.24230838          1.20951939          1.20951939          1.20951939
  30.971          1.11903691          1.11903691          1.11903691          1.22550416          1.22550416          1.22550416
  31.025          0.99814069          0.99814069          0.99814069          1.24179256          1.24179256          1.24179256
  31.079          0.88741779          0.88741779          0.88741779          1.25797236          1.25797236          1.25797236
  31.133          0.79207081          0.79207081          0.79207081          1.27353203          1.27353203          1.27353203
  31.187          0.71466511          0.71466511          0.71466511          1.28786862          1.28786862          1.28786862
  31.240          0.65578365          0.65578365          0.65578365          1.30033469          1.30033469          1.30033469
  31.294          0.61486846          0.61486846          0.61486846          1.31030762          1.31030762          1.31030762
  31.348          0.59096998          0.59096998          0.59096998          1.31726277          1.31726277          1.31726277
  31.402          0.58334309          0.58334309          0.58334309          1.32082701          1.32082701          1.32082701
  31.455          0.59171069          0.59171069          0.59171069          1.32080913          1.32080913          1.32080913
  31.509          0.61637640          0.61637640          0.61637640          1.31721222          1.31721222          1.31721222
  31.563          0.65810573          0.65810573          0.65810573          1.31023312          1.31023312          1.31023312
  31.617          0.71784061          0.71784061          0.71784061          1.30025041          1.30025041          1.30025041
  31.671          0.79610133          0.79610133          0.79610133          1.28779149          1.28779149          1.28779149
  31.724          0.89223635          0.89223635          0.89223635          1.27347910          1.27347910          1.27347910
  31.778          1.00355613          1.00355613          1.00355613          1.25795817          1.25795817          1.25795817
  31.832          1.12475979          1.12475979          1.12475979          1.24182665          1.24182665          1.24182665
  31.886          1.24792576          1.24792576          1.24792576          1.22558987          1.22558987          1.22558987
  31.939          1.36358619          1.36358619          1.36358619          1.20965600          1.20965600          1.20965600
  31.993          1.46274936          1.46274936          1.46274936          1.19436240          1.19436240          1.19436240
  32.047          1.53922260          1.53922260          1.53922260          1.18001509          1.18001509          1.18001509
  32.101          1.59130406          1.59130406          1.59130406          1.16691375          1.16691375          1.16691375
  32.154          1.62191284          1.62191284          1.62191284          1.15534556          1.15534556          1.15534556
  32.208          1.63703012          1.63703012          1.63703012          1.14555013          1.14555013          1.14555013
  32.262          1.64326680          1.64326680          1.64326680          1.13767767          1.13767767          1.13767767
  32.316          1.64567745          1.64567745          1.64567745          1.13176024          1.13176024          1.13176024
  32.370          1.64684808          1.64684808          1.64684808          1.12772369          1.12772369          1.12772369
  32.423          1.64745796          1.64745796          1.64745796          1.12543750          1.12543750          1.12543750
  32.477          1.64738810          1.64738810          1.64738810          1.12478602          1.12478602          1.12478602
  32.531          1.64668703          1.64668703          1.64668703          1.12572956          1.12572956          1.12572956
  32.585          1.64537120          1.64537120          1.64537120          1.12832475          1.12832475          1.12832475
  32.638          1.64252627          1.64252627          1.64252627          1.13269544          1.13269544          1.13269544
  32.692          1.63511443          1.63511443          1.63511443          1.13896763          1.13896763          1.13896763
  32.746          1.61769497          1.61769497          1.61769497          1.14719951          1.14719951          1.14719951
  32.800          1.58357477          1.58357477          1.58357477          1.15733743          1.15733743          1.15733743
  32.853          1.52714717          1.52714717          1.52714717          1.16921353          1.16921353          1.16921353
  32.907          1.44627857          1.44627857          1.44627857          1.18257701          1.18257701          1.18257701
  32.961          1.34353769          1.34353769          1.34353769          1.19713771          1.19713771          1.19713771
  33.015          1.22579575          1.22579575          1.22579575          1.21259618          1.21259618          1.21259618
  33.069          1.10232103          1.10232103          1.10232103          1.22864330          1.22864330          1.22864330
  33.122          0.98239207          0.98239207          0.98239207          1.24493241          1.24493241          1.24493241
  33.176          0.87351066          0.87351066          0.87351066          1.26103914          1.26103914          1.26103914
  33.230          0.78049803          0.78049803          0.78049803          1.27643883          1.27643883          1.27643883
  33.284          0.70560533          0.70560533          0.70560533          1.29051960          1.29051960          1.29051960
  33.337          0.64920497          0.64920497          0.64920497          1.30263412          1.30263412          1.30263412
  33.391          0.61064857          0.61064857          0.61064857          1.31217051          1.31217051          1.31217051
  33.445          0.58899677          0.58899677          0.58899677          1.31862354          1.31862354          1.31862354
  33.499          0.58354676          0.58354676          0.58354676          1.32164419          1.32164419          1.32164419
  33.552          0.59410167          0.59410167          0.59410167          1.32106936          1.32106936          1.32106936
  33.606          0.62104261          0.62104261          0.62104261          1.31692958          1.31692958          1.31692958
  33.660          0.66517264          0.66517264          0.66517264          1.30944955          1.30944955          1.30944955
  33.714          0.72741938          0.72741938          0.72741938          1.29903150          1.29903150          1.29903150
  33.768          0.80818975          0.80818975          0.80818975          1.28622174          1.28622174          1.28622174
  33.821          0.90660906          0.90660906          0.90660906          1.27165127          1.27165127          1.27165127
  33.875          1.01965928          1.01965928          1.01965928          1.25596392          1.25596392          1.25596392
  33.929          1.14164400          1.14164400          1.14164400          1.23974729          1.23974729          1.23974729
  33.983          1.26435161          1.26435161          1.26435161          1.22349358          1.22349358          1.22349358
  34.036          1.37824786          1.37824786          1.37824786          1.20759916          1.20759916          1.20759916
  34.090          1.47460270          1.47460270          1.47460270          1.19239438          1.19239438          1.19239438
  34.144          1.54774344          1.54774344          1.54774344          1.17818344          1.17818344          1.17818344
  34.198          1.59663737          1.59663737          1.59663737          1.16526401          1.16526401          1.16526401
  34.251          1.62472689          1.62472689          1.62472689          1.15391839          1.15391839          1.15391839
  34.305          1.63827062          1.63827062          1.63827062          1.14437532          1.14437532          1.14437532
  34.359          1.64373398          1.64373398          1.64373398          1.13676846          1.13676846          1.13676846
  34.413          1.64587665          1.64587665          1.64587665          1.13111365          1.13111365          1.13111365
  34.467          1.64696705          1.64696705          1.64696705          1.12732410          1.12732410          1.12732410
  34.520          1.64749396          1.64749396          1.64749396          1.12526679          1.12526679          1.12526679
  34.574          1.64733219          1.64733219          1.64733219          1.12483275          1.12483275          1.12483275
  34.628          1.64654672          1.64654672          1.64654672          1.12599552          1.12599552          1.12599552
  34.682          1.64511895          1.64511895          1.64511895          1.12882364          1.12882364          1.12882364
  34.735          1.64188540          1.64188540          1.64188540          1.13344574          1.13344574          1.13344574
  34.789          1.63347888          1.63347888          1.63347888          1.13998234          1.13998234          1.13998234
  34.843          1.61417544          1.61417544          1.61417544          1.14847839          1.14847839          1.14847839
  34.897          1.57728410          1.57728410          1.57728410          1.15886426          1.15886426          1.15886426
  34.950          1.51754892          1.51754892          1.51754892          1.17095804          1.17095804          1.17095804
  35.004          1.43343556          1.43343556          1.43343556          1.18450129          1.18450129          1.18450129
  35.058          1.32816768          1.32816768          1.32816768          1.19920087          1.19920087          1.19920087
  35.112          1.20909345          1.20909345          1.20909345          1.21475756          1.21475756          1.21475756
  35.166          1.08555841          1.08555841          1.08555841          1.23085916          1.23085916          1.23085916
  35.219          0.96675813          0.96675813          0.96675813          1.24715042          1.24715042          1.24715042
  35.273          0.85981613          0.85981613          0.85981613          1.26319373          1.26319373          1.26319373
  35.327          0.76919639          0.76919639          0.76919639          1.27845097          1.27845097          1.27845097
  35.381          0.69683039          0.69683039          0.69683039          1.29230177          1.29230177          1.29230177
  35.434          0.64291972          0.64291972          0.64291972          1.30409896          1.30409896          1.30409896
  35.488          0.60672194          0.60672194          0.60672194          1.31324172          1.31324172          1.31324172
  35.542          0.58731198          0.58731198          0.58731198          1.31924331          1.31924331          1.31924331
  35.596          0.58404285          0.58404285          0.58404285          1.32177901          1.32177901          1.32177901
  35.649          0.59679586          0.59679586          0.59679586          1.32071173          1.32071173          1.32071173
  35.703          0.62602490          0.62602490          0.62602490          1.31609929          1.31609929          1.31609929
  35.757          0.67257607          0.67257607          0.67257607          1.30819106          1.30819106          1.30819106
  35.811          0.73734528          0.73734528          0.73734528          1.29741216          1.29741216          1.29741216
  35.865          0.82061833          0.82061833          0.82061833          1.28432393          1.28432393          1.28432393
  35.918          0.92126161          0.92126161          0.92126161          1.26956391          1.26956391          1.26956391
  35.972          1.03592741          1.03592741          1.03592741          1.25377154          1.25377154          1.25377154
  36.026          1.15853691          1.15853691          1.15853691          1.23752320          1.23752320          1.23752320
  36.080          1.28061163          1.28061163          1.28061163          1.22129703          1.22129703          1.22129703
  36.133          1.39258647          1.39258647          1.39258647          1.20547819          1.20547819          1.20547819
  36.187          1.48601580          1.48601580          1.48601580          1.19039142          1.19039142          1.19039142
  36.241          1.55580366          1.55580366          1.55580366          1.17633915          1.17633915          1.17633915
  36.295          1.60156870          1.60156870          1.60156870          1.16361821          1.16361821          1.16361821
  36.348          1.62728059          1.62728059          1.62728059          1.15250635          1.15250635          1.15250635
  36.402          1.63934577          1.63934577          1.63934577          1.14322186          1.14322186          1.14322186
  36.456          1.64414179          1.64414179          1.64414179          1.13588297          1.13588297          1.13588297
  36.510          1.64606345          1.64606345          1.64606345          1.13048923          1.13048923          1.13048923
  36.564          1.64707851          1.64707851          1.64707851          1.12694371          1.12694371          1.12694371
  36.617          1.64751709          1.64751709          1.64751709          1.12511265          1.12511265          1.12511265
  36.671          1.64726055          1.64726055          1.64726055          1.12489593          1.12489593          1.12489593
  36.725          1.64638782          1.64638782          1.64638782          1.12627995          1.12627995          1.12627995
  36.779          1.64482510          1.64482510          1.64482510          1.12934470          1.12934470          1.12934470
  36.832          1.64115262          1.64115262          1.64115262          1.13422203          1.13422203          1.13422203
  36.886          1.63163829          1.63163829          1.63163829          1.14102542          1.14102542          1.14102542
  36.940          1.61032331          1.61032331          1.61032331          1.14978611          1.14978611          1.14978611
  36.994          1.57056391          1.57056391          1.57056391          1.16041756          1.16041756          1.16041756
  37.047          1.50749588          1.50749588          1.50749588          1.17272532          1.17272532          1.17272532
  37.101          1.42019486          1.42019486          1.42019486          1.18644369          1.18644369          1.18644369
  37.155          1.31255031          1.31255031          1.31255031          1.20127821          1.20127821          1.20127821
  37.209          1.19228053          1.19228053          1.19228053          1.21692801          1.21692801          1.21692801
  37.263          1.06889832          1.06889832          1.06889832          1.23307788          1.23307788          1.23307788
  37.316          0.95134574          0.95134574          0.95134574          1.24936330          1.24936330          1.24936330
  37.370          0.84643602          0.84643602          0.84643602          1.26533329          1.26533329          1.26533329
  37.424          0.75823087          0.75823087          0.75823087          1.28043664          1.28043664          1.28043664
  37.478          0.68840331          0.68840331          0.68840331          1.29404533          1.29404533          1.29404533
  37.531          0.63696235          0.63696235          0.63696235          1.30551410          1.30551410          1.30551410
  37.585          0.60310322          0.60310322          0.60310322          1.31425369          1.31425369          1.31425369
  37.639          0.58592325          0.58592325          0.58592325          1.31979752          1.31979752          1.31979752
  37.693          0.58483285          0.58483285          0.58483285          1.32184565          1.32184565          1.32184565
  37.747          0.59979826          0.59979826          0.59979826          1.32028711          1.32028711          1.32028711
  37.800          0.63133377          0.63133377          0.63133377          1.31520629          1.31520629          1.31520629
  37.854          0.68031806          0.68031806          0.68031806          1.30687833          1.30687833          1.30687833
  37.908          0.74761832          0.74761832          0.74761832          1.29574907          1.29574907          1.29574907
  37.962          0.83336252          0.83336252          0.83336252          1.28239465          1.28239465          1.28239465
  38.015          0.93617851          0.93617851          0.93617851          1.26745701          1.26745701          1.26745701
  38.069          1.05234718          1.05234718          1.05234718          1.25157046          1.25157046          1.25157046
  38.123          1.17542100          1.17542100          1.17542100          1.23529935          1.23529935          1.23529935
  38.177          1.29668665          1.29668665          1.29668665          1.21910810          1.21910810          1.21910810
  38.230          1.40657771          1.40657771          1.40657771          1.20337093          1.20337093          1.20337093
  38.284          1.49698460          1.49698460          1.49698460          1.18840730          1.18840730          1.18840730
  38.338          1.56340730          1.56340730          1.56340730          1.17451906          1.17451906          1.17451906
  38.392          1.60612214          1.60612214          1.60612214          1.16200221          1.16200221          1.16200221
  38.446          1.62957668          1.62957668          1.62957668          1.15112865          1.15112865          1.15112865
  38.499          1.64031625          1.64031625          1.64031625          1.14210534          1.14210534          1.14210534
  38.553          1.64450908          1.64450908          1.64450908          1.13503444          1.13503444          1.13503444
  38.607          1.64623713          1.64623713          1.64623713          1.12989998          1.12989998          1.12989998
  38.661          1.64717162          1.64717162          1.64717162          1.12659621          1.12659621          1.12659621
