  -3.4015070392E+001   1.7638342315E-001
  -3.3860456436E+001   1.7658889339E-001
  -3.3705842479E+001   1.7719124996E-001
  -3.3551228523E+001   1.7815415026E-001
  -3.3396614567E+001   1.7943879936E-001
  -3.3242000610E+001   1.8104139746E-001
  -3.3087386654E+001   1.8305289812E-001
  -3.2932772698E+001   1.8575571908E-001
  -3.2778158741E+001   1.8979529391E-001
  -3.2623544785E+001   1.9652055800E-001
  -3.2468930829E+001   2.0869167062E-001
  -3.2314316872E+001   2.3183149390E-001
  -3.2159702916E+001   2.7635187757E-001
  -3.2005088960E+001   3.6043240145E-001
  -3.1850475003E+001   5.1589221067E-001
  -3.1695861047E+001   8.0397113771E-001
  -3.1541247091E+001   1.3210678345E+000
  -3.1386633134E+001   2.0638367526E+000
  -3.1232019178E+001   2.6369394911E+000
  -3.1077405222E+001   2.5050118847E+000
  -3.0922791265E+001   1.8056152943E+000
  -3.0768177309E+001   1.1180955124E+000
  -3.0613563353E+001   6.8757755677E-001
  -3.0458949396E+001   4.5322476253E-001
  -3.0304335440E+001   3.2644404555E-001
  -3.0149721484E+001   2.5821618869E-001
  -2.9995107527E+001   2.2238892864E-001
  -2.9840493571E+001   2.0376984451E-001
  -2.9685879615E+001   1.9385516742E-001
  -2.9531265658E+001   1.8824214967E-001
  -2.9376651702E+001   1.8475385440E-001
  -2.9222037746E+001   1.8233094054E-001
  -2.9067423789E+001   1.8047555788E-001
  -2.8912809833E+001   1.7898329143E-001
  -2.8758195877E+001   1.7780321349E-001
  -2.8603581920E+001   1.7695616540E-001
  -2.8448967964E+001   1.7648335628E-001
  -2.8294354008E+001   1.7641512414E-001
  -2.8139740052E+001   1.7675622015E-001
  -2.7985126095E+001   1.7748390697E-001
  -2.7830512139E+001   1.7855801016E-001
  -2.7675898183E+001   1.7994628318E-001
  -2.7521284226E+001   1.8166849660E-001
  -2.7366670270E+001   1.8386609625E-001
  -2.7212056314E+001   1.8691785601E-001
  -2.7057442357E+001   1.9165299370E-001
  -2.6902828401E+001   1.9978615004E-001
  -2.6748214445E+001   2.1480938960E-001
  -2.6593600488E+001   2.4360411206E-001
  -2.6438986532E+001   2.9879915162E-001
  -2.6284372576E+001   4.0213755087E-001
  -2.6129758619E+001   5.9289096493E-001
  -2.5975144663E+001   9.4628598221E-001
  -2.5820530707E+001   1.5529580789E+000
  -2.5665916750E+001   2.3056428105E+000
  -2.5511302794E+001   2.6831641256E+000
  -2.5356688838E+001   2.3056435692E+000
  -2.5202074881E+001   1.5529595922E+000
  -2.5047460925E+001   9.4628824197E-001
  -2.4892846969E+001   5.9289395886E-001
  -2.4738233012E+001   4.0214126253E-001
  -2.4583619056E+001   2.9880356039E-001
  -2.4429005100E+001   2.4360919317E-001
  -2.4274391143E+001   2.1481511416E-001
  -2.4119777187E+001   1.9979248503E-001
  -2.3965163231E+001   1.9165990198E-001
  -2.3810549274E+001   1.8692529630E-001
  -2.3655935318E+001   1.8387402314E-001
  -2.3501321362E+001   1.8167686060E-001
  -2.3346707405E+001   1.7995503073E-001
  -2.3192093449E+001   1.7856708369E-001
  -2.3037479493E+001   1.7749324491E-001
  -2.2882865536E+001   1.7676575698E-001
  -2.2728251580E+001   1.7642479042E-001
  -2.2573637624E+001   1.7649307874E-001
  -2.2419023667E+001   1.7696586702E-001
  -2.2264409711E+001   1.7781281368E-001
  -2.2109795755E+001   1.7899270610E-001
  -2.1955181798E+001   1.8048469969E-001
  -2.1800567842E+001   1.8233971902E-001
  -2.1645953886E+001   1.8476217624E-001
  -2.1491339929E+001   1.8824991904E-001
  -2.1336725973E+001   1.9386228636E-001
  -2.1182112017E+001   2.0377621337E-001
  -2.1027498060E+001   2.2239444665E-001
  -2.0872884104E+001   2.5822075455E-001
  -2.0718270148E+001   3.2644755804E-001
  -2.0563656191E+001   4.5322712104E-001
  -2.0409042235E+001   6.8757866167E-001
  -2.0254428279E+001   1.1180952650E+000
  -2.0099814323E+001   1.8056135952E+000
  -1.9945200366E+001   2.5050086286E+000
  -1.9790586410E+001   2.6369345633E+000
  -1.9635972454E+001   2.0638300327E+000
  -1.9481358497E+001   1.3210592073E+000
  -1.9326744541E+001   8.0396049874E-001
  -1.9172130585E+001   5.1587946628E-001
  -1.9017516628E+001   3.6041746683E-001
  -1.8862902672E+001   2.7633467664E-001
  -1.8708288716E+001   2.3181195977E-001
  -1.8553674759E+001   2.0866974576E-001
  -1.8399060803E+001   1.9649619444E-001
  -1.8244446847E+001   1.8976845379E-001
  -1.8089832890E+001   1.8572637531E-001
  -1.7935218934E+001   1.8302103504E-001
  -1.7780604978E+001   1.8100701132E-001
  -1.7625991021E+001   1.7940189870E-001
  -1.7471377065E+001   1.7811475619E-001
  -1.7316763109E+001   1.7714939640E-001
  -1.7162149152E+001   1.7654462736E-001
  -1.7007535196E+001   1.7633680501E-001
  -1.6852921240E+001   1.7653999715E-001
  -1.6698307283E+001   1.7714016354E-001
  -1.6543693327E+001   1.7810097588E-001
  -1.6389079371E+001   1.7938365390E-001
  -1.6234465414E+001   1.8098441295E-001
  -1.6079851458E+001   1.8299422225E-001
  -1.5925237502E+001   1.8569551580E-001
  -1.5770623545E+001   1.8973374419E-001
  -1.5616009589E+001   1.9645786092E-001
  -1.5461395633E+001   2.0862804507E-001
  -1.5306781676E+001   2.3176718076E-001
  -1.5152167720E+001   2.7628714178E-001
  -1.4997553764E+001   3.6036753257E-001
  -1.4842939807E+001   5.1582752113E-001
  -1.4688325851E+001   8.0390695901E-001
  -1.4533711895E+001   1.3210045012E+000
  -1.4379097938E+001   2.0637745458E+000
  -1.4224483982E+001   2.6368785452E+000
  -1.4069870026E+001   2.5049521581E+000
  -1.3915256069E+001   1.8055566827E+000
  -1.3760642113E+001   1.1180379948E+000
  -1.3606028157E+001   6.8752122742E-001
  -1.3451414200E+001   4.5316977645E-001
  -1.3296800244E+001   3.2639057836E-001
  -1.3142186288E+001   2.5816442551E-001
  -1.2987572331E+001   2.2233905743E-001
  -1.2832958375E+001   2.0372204700E-001
  -1.2678344419E+001   1.9380961302E-001
  -1.2523730462E+001   1.8819899386E-001
  -1.2369116506E+001   1.8471323946E-001
  -1.2214502550E+001   1.8229299633E-001
  -1.2059888594E+001   1.8044040165E-001
  -1.1905274637E+001   1.7895102687E-001
  -1.1750660681E+001   1.7777392935E-001
  -1.1596046725E+001   1.7692993374E-001
  -1.1441432768E+001   1.7646023026E-001
  -1.1286818812E+001   1.7639513447E-001
  -1.1132204856E+001   1.7673936962E-001
  -1.0977590899E+001   1.7747016223E-001
  -1.0822976943E+001   1.7854729059E-001
  -1.0668362987E+001   1.7993844732E-001
  -1.0513749030E+001   1.8166332751E-001
  -1.0359135074E+001   1.8386328788E-001
  -1.0204521118E+001   1.8691700242E-001
  -1.0049907161E+001   1.9165358267E-001
  -9.8952932049E+000   1.9978756292E-001
  -9.7406792486E+000   2.1481091472E-001
  -9.5860652923E+000   2.4360499015E-001
  -9.4314513359E+000   2.9879867982E-001
  -9.2768373796E+000   4.0213525690E-001
  -9.1222234233E+000   5.9288683810E-001
  -8.9676094670E+000   9.4628074391E-001
  -8.8129955106E+000   1.5529532032E+000
  -8.6583815543E+000   2.3056392095E+000
  -8.5037675980E+000   2.6831597279E+000
  -8.3491536417E+000   2.3056341968E+000
  -8.1945396853E+000   1.5529432821E+000
  -8.0399257290E+000   9.4626607421E-001
  -7.8853117727E+000   5.9286760249E-001
  -7.7306978164E+000   4.0211166390E-001
  -7.5760838600E+000   2.9877097327E-001
  -7.4214699037E+000   2.4357345406E-001
  -7.2668559474E+000   2.1477587755E-001
  -7.1122419910E+000   1.9974940187E-001
  -6.9576280347E+000   1.9161272574E-001
  -6.8030140784E+000   1.8687392785E-001
  -6.6484001221E+000   1.8381852165E-001
  -6.4937861657E+000   1.8161743984E-001
  -6.3391722094E+000   1.7989204815E-001
  -6.1845582531E+000   1.7850102409E-001
  -6.0299442968E+000   1.7742469942E-001
  -5.8753303404E+000   1.7669539892E-001
  -5.7207163841E+000   1.7635334921E-001
  -5.5661024278E+000   1.7642131281E-001
  -5.4114884714E+000   1.7689453576E-001
  -5.2568745151E+000   1.7774264828E-001
  -5.1022605588E+000   1.7892437944E-001
  -4.9476466025E+000   1.8041879624E-001
  -4.7930326461E+000   1.8227670692E-001
  -4.6384186898E+000   1.8470238392E-001
  -4.4838047335E+000   1.8819351858E-001
  -4.3291907772E+000   1.9380928497E-001
  -4.1745768208E+000   2.0372645717E-001
  -4.0199628645E+000   2.2234765166E-001
  -3.8653489082E+000   2.5817659660E-001
  -3.7107349518E+000   3.2640585518E-001
  -3.5561209955E+000   4.5318810773E-001
  -3.4015070392E+000   6.8754333309E-001
  -3.2468930829E+000   1.1180657304E+000
  -3.0922791265E+000   1.8055926756E+000
  -2.9376651702E+000   2.5049970645E+000
  -2.7830512139E+000   2.6369282212E+000
  -2.6284372576E+000   2.0638236063E+000
  -2.4738233012E+000   1.3210518089E+000
  -2.3192093449E+000   8.0395455741E-001
  -2.1645953886E+000   5.1587728604E-001
  -2.0099814323E+000   3.6042017087E-001
  -1.8553674759E+000   2.7634246345E-001
  -1.7007535196E+000   2.3182446820E-001
  -1.5461395633E+000   2.0868635321E-001
  -1.3915256069E+000   1.9651623222E-001
  -1.2369116506E+000   1.8979132639E-001
  -1.0822976943E+000   1.8575160931E-001
  -9.2768373796E-001   1.8304829265E-001
  -7.7306978164E-001   1.8103608851E-001
  -6.1845582531E-001   1.7943271458E-001
  -4.6384186898E-001   1.7814733512E-001
  -3.0922791265E-001   1.7718384466E-001
  -1.5461395633E-001   1.7658110662E-001
   0.0000000000E+000   1.7637550467E-001
   1.5461395633E-001   1.7658110662E-001
   3.0922791265E-001   1.7718384466E-001
   4.6384186898E-001   1.7814733512E-001
   6.1845582531E-001   1.7943271458E-001
   7.7306978164E-001   1.8103608851E-001
   9.2768373796E-001   1.8304829265E-001
   1.0822976943E+000   1.8575160931E-001
   1.2369116506E+000   1.8979132639E-001
   1.3915256069E+000   1.9651623222E-001
   1.5461395633E+000   2.0868635321E-001
   1.7007535196E+000   2.3182446820E-001
   1.8553674759E+000   2.7634246345E-001
   2.0099814323E+000   3.6042017087E-001
   2.1645953886E+000   5.1587728604E-001
   2.3192093449E+000   8.0395455741E-001
   2.4738233012E+000   1.3210518089E+000
   2.6284372576E+000   2.0638236063E+000
   2.7830512139E+000   2.6369282212E+000
   2.9376651702E+000   2.5049970645E+000
   3.0922791265E+000   1.8055926756E+000
   3.2468930829E+000   1.1180657304E+000
   3.4015070392E+000   6.8754333309E-001
   3.5561209955E+000   4.5318810773E-001
   3.7107349518E+000   3.2640585518E-001
   3.8653489082E+000   2.5817659660E-001
   4.0199628645E+000   2.2234765166E-001
   4.1745768208E+000   2.0372645717E-001
   4.3291907772E+000   1.9380928497E-001
   4.4838047335E+000   1.8819351858E-001
   4.6384186898E+000   1.8470238393E-001
   4.7930326461E+000   1.8227670692E-001
   4.9476466025E+000   1.8041879624E-001
   5.1022605588E+000   1.7892437944E-001
   5.2568745151E+000   1.7774264828E-001
   5.4114884714E+000   1.7689453576E-001
   5.5661024278E+000   1.7642131281E-001
   5.7207163841E+000   1.7635334921E-001
   5.8753303404E+000   1.7669539892E-001
   6.0299442968E+000   1.7742469943E-001
   6.1845582531E+000   1.7850102409E-001
   6.3391722094E+000   1.7989204816E-001
   6.4937861657E+000   1.8161743984E-001
   6.6484001221E+000   1.8381852165E-001
   6.8030140784E+000   1.8687392785E-001
   6.9576280347E+000   1.9161272575E-001
   7.1122419910E+000   1.9974940187E-001
   7.2668559474E+000   2.1477587755E-001
   7.4214699037E+000   2.4357345406E-001
   7.5760838600E+000   2.9877097327E-001
   7.7306978164E+000   4.0211166390E-001
   7.8853117727E+000   5.9286760249E-001
   8.0399257290E+000   9.4626607422E-001
   8.1945396853E+000   1.5529432821E+000
   8.3491536417E+000   2.3056341968E+000
   8.5037675980E+000   2.6831597279E+000
   8.6583815543E+000   2.3056392095E+000
   8.8129955106E+000   1.5529532032E+000
   8.9676094670E+000   9.4628074391E-001
   9.1222234233E+000   5.9288683810E-001
   9.2768373796E+000   4.0213525690E-001
   9.4314513359E+000   2.9879867982E-001
   9.5860652923E+000   2.4360499015E-001
   9.7406792486E+000   2.1481091472E-001
   9.8952932049E+000   1.9978756292E-001
   1.0049907161E+001   1.9165358267E-001
   1.0204521118E+001   1.8691700242E-001
   1.0359135074E+001   1.8386328788E-001
   1.0513749030E+001   1.8166332752E-001
   1.0668362987E+001   1.7993844732E-001
   1.0822976943E+001   1.7854729059E-001
   1.0977590899E+001   1.7747016223E-001
   1.1132204856E+001   1.7673936963E-001
   1.1286818812E+001   1.7639513447E-001
   1.1441432768E+001   1.7646023027E-001
   1.1596046725E+001   1.7692993375E-001
   1.1750660681E+001   1.7777392935E-001
   1.1905274637E+001   1.7895102688E-001
   1.2059888594E+001   1.8044040166E-001
   1.2214502550E+001   1.8229299633E-001
   1.2369116506E+001   1.8471323946E-001
   1.2523730462E+001   1.8819899386E-001
   1.2678344419E+001   1.9380961303E-001
   1.2832958375E+001   2.0372204700E-001
   1.2987572331E+001   2.2233905743E-001
   1.3142186288E+001   2.5816442552E-001
   1.3296800244E+001   3.2639057836E-001
   1.3451414200E+001   4.5316977645E-001
   1.3606028157E+001   6.8752122742E-001
   1.3760642113E+001   1.1180379948E+000
   1.3915256069E+001   1.8055566827E+000
   1.4069870026E+001   2.5049521581E+000
   1.4224483982E+001   2.6368785452E+000
   1.4379097938E+001   2.0637745458E+000
   1.4533711895E+001   1.3210045012E+000
   1.4688325851E+001   8.0390695901E-001
   1.4842939807E+001   5.1582752114E-001
   1.4997553764E+001   3.6036753257E-001
   1.5152167720E+001   2.7628714178E-001
   1.5306781676E+001   2.3176718076E-001
   1.5461395633E+001   2.0862804507E-001
   1.5616009589E+001   1.9645786092E-001
   1.5770623545E+001   1.8973374419E-001
   1.5925237502E+001   1.8569551580E-001
   1.6079851458E+001   1.8299422225E-001
   1.6234465414E+001   1.8098441295E-001
   1.6389079371E+001   1.7938365390E-001
   1.6543693327E+001   1.7810097588E-001
   1.6698307283E+001   1.7714016354E-001
   1.6852921240E+001   1.7653999715E-001
   1.7007535196E+001   1.7633680501E-001
   1.7162149152E+001   1.7654462736E-001
   1.7316763109E+001   1.7714939640E-001
   1.7471377065E+001   1.7811475619E-001
   1.7625991021E+001   1.7940189870E-001
   1.7780604978E+001   1.8100701132E-001
   1.7935218934E+001   1.8302103504E-001
   1.8089832890E+001   1.8572637531E-001
   1.8244446847E+001   1.8976845379E-001
   1.8399060803E+001   1.9649619444E-001
   1.8553674759E+001   2.0866974576E-001
   1.8708288716E+001   2.3181195977E-001
   1.8862902672E+001   2.7633467664E-001
   1.9017516628E+001   3.6041746683E-001
   1.9172130585E+001   5.1587946628E-001
   1.9326744541E+001   8.0396049874E-001
   1.9481358497E+001   1.3210592073E+000
   1.9635972454E+001   2.0638300327E+000
   1.9790586410E+001   2.6369345633E+000
   1.9945200366E+001   2.5050086286E+000
   2.0099814323E+001   1.8056135952E+000
   2.0254428279E+001   1.1180952650E+000
   2.0409042235E+001   6.8757866167E-001
   2.0563656191E+001   4.5322712104E-001
   2.0718270148E+001   3.2644755804E-001
   2.0872884104E+001   2.5822075455E-001
   2.1027498060E+001   2.2239444665E-001
   2.1182112017E+001   2.0377621337E-001
   2.1336725973E+001   1.9386228636E-001
   2.1491339929E+001   1.8824991905E-001
   2.1645953886E+001   1.8476217624E-001
   2.1800567842E+001   1.8233971902E-001
   2.1955181798E+001   1.8048469969E-001
   2.2109795755E+001   1.7899270610E-001
   2.2264409711E+001   1.7781281367E-001
   2.2419023667E+001   1.7696586702E-001
   2.2573637624E+001   1.7649307873E-001
   2.2728251580E+001   1.7642479042E-001
   2.2882865536E+001   1.7676575698E-001
   2.3037479493E+001   1.7749324489E-001
   2.3192093449E+001   1.7856708366E-001
   2.3346707405E+001   1.7995503071E-001
   2.3501321362E+001   1.8167686058E-001
   2.3655935318E+001   1.8387402312E-001
   2.3810549274E+001   1.8692529628E-001
   2.3965163231E+001   1.9165990196E-001
   2.4119777187E+001   1.9979248501E-001
   2.4274391143E+001   2.1481511415E-001
   2.4429005100E+001   2.4360919315E-001
   2.4583619056E+001   2.9880356037E-001
   2.4738233012E+001   4.0214126252E-001
   2.4892846969E+001   5.9289395885E-001
   2.5047460925E+001   9.4628824196E-001
   2.5202074881E+001   1.5529595922E+000
   2.5356688838E+001   2.3056435692E+000
   2.5511302794E+001   2.6831641256E+000
   2.5665916750E+001   2.3056428105E+000
   2.5820530707E+001   1.5529580789E+000
   2.5975144663E+001   9.4628598222E-001
   2.6129758619E+001   5.9289096494E-001
   2.6284372576E+001   4.0213755088E-001
   2.6438986532E+001   2.9879915163E-001
   2.6593600488E+001   2.4360411207E-001
   2.6748214445E+001   2.1480938961E-001
   2.6902828401E+001   1.9978615005E-001
   2.7057442357E+001   1.9165299371E-001
   2.7212056314E+001   1.8691785603E-001
   2.7366670270E+001   1.8386609626E-001
   2.7521284226E+001   1.8166849662E-001
   2.7675898183E+001   1.7994628320E-001
   2.7830512139E+001   1.7855801017E-001
   2.7985126095E+001   1.7748390698E-001
   2.8139740052E+001   1.7675622015E-001
   2.8294354008E+001   1.7641512414E-001
   2.8448967964E+001   1.7648335628E-001
   2.8603581920E+001   1.7695616540E-001
   2.8758195877E+001   1.7780321349E-001
   2.8912809833E+001   1.7898329143E-001
   2.9067423789E+001   1.8047555788E-001
   2.9222037746E+001   1.8233094054E-001
   2.9376651702E+001   1.8475385440E-001
   2.9531265658E+001   1.8824214967E-001
   2.9685879615E+001   1.9385516742E-001
   2.9840493571E+001   2.0376984451E-001
   2.9995107527E+001   2.2238892864E-001
   3.0149721484E+001   2.5821618869E-001
   3.0304335440E+001   3.2644404555E-001
   3.0458949396E+001   4.5322476253E-001
   3.0613563353E+001   6.8757755677E-001
   3.0768177309E+001   1.1180955124E+000
   3.0922791265E+001   1.8056152943E+000
   3.1077405222E+001   2.5050118847E+000
   3.1232019178E+001   2.6369394911E+000
   3.1386633134E+001   2.0638367526E+000
   3.1541247091E+001   1.3210678345E+000
   3.1695861047E+001   8.0397113771E-001
   3.1850475003E+001   5.1589221067E-001
   3.2005088960E+001   3.6043240145E-001
   3.2159702916E+001   2.7635187757E-001
   3.2314316872E+001   2.3183149390E-001
   3.2468930829E+001   2.0869167062E-001
   3.2623544785E+001   1.9652055800E-001
   3.2778158741E+001   1.8979529391E-001
   3.2932772698E+001   1.8575571908E-001
   3.3087386654E+001   1.8305289812E-001
   3.3242000610E+001   1.8104139746E-001
   3.3396614567E+001   1.7943879936E-001
   3.3551228523E+001   1.7815415026E-001
   3.3705842479E+001   1.7719124996E-001
   3.3860456436E+001   1.7658889339E-001
