  -3.4015070392E+001   1.6372083438E-001
  -3.3860456436E+001   1.6413229586E-001
  -3.3705842479E+001   1.6534507016E-001
  -3.3551228523E+001   1.6730014798E-001
  -3.3396614567E+001   1.6992109183E-001
  -3.3242000610E+001   1.7315210423E-001
  -3.3087386654E+001   1.7701936771E-001
  -3.2932772698E+001   1.8173072071E-001
  -3.2778158741E+001   1.8785166149E-001
  -3.2623544785E+001   1.9665137194E-001
  -3.2468930829E+001   2.1081630251E-001
  -3.2314316872E+001   2.3580718678E-001
  -3.2159702916E+001   2.8199031320E-001
  -3.2005088960E+001   3.6751965749E-001
  -3.1850475003E+001   5.2420151530E-001
  -3.1695861047E+001   8.1322782752E-001
  -3.1541247091E+001   1.3308208876E+000
  -3.1386633134E+001   2.0734472368E+000
  -3.1232019178E+001   2.6461512076E+000
  -3.1077405222E+001   2.5143294198E+000
  -3.0922791265E+001   1.8153373651E+000
  -3.0768177309E+001   1.1277476512E+000
  -3.0613563353E+001   6.9655355889E-001
  -3.0458949396E+001   4.6114951149E-001
  -3.0304335440E+001   3.3306850787E-001
  -3.0149721484E+001   2.6331809741E-001
  -2.9995107527E+001   2.2576068929E-001
  -2.9840493571E+001   2.0523621023E-001
  -2.9685879615E+001   1.9329248719E-001
  -2.9531265658E+001   1.8559334403E-001
  -2.9376651702E+001   1.8003820801E-001
  -2.9222037746E+001   1.7564820485E-001
  -2.9067423789E+001   1.7200421038E-001
  -2.8912809833E+001   1.6897354450E-001
  -2.8758195877E+001   1.6656604815E-001
  -2.8603581920E+001   1.6484989408E-001
  -2.8448967964E+001   1.6389897867E-001
  -2.8294354008E+001   1.6376127345E-001
  -2.8139740052E+001   1.6444404899E-001
  -2.7985126095E+001   1.6591197437E-001
  -2.7830512139E+001   1.6809718751E-001
  -2.7675898183E+001   1.7092490915E-001
  -2.7521284226E+001   1.7435841837E-001
  -2.7366670270E+001   1.7847071650E-001
  -2.7212056314E+001   1.8356365262E-001
  -2.7057442357E+001   1.9038592291E-001
  -2.6902828401E+001   2.0057378624E-001
  -2.6748214445E+001   2.1754887091E-001
  -2.6593600488E+001   2.4813544891E-001
  -2.6438986532E+001   3.0492325966E-001
  -2.6284372576E+001   4.0963594197E-001
  -2.6129758619E+001   6.0152914687E-001
  -2.5975144663E+001   9.5574819927E-001
  -2.5820530707E+001   1.5627100175E+000
  -2.5665916750E+001   2.3150822964E+000
  -2.5511302794E+001   2.6923125380E+000
  -2.5356688838E+001   2.3150816463E+000
  -2.5202074881E+001   1.5627087188E+000
  -2.5047460925E+001   9.5574625504E-001
  -2.4892846969E+001   6.0152656162E-001
  -2.4738233012E+001   4.0963272169E-001
  -2.4583619056E+001   3.0491941182E-001
  -2.4429005100E+001   2.4813098253E-001
  -2.4274391143E+001   2.1754379667E-001
  -2.4119777187E+001   2.0056811649E-001
  -2.3965163231E+001   1.9037967178E-001
  -2.3810549274E+001   1.8355683604E-001
  -2.3655935318E+001   1.7846335234E-001
  -2.3501321362E+001   1.7435052653E-001
  -2.3346707405E+001   1.7091651171E-001
  -2.3192093449E+001   1.6808830890E-001
  -2.3037479493E+001   1.6590264146E-001
  -2.2882865536E+001   1.6443429123E-001
  -2.2728251580E+001   1.6375112310E-001
  -2.2573637624E+001   1.6388847087E-001
  -2.2419023667E+001   1.6483906713E-001
  -2.2264409711E+001   1.6655494369E-001
  -2.2109795755E+001   1.6896220772E-001
  -2.1955181798E+001   1.7199269017E-001
  -2.1800567842E+001   1.7563655397E-001
  -2.1645953886E+001   1.8002648323E-001
  -2.1491339929E+001   1.8558160636E-001
  -2.1336725973E+001   1.9328080195E-001
  -2.1182112017E+001   2.0522464722E-001
  -2.1027498060E+001   2.2574932284E-001
  -2.0872884104E+001   2.6330700635E-001
  -2.0718270148E+001   3.3305777562E-001
  -2.0563656191E+001   4.6113922621E-001
  -2.0409042235E+001   6.9654381390E-001
  -2.0254428279E+001   1.1277385457E+000
  -2.0099814323E+001   1.8153290056E+000
  -1.9945200366E+001   2.5143219215E+000
  -1.9790586410E+001   2.6461446958E+000
  -1.9635972454E+001   2.0734418452E+000
  -1.9481358497E+001   1.3308167555E+000
  -1.9326744541E+001   8.1322509692E-001
  -1.9172130585E+001   5.2420032938E-001
  -1.9017516628E+001   3.6752016007E-001
  -1.8862902672E+001   2.8199264810E-001
  -1.8708288716E+001   2.3581149728E-001
  -1.8553674759E+001   2.1082273079E-001
  -1.8399060803E+001   1.9666005837E-001
  -1.8244446847E+001   1.8786274355E-001
  -1.8089832890E+001   1.8174433172E-001
  -1.7935218934E+001   1.7703563548E-001
  -1.7780604978E+001   1.7317114973E-001
  -1.7625991021E+001   1.6994302790E-001
  -1.7471377065E+001   1.6732507810E-001
  -1.7316763109E+001   1.6537308745E-001
  -1.7162149152E+001   1.6416348236E-001
  -1.7007535196E+001   1.6375526079E-001
  -1.6852921240E+001   1.6417002220E-001
  -1.6698307283E+001   1.6538614751E-001
  -1.6543693327E+001   1.6734462170E-001
  -1.6389079371E+001   1.6996900667E-001
  -1.6234465414E+001   1.7320351150E-001
  -1.6079851458E+001   1.7707433444E-001
  -1.5925237502E+001   1.8178934141E-001
  -1.5770623545E+001   1.8791407396E-001
  -1.5616009589E+001   1.9671777963E-001
  -1.5461395633E+001   2.1088700686E-001
  -1.5306781676E+001   2.3588262987E-001
  -1.5152167720E+001   2.8207112086E-001
  -1.4997553764E+001   3.6760666391E-001
  -1.4842939807E+001   5.2429576447E-001
  -1.4688325851E+001   8.1333055927E-001
  -1.4533711895E+001   1.3309333480E+000
  -1.4379097938E+001   2.0735698430E+000
  -1.4224483982E+001   2.6462821131E+000
  -1.4069870026E+001   2.5144640732E+000
  -1.3915256069E+001   1.8154703116E+000
  -1.3760642113E+001   1.1278748090E+000
  -1.3606028157E+001   6.9667264753E-001
  -1.3451414200E+001   4.6125915353E-001
  -1.3296800244E+001   3.3316758591E-001
  -1.3142186288E+001   2.6340560510E-001
  -1.2987572331E+001   2.2583565266E-001
  -1.2832958375E+001   2.0529756281E-001
  -1.2678344419E+001   1.9333898007E-001
  -1.2523730462E+001   1.8562352033E-001
  -1.2369116506E+001   1.8005041228E-001
  -1.2214502550E+001   1.7564059739E-001
  -1.2059888594E+001   1.7197477853E-001
  -1.1905274637E+001   1.6892011938E-001
  -1.1750660681E+001   1.6648634079E-001
  -1.1596046725E+001   1.6474156528E-001
  -1.1441432768E+001   1.6375975307E-001
  -1.1286818812E+001   1.6358910368E-001
  -1.1132204856E+001   1.6423733209E-001
  -1.0977590899E+001   1.6566981727E-001
  -1.0822976943E+001   1.6781970672E-001
  -1.0668362987E+001   1.7061353589E-001
  -1.0513749030E+001   1.7401616945E-001
  -1.0359135074E+001   1.7810238658E-001
  -1.0204521118E+001   1.8317589265E-001
  -1.0049907161E+001   1.8998718855E-001
  -9.8952932049E+000   2.0017412232E-001
  -9.7406792486E+000   2.1715936897E-001
  -9.5860652923E+000   2.4776696588E-001
  -9.4314513359E+000   3.0458385224E-001
  -9.2768373796E+000   4.0932685922E-001
  -9.1222234233E+000   6.0123968752E-001
  -8.9676094670E+000   9.5544941316E-001
  -8.8129955106E+000   1.5623540762E+000
  -8.6583815543E+000   2.3146368475E+000
  -8.5037675980E+000   2.6918265981E+000
  -8.3491536417E+000   2.3146634183E+000
  -8.1945396853E+000   1.5624084301E+000
  -8.0399257290E+000   9.5553318609E-001
  -7.8853117727E+000   6.0135418944E-001
  -7.7306978164E+000   4.0947272363E-001
  -7.5760838600E+000   3.0476089602E-001
  -7.4214699037E+000   2.4797414665E-001
  -7.2668559474E+000   2.1739483149E-001
  -7.1122419910E+000   2.0043528347E-001
  -6.9576280347E+000   1.9027080831E-001
  -6.8030140784E+000   1.8347812366E-001
  -6.6484001221E+000   1.7841882080E-001
  -6.4937861657E+000   1.7434189973E-001
  -6.3391722094E+000   1.7094323751E-001
  -6.1845582531E+000   1.6814773617E-001
  -6.0299442968E+000   1.6599032427E-001
  -5.8753303404E+000   1.6454438566E-001
  -5.7207163841E+000   1.6387683731E-001
  -5.5661024278E+000   1.6402253596E-001
  -5.4114884714E+000   1.6497420751E-001
  -5.2568745151E+000   1.6668433554E-001
  -5.1022605588E+000   1.6907991490E-001
  -4.9476466025E+000   1.7209406017E-001
  -4.7930326461E+000   1.7571854785E-001
  -4.6384186898E+000   1.8008791097E-001
  -4.4838047335E+000   1.8562324588E-001
  -4.3291907772E+000   1.9330538751E-001
  -4.1745768208E+000   2.0523667852E-001
  -4.0199628645E+000   2.2575451798E-001
  -3.8653489082E+000   2.6331103218E-001
  -3.7107349518E+000   3.3306388621E-001
  -3.5561209955E+000   4.6114483596E-001
  -3.4015070392E+000   6.9653610457E-001
  -3.2468930829E+000   1.1276895412E+000
  -3.0922791265E+000   1.8152008768E+000
  -2.9376651702E+000   2.5141072079E+000
  -2.7830512139E+000   2.6459073674E+000
  -2.6284372576E+000   2.0732619590E+000
  -2.4738233012E+000   1.3307075255E+000
  -2.3192093449E+000   8.1315038772E-001
  -2.1645953886E+000   5.2412549612E-001
  -2.0099814323E+000   3.6742687841E-001
  -1.8553674759E+000   2.8187518328E-001
  -1.7007535196E+000   2.3567191616E-001
  -1.5461395633E+000   2.1066709239E-001
  -1.3915256069E+000   1.9649557629E-001
  -1.2369116506E+000   1.8769611628E-001
  -1.0822976943E+000   1.8158096604E-001
  -9.2768373796E-001   1.7687933514E-001
  -7.7306978164E-001   1.7302401427E-001
  -6.1845582531E-001   1.6980548061E-001
  -4.6384186898E-001   1.6719601030E-001
  -3.0922791265E-001   1.6525010605E-001
  -1.5461395633E-001   1.6404323492E-001
   0.0000000000E+000   1.6363380833E-001
   1.5461395633E-001   1.6404323492E-001
   3.0922791265E-001   1.6525010605E-001
   4.6384186898E-001   1.6719601030E-001
   6.1845582531E-001   1.6980548061E-001
   7.7306978164E-001   1.7302401427E-001
   9.2768373796E-001   1.7687933514E-001
   1.0822976943E+000   1.8158096604E-001
   1.2369116506E+000   1.8769611628E-001
   1.3915256069E+000   1.9649557629E-001
   1.5461395633E+000   2.1066709239E-001
   1.7007535196E+000   2.3567191616E-001
   1.8553674759E+000   2.8187518328E-001
   2.0099814323E+000   3.6742687841E-001
   2.1645953886E+000   5.2412549612E-001
   2.3192093449E+000   8.1315038772E-001
   2.4738233012E+000   1.3307075255E+000
   2.6284372576E+000   2.0732619590E+000
   2.7830512139E+000   2.6459073674E+000
   2.9376651702E+000   2.5141072079E+000
   3.0922791265E+000   1.8152008768E+000
   3.2468930829E+000   1.1276895412E+000
   3.4015070392E+000   6.9653610457E-001
   3.5561209955E+000   4.6114483596E-001
   3.7107349518E+000   3.3306388621E-001
   3.8653489082E+000   2.6331103218E-001
   4.0199628645E+000   2.2575451798E-001
   4.1745768208E+000   2.0523667852E-001
   4.3291907772E+000   1.9330538751E-001
   4.4838047335E+000   1.8562324588E-001
   4.6384186898E+000   1.8008791097E-001
   4.7930326461E+000   1.7571854785E-001
   4.9476466025E+000   1.7209406017E-001
   5.1022605588E+000   1.6907991490E-001
   5.2568745151E+000   1.6668433554E-001
   5.4114884714E+000   1.6497420751E-001
   5.5661024278E+000   1.6402253596E-001
   5.7207163841E+000   1.6387683731E-001
   5.8753303404E+000   1.6454438566E-001
   6.0299442968E+000   1.6599032427E-001
   6.1845582531E+000   1.6814773617E-001
   6.3391722094E+000   1.7094323751E-001
   6.4937861657E+000   1.7434189973E-001
   6.6484001221E+000   1.7841882080E-001
   6.8030140784E+000   1.8347812366E-001
   6.9576280347E+000   1.9027080831E-001
   7.1122419910E+000   2.0043528347E-001
   7.2668559474E+000   2.1739483149E-001
   7.4214699037E+000   2.4797414665E-001
   7.5760838600E+000   3.0476089602E-001
   7.7306978164E+000   4.0947272363E-001
   7.8853117727E+000   6.0135418944E-001
   8.0399257290E+000   9.5553318609E-001
   8.1945396853E+000   1.5624084301E+000
   8.3491536417E+000   2.3146634183E+000
   8.5037675980E+000   2.6918265981E+000
   8.6583815543E+000   2.3146368475E+000
   8.8129955106E+000   1.5623540762E+000
   8.9676094670E+000   9.5544941316E-001
   9.1222234233E+000   6.0123968752E-001
   9.2768373796E+000   4.0932685922E-001
   9.4314513359E+000   3.0458385224E-001
   9.5860652923E+000   2.4776696588E-001
   9.7406792486E+000   2.1715936897E-001
   9.8952932049E+000   2.0017412232E-001
   1.0049907161E+001   1.8998718855E-001
   1.0204521118E+001   1.8317589265E-001
   1.0359135074E+001   1.7810238658E-001
   1.0513749030E+001   1.7401616945E-001
   1.0668362987E+001   1.7061353589E-001
   1.0822976943E+001   1.6781970672E-001
   1.0977590899E+001   1.6566981727E-001
   1.1132204856E+001   1.6423733209E-001
   1.1286818812E+001   1.6358910368E-001
   1.1441432768E+001   1.6375975307E-001
   1.1596046725E+001   1.6474156528E-001
   1.1750660681E+001   1.6648634079E-001
   1.1905274637E+001   1.6892011938E-001
   1.2059888594E+001   1.7197477853E-001
   1.2214502550E+001   1.7564059739E-001
   1.2369116506E+001   1.8005041228E-001
   1.2523730462E+001   1.8562352033E-001
   1.2678344419E+001   1.9333898007E-001
   1.2832958375E+001   2.0529756281E-001
   1.2987572331E+001   2.2583565266E-001
   1.3142186288E+001   2.6340560510E-001
   1.3296800244E+001   3.3316758591E-001
   1.3451414200E+001   4.6125915353E-001
   1.3606028157E+001   6.9667264753E-001
   1.3760642113E+001   1.1278748090E+000
   1.3915256069E+001   1.8154703116E+000
   1.4069870026E+001   2.5144640732E+000
   1.4224483982E+001   2.6462821131E+000
   1.4379097938E+001   2.0735698430E+000
   1.4533711895E+001   1.3309333480E+000
   1.4688325851E+001   8.1333055927E-001
   1.4842939807E+001   5.2429576447E-001
   1.4997553764E+001   3.6760666391E-001
   1.5152167720E+001   2.8207112086E-001
   1.5306781676E+001   2.3588262987E-001
   1.5461395633E+001   2.1088700686E-001
   1.5616009589E+001   1.9671777963E-001
   1.5770623545E+001   1.8791407396E-001
   1.5925237502E+001   1.8178934141E-001
   1.6079851458E+001   1.7707433444E-001
   1.6234465414E+001   1.7320351150E-001
   1.6389079371E+001   1.6996900667E-001
   1.6543693327E+001   1.6734462170E-001
   1.6698307283E+001   1.6538614751E-001
   1.6852921240E+001   1.6417002220E-001
   1.7007535196E+001   1.6375526079E-001
   1.7162149152E+001   1.6416348236E-001
   1.7316763109E+001   1.6537308745E-001
   1.7471377065E+001   1.6732507810E-001
   1.7625991021E+001   1.6994302790E-001
   1.7780604978E+001   1.7317114973E-001
   1.7935218934E+001   1.7703563548E-001
   1.8089832890E+001   1.8174433172E-001
   1.8244446847E+001   1.8786274355E-001
   1.8399060803E+001   1.9666005837E-001
   1.8553674759E+001   2.1082273079E-001
   1.8708288716E+001   2.3581149728E-001
   1.8862902672E+001   2.8199264810E-001
   1.9017516628E+001   3.6752016007E-001
   1.9172130585E+001   5.2420032937E-001
   1.9326744541E+001   8.1322509692E-001
   1.9481358497E+001   1.3308167555E+000
   1.9635972454E+001   2.0734418452E+000
   1.9790586410E+001   2.6461446958E+000
   1.9945200366E+001   2.5143219215E+000
   2.0099814323E+001   1.8153290056E+000
   2.0254428279E+001   1.1277385457E+000
   2.0409042235E+001   6.9654381390E-001
   2.0563656191E+001   4.6113922621E-001
   2.0718270148E+001   3.3305777562E-001
   2.0872884104E+001   2.6330700635E-001
   2.1027498060E+001   2.2574932284E-001
   2.1182112017E+001   2.0522464722E-001
   2.1336725973E+001   1.9328080195E-001
   2.1491339929E+001   1.8558160636E-001
   2.1645953886E+001   1.8002648323E-001
   2.1800567842E+001   1.7563655397E-001
   2.1955181798E+001   1.7199269017E-001
   2.2109795755E+001   1.6896220772E-001
   2.2264409711E+001   1.6655494369E-001
   2.2419023667E+001   1.6483906713E-001
   2.2573637624E+001   1.6388847087E-001
   2.2728251580E+001   1.6375112310E-001
   2.2882865536E+001   1.6443429123E-001
   2.3037479493E+001   1.6590264145E-001
   2.3192093449E+001   1.6808830888E-001
   2.3346707405E+001   1.7091651170E-001
   2.3501321362E+001   1.7435052651E-001
   2.3655935318E+001   1.7846335233E-001
   2.3810549274E+001   1.8355683603E-001
   2.3965163231E+001   1.9037967176E-001
   2.4119777187E+001   2.0056811648E-001
   2.4274391143E+001   2.1754379666E-001
   2.4429005100E+001   2.4813098252E-001
   2.4583619056E+001   3.0491941180E-001
   2.4738233012E+001   4.0963272168E-001
   2.4892846969E+001   6.0152656161E-001
   2.5047460925E+001   9.5574625503E-001
   2.5202074881E+001   1.5627087188E+000
   2.5356688838E+001   2.3150816463E+000
   2.5511302794E+001   2.6923125380E+000
   2.5665916750E+001   2.3150822964E+000
   2.5820530707E+001   1.5627100175E+000
   2.5975144663E+001   9.5574819927E-001
   2.6129758619E+001   6.0152914688E-001
   2.6284372576E+001   4.0963594199E-001
   2.6438986532E+001   3.0492325968E-001
   2.6593600488E+001   2.4813544892E-001
   2.6748214445E+001   2.1754887093E-001
   2.6902828401E+001   2.0057378625E-001
   2.7057442357E+001   1.9038592293E-001
   2.7212056314E+001   1.8356365264E-001
   2.7366670270E+001   1.7847071652E-001
   2.7521284226E+001   1.7435841839E-001
   2.7675898183E+001   1.7092490916E-001
   2.7830512139E+001   1.6809718753E-001
   2.7985126095E+001   1.6591197438E-001
   2.8139740052E+001   1.6444404899E-001
   2.8294354008E+001   1.6376127345E-001
   2.8448967964E+001   1.6389897867E-001
   2.8603581920E+001   1.6484989408E-001
   2.8758195877E+001   1.6656604815E-001
   2.8912809833E+001   1.6897354450E-001
   2.9067423789E+001   1.7200421038E-001
   2.9222037746E+001   1.7564820485E-001
   2.9376651702E+001   1.8003820801E-001
   2.9531265658E+001   1.8559334403E-001
   2.9685879615E+001   1.9329248719E-001
   2.9840493571E+001   2.0523621023E-001
   2.9995107527E+001   2.2576068929E-001
   3.0149721484E+001   2.6331809741E-001
   3.0304335440E+001   3.3306850787E-001
   3.0458949396E+001   4.6114951149E-001
   3.0613563353E+001   6.9655355889E-001
   3.0768177309E+001   1.1277476512E+000
   3.0922791265E+001   1.8153373651E+000
   3.1077405222E+001   2.5143294198E+000
   3.1232019178E+001   2.6461512076E+000
   3.1386633134E+001   2.0734472368E+000
   3.1541247091E+001   1.3308208876E+000
   3.1695861047E+001   8.1322782752E-001
   3.1850475003E+001   5.2420151530E-001
   3.2005088960E+001   3.6751965749E-001
   3.2159702916E+001   2.8199031320E-001
   3.2314316872E+001   2.3580718678E-001
   3.2468930829E+001   2.1081630251E-001
   3.2623544785E+001   1.9665137194E-001
   3.2778158741E+001   1.8785166149E-001
   3.2932772698E+001   1.8173072071E-001
   3.3087386654E+001   1.7701936771E-001
   3.3242000610E+001   1.7315210423E-001
   3.3396614567E+001   1.6992109183E-001
   3.3551228523E+001   1.6730014798E-001
   3.3705842479E+001   1.6534507016E-001
   3.3860456436E+001   1.6413229586E-001
