  -3.4015070392E+001   1.7636927022E-001
  -3.3860456436E+001   1.7657464029E-001
  -3.3705842479E+001   1.7717670248E-001
  -3.3551228523E+001   1.7813913170E-001
  -3.3396614567E+001   1.7942315959E-001
  -3.3242000610E+001   1.8102501859E-001
  -3.3087386654E+001   1.8303569660E-001
  -3.2932772698E+001   1.8573764472E-001
  -3.2778158741E+001   1.8977632717E-001
  -3.2623544785E+001   1.9650070670E-001
  -3.2468930829E+001   2.0867096741E-001
  -3.2314316872E+001   2.3180999539E-001
  -3.2159702916E+001   2.7632966724E-001
  -3.2005088960E+001   3.6040959722E-001
  -3.1850475003E+001   5.1586896396E-001
  -3.1695861047E+001   8.0394755894E-001
  -3.1541247091E+001   1.3210437584E+000
  -3.1386633134E+001   2.0638116567E+000
  -3.1232019178E+001   2.6369133362E+000
  -3.1077405222E+001   2.5049857385E+000
  -3.0922791265E+001   1.8055899206E+000
  -3.0768177309E+001   1.1180705689E+000
  -3.0613563353E+001   6.8755259960E-001
  -3.0458949396E+001   4.5319974788E-001
  -3.0304335440E+001   3.2641911171E-001
  -3.0149721484E+001   2.5819147421E-001
  -2.9995107527E+001   2.2236453420E-001
  -2.9840493571E+001   2.0374583855E-001
  -2.9685879615E+001   1.9383159245E-001
  -2.9531265658E+001   1.8821902368E-001
  -2.9376651702E+001   1.8473116938E-001
  -2.9222037746E+001   1.8230865959E-001
  -2.9067423789E+001   1.8045361209E-001
  -2.8912809833E+001   1.7896157760E-001
  -2.8758195877E+001   1.7778159420E-001
  -2.8603581920E+001   1.7693447229E-001
  -2.8448967964E+001   1.7646139707E-001
  -2.8294354008E+001   1.7639269264E-001
  -2.8139740052E+001   1.7673310827E-001
  -2.7985126095E+001   1.7745991691E-001
  -2.7830512139E+001   1.7853296533E-001
  -2.7675898183E+001   1.7992003629E-001
  -2.7521284226E+001   1.8164093425E-001
  -2.7366670270E+001   1.8383714004E-001
  -2.7212056314E+001   1.8688746094E-001
  -2.7057442357E+001   1.9162114527E-001
  -2.6902828401E+001   1.9975286125E-001
  -2.6748214445E+001   2.1477469895E-001
  -2.6593600488E+001   2.4356808384E-001
  -2.6438986532E+001   2.9876188065E-001
  -2.6284372576E+001   4.0209917043E-001
  -2.6129758619E+001   5.9285163242E-001
  -2.5975144663E+001   9.4624575533E-001
  -2.5820530707E+001   1.5529166578E+000
  -2.5665916750E+001   2.3055997051E+000
  -2.5511302794E+001   2.6831197083E+000
  -2.5356688838E+001   2.3055990366E+000
  -2.5202074881E+001   1.5529153214E+000
  -2.5047460925E+001   9.4624375257E-001
  -2.4892846969E+001   5.9284896528E-001
  -2.4738233012E+001   4.0209584156E-001
  -2.4583619056E+001   2.9875789335E-001
  -2.4429005100E+001   2.4356344205E-001
  -2.4274391143E+001   2.1476940730E-001
  -2.4119777187E+001   1.9974692507E-001
  -2.3965163231E+001   1.9161457058E-001
  -2.3810549274E+001   1.8688025445E-001
  -2.3655935318E+001   1.8382930914E-001
  -2.3501321362E+001   1.8163248710E-001
  -2.3346707405E+001   1.7991098174E-001
  -2.3192093449E+001   1.7852331300E-001
  -2.3037479493E+001   1.7744967715E-001
  -2.2882865536E+001   1.7672229215E-001
  -2.2728251580E+001   1.7638131195E-001
  -2.2573637624E+001   1.7644946425E-001
  -2.2419023667E+001   1.7692200051E-001
  -2.2264409711E+001   1.7776859730E-001
  -2.2109795755E+001   1.7894807011E-001
  -2.1955181798E+001   1.8043960922E-001
  -2.1800567842E+001   1.8229417720E-001
  -2.1645953886E+001   1.8471622400E-001
  -2.1491339929E+001   1.8820363256E-001
  -2.1336725973E+001   1.9381577362E-001
  -2.1182112017E+001   2.0372961096E-001
  -2.1027498060E+001   2.2234791783E-001
  -2.0872884104E+001   2.5817449021E-001
  -2.0718270148E+001   3.2640178256E-001
  -2.0563656191E+001   4.5318209735E-001
  -2.0409042235E+001   6.8753465256E-001
  -2.0254428279E+001   1.1180523507E+000
  -2.0099814323E+001   1.8055714547E+000
  -1.9945200366E+001   2.5049670415E+000
  -1.9790586410E+001   2.6368944132E+000
  -1.9635972454E+001   2.0637925048E+000
  -1.9481358497E+001   1.3210243756E+000
  -1.9326744541E+001   8.0392794932E-001
  -1.9172130585E+001   5.1584913662E-001
  -1.9017516628E+001   3.6038956383E-001
  -1.8862902672E+001   2.7630944117E-001
  -1.8708288716E+001   2.3178959125E-001
  -1.8553674759E+001   2.0865040034E-001
  -1.8399060803E+001   1.9647999175E-001
  -1.8244446847E+001   1.8975547886E-001
  -1.8089832890E+001   1.8571667690E-001
  -1.7935218934E+001   1.8301462216E-001
  -1.7780604978E+001   1.8100384916E-001
  -1.7625991021E+001   1.7940190511E-001
  -1.7471377065E+001   1.7811780000E-001
  -1.7316763109E+001   1.7715529883E-001
  -1.7162149152E+001   1.7655316716E-001
  -1.7007535196E+001   1.7634772701E-001
  -1.6852921240E+001   1.7655302327E-001
  -1.6698307283E+001   1.7715500476E-001
  -1.6543693327E+001   1.7811734346E-001
  -1.6389079371E+001   1.7940126840E-001
  -1.6234465414E+001   1.8100301007E-001
  -1.6079851458E+001   1.8301355515E-001
  -1.5925237502E+001   1.8571535461E-001
  -1.5770623545E+001   1.8975387394E-001
  -1.5616009589E+001   1.9647807917E-001
  -1.5461395633E+001   2.0864816041E-001
  -1.5306781676E+001   2.3178701342E-001
  -1.5152167720E+001   2.7630652840E-001
  -1.4997553764E+001   3.6038633642E-001
  -1.4842939807E+001   5.1584563515E-001
  -1.4688325851E+001   8.0392423689E-001
  -1.4533711895E+001   1.3210205302E+000
  -1.4379097938E+001   2.0637885739E+000
  -1.4224483982E+001   2.6368903292E+000
  -1.4069870026E+001   2.5049625903E+000
  -1.3915256069E+001   1.8055663758E+000
  -1.3760642113E+001   1.1180464735E+000
  -1.3606028157E+001   6.8752792729E-001
  -1.3451414200E+001   4.5317454677E-001
  -1.3296800244E+001   3.2639346635E-001
  -1.3142186288E+001   2.5816549863E-001
  -1.2987572331E+001   2.2233836913E-001
  -1.2832958375E+001   2.0371964531E-001
  -1.2678344419E+001   1.9380554821E-001
  -1.2523730462E+001   1.8819331987E-001
  -1.2369116506E+001   1.8470601135E-001
  -1.2214502550E+001   1.8228426555E-001
  -1.2059888594E+001   1.8043021051E-001
  -1.1905274637E+001   1.7893940328E-001
  -1.1750660681E+001   1.7776088348E-001
  -1.1596046725E+001   1.7691545776E-001
  -1.1441432768E+001   1.7644430185E-001
  -1.1286818812E+001   1.7637772422E-001
  -1.1132204856E+001   1.7672045162E-001
  -1.0977590899E+001   1.7744972680E-001
  -1.0822976943E+001   1.7852535794E-001
  -1.0668362987E+001   1.7991508052E-001
  -1.0513749030E+001   1.8163864361E-001
  -1.0359135074E+001   1.8383746625E-001
  -1.0204521118E+001   1.8689029041E-001
  -1.0049907161E+001   1.9162629921E-001
  -9.8952932049E+000   1.9976010022E-001
  -9.7406792486E+000   2.1478373356E-001
  -9.5860652923E+000   2.4357859626E-001
  -9.4314513359E+000   2.9877356308E-001
  -9.2768373796E+000   4.0211178125E-001
  -9.1222234233E+000   5.9286505597E-001
  -8.9676094670E+000   9.4626003658E-001
  -8.8129955106E+000   1.5529319423E+000
  -8.6583815543E+000   2.3056159755E+000
  -8.5037675980E+000   2.6831364730E+000
  -8.3491536417E+000   2.3056154886E+000
  -8.1945396853E+000   1.5529309044E+000
  -8.0399257290E+000   9.4625836562E-001
  -7.8853117727E+000   5.9286269061E-001
  -7.7306978164E+000   4.0210869261E-001
  -7.5760838600E+000   2.9876975719E-001
  -7.4214699037E+000   2.4357411570E-001
  -7.2668559474E+000   2.1477865623E-001
  -7.1122419910E+000   1.9975453591E-001
  -6.9576280347E+000   1.9162038632E-001
  -6.8030140784E+000   1.8688419343E-001
  -6.6484001221E+000   1.8383137336E-001
  -6.4937861657E+000   1.8163276372E-001
  -6.3391722094E+000   1.7990963946E-001
  -6.1845582531E+000   1.7852059393E-001
  -6.0299442968E+000   1.7744588528E-001
  -5.8753303404E+000   1.7671777952E-001
  -5.7207163841E+000   1.7637646346E-001
  -5.5661024278E+000   1.7644468169E-001
  -5.4114884714E+000   1.7691768592E-001
  -5.2568745151E+000   1.7776513580E-001
  -5.1022605588E+000   1.7894581218E-001
  -4.9476466025E+000   1.8043885316E-001
  -4.7930326461E+000   1.8229515278E-001
  -4.6384186898E+000   1.8471907869E-001
  -4.4838047335E+000   1.8820842196E-001
  -4.3291907772E+000   1.9382245706E-001
  -4.1745768208E+000   2.0373805388E-001
  -4.0199628645E+000   2.2235790576E-001
  -3.8653489082E+000   2.5818576426E-001
  -3.7107349518E+000   3.2641410715E-001
  -3.5561209955E+000   4.5319535896E-001
  -3.4015070392E+000   6.8754897312E-001
  -3.2468930829E+000   1.1180681735E+000
  -3.0922791265E+000   1.8055893736E+000
  -2.9376651702E+000   2.5049870040E+000
  -2.7830512139E+000   2.6369150422E+000
  -2.6284372576E+000   2.0638121592E+000
  -2.4738233012E+000   1.3210426664E+000
  -2.3192093449E+000   8.0394547598E-001
  -2.1645953886E+000   5.1586651891E-001
  -2.0099814323E+000   3.6040707958E-001
  -1.8553674759E+000   2.7632706742E-001
  -1.7007535196E+000   2.3180711704E-001
  -1.5461395633E+000   2.0866753569E-001
  -1.3915256069E+000   1.9649645139E-001
  -1.2369116506E+000   1.8977103118E-001
  -1.0822976943E+000   1.8573116631E-001
  -9.2768373796E-001   1.8302797712E-001
  -7.7306978164E-001   1.8101608277E-001
  -6.1845582531E-001   1.7941311047E-001
  -4.6384186898E-001   1.7812814125E-001
  -3.0922791265E-001   1.7716499863E-001
  -1.5461395633E-001   1.7656249189E-001
   0.0000000000E+000   1.7635697087E-001
   1.5461395633E-001   1.7656249189E-001
   3.0922791265E-001   1.7716499863E-001
   4.6384186898E-001   1.7812814125E-001
   6.1845582531E-001   1.7941311047E-001
   7.7306978164E-001   1.8101608277E-001
   9.2768373796E-001   1.8302797712E-001
   1.0822976943E+000   1.8573116631E-001
   1.2369116506E+000   1.8977103118E-001
   1.3915256069E+000   1.9649645139E-001
   1.5461395633E+000   2.0866753569E-001
   1.7007535196E+000   2.3180711704E-001
   1.8553674759E+000   2.7632706742E-001
   2.0099814323E+000   3.6040707958E-001
   2.1645953886E+000   5.1586651891E-001
   2.3192093449E+000   8.0394547598E-001
   2.4738233012E+000   1.3210426664E+000
   2.6284372576E+000   2.0638121592E+000
   2.7830512139E+000   2.6369150422E+000
   2.9376651702E+000   2.5049870040E+000
   3.0922791265E+000   1.8055893736E+000
   3.2468930829E+000   1.1180681735E+000
   3.4015070392E+000   6.8754897312E-001
   3.5561209955E+000   4.5319535896E-001
   3.7107349518E+000   3.2641410715E-001
   3.8653489082E+000   2.5818576426E-001
   4.0199628645E+000   2.2235790576E-001
   4.1745768208E+000   2.0373805388E-001
   4.3291907772E+000   1.9382245706E-001
   4.4838047335E+000   1.8820842196E-001
   4.6384186898E+000   1.8471907869E-001
   4.7930326461E+000   1.8229515278E-001
   4.9476466025E+000   1.8043885317E-001
   5.1022605588E+000   1.7894581218E-001
   5.2568745151E+000   1.7776513580E-001
   5.4114884714E+000   1.7691768592E-001
   5.5661024278E+000   1.7644468169E-001
   5.7207163841E+000   1.7637646346E-001
   5.8753303404E+000   1.7671777953E-001
   6.0299442968E+000   1.7744588529E-001
   6.1845582531E+000   1.7852059393E-001
   6.3391722094E+000   1.7990963946E-001
   6.4937861657E+000   1.8163276372E-001
   6.6484001221E+000   1.8383137336E-001
   6.8030140784E+000   1.8688419343E-001
   6.9576280347E+000   1.9162038633E-001
   7.1122419910E+000   1.9975453591E-001
   7.2668559474E+000   2.1477865623E-001
   7.4214699037E+000   2.4357411570E-001
   7.5760838600E+000   2.9876975719E-001
   7.7306978164E+000   4.0210869261E-001
   7.8853117727E+000   5.9286269061E-001
   8.0399257290E+000   9.4625836562E-001
   8.1945396853E+000   1.5529309044E+000
   8.3491536417E+000   2.3056154886E+000
   8.5037675980E+000   2.6831364730E+000
   8.6583815543E+000   2.3056159755E+000
   8.8129955106E+000   1.5529319423E+000
   8.9676094670E+000   9.4626003658E-001
   9.1222234233E+000   5.9286505597E-001
   9.2768373796E+000   4.0211178125E-001
   9.4314513359E+000   2.9877356309E-001
   9.5860652923E+000   2.4357859626E-001
   9.7406792486E+000   2.1478373357E-001
   9.8952932049E+000   1.9976010022E-001
   1.0049907161E+001   1.9162629921E-001
   1.0204521118E+001   1.8689029041E-001
   1.0359135074E+001   1.8383746625E-001
   1.0513749030E+001   1.8163864361E-001
   1.0668362987E+001   1.7991508052E-001
   1.0822976943E+001   1.7852535794E-001
   1.0977590899E+001   1.7744972681E-001
   1.1132204856E+001   1.7672045163E-001
   1.1286818812E+001   1.7637772423E-001
   1.1441432768E+001   1.7644430186E-001
   1.1596046725E+001   1.7691545776E-001
   1.1750660681E+001   1.7776088349E-001
   1.1905274637E+001   1.7893940328E-001
   1.2059888594E+001   1.8043021051E-001
   1.2214502550E+001   1.8228426555E-001
   1.2369116506E+001   1.8470601135E-001
   1.2523730462E+001   1.8819331987E-001
   1.2678344419E+001   1.9380554821E-001
   1.2832958375E+001   2.0371964531E-001
   1.2987572331E+001   2.2233836914E-001
   1.3142186288E+001   2.5816549863E-001
   1.3296800244E+001   3.2639346635E-001
   1.3451414200E+001   4.5317454677E-001
   1.3606028157E+001   6.8752792730E-001
   1.3760642113E+001   1.1180464735E+000
   1.3915256069E+001   1.8055663758E+000
   1.4069870026E+001   2.5049625903E+000
   1.4224483982E+001   2.6368903292E+000
   1.4379097938E+001   2.0637885739E+000
   1.4533711895E+001   1.3210205302E+000
   1.4688325851E+001   8.0392423690E-001
   1.4842939807E+001   5.1584563515E-001
   1.4997553764E+001   3.6038633642E-001
   1.5152167720E+001   2.7630652840E-001
   1.5306781676E+001   2.3178701343E-001
   1.5461395633E+001   2.0864816041E-001
   1.5616009589E+001   1.9647807917E-001
   1.5770623545E+001   1.8975387394E-001
   1.5925237502E+001   1.8571535461E-001
   1.6079851458E+001   1.8301355515E-001
   1.6234465414E+001   1.8100301007E-001
   1.6389079371E+001   1.7940126841E-001
   1.6543693327E+001   1.7811734346E-001
   1.6698307283E+001   1.7715500476E-001
   1.6852921240E+001   1.7655302327E-001
   1.7007535196E+001   1.7634772702E-001
   1.7162149152E+001   1.7655316716E-001
   1.7316763109E+001   1.7715529883E-001
   1.7471377065E+001   1.7811780000E-001
   1.7625991021E+001   1.7940190511E-001
   1.7780604978E+001   1.8100384917E-001
   1.7935218934E+001   1.8301462216E-001
   1.8089832890E+001   1.8571667690E-001
   1.8244446847E+001   1.8975547886E-001
   1.8399060803E+001   1.9647999175E-001
   1.8553674759E+001   2.0865040034E-001
   1.8708288716E+001   2.3178959125E-001
   1.8862902672E+001   2.7630944117E-001
   1.9017516628E+001   3.6038956383E-001
   1.9172130585E+001   5.1584913662E-001
   1.9326744541E+001   8.0392794932E-001
   1.9481358497E+001   1.3210243756E+000
   1.9635972454E+001   2.0637925048E+000
   1.9790586410E+001   2.6368944132E+000
   1.9945200366E+001   2.5049670415E+000
   2.0099814323E+001   1.8055714547E+000
   2.0254428279E+001   1.1180523507E+000
   2.0409042235E+001   6.8753465256E-001
   2.0563656191E+001   4.5318209735E-001
   2.0718270148E+001   3.2640178256E-001
   2.0872884104E+001   2.5817449021E-001
   2.1027498060E+001   2.2234791783E-001
   2.1182112017E+001   2.0372961096E-001
   2.1336725973E+001   1.9381577362E-001
   2.1491339929E+001   1.8820363256E-001
   2.1645953886E+001   1.8471622400E-001
   2.1800567842E+001   1.8229417720E-001
   2.1955181798E+001   1.8043960922E-001
   2.2109795755E+001   1.7894807011E-001
   2.2264409711E+001   1.7776859729E-001
   2.2419023667E+001   1.7692200050E-001
   2.2573637624E+001   1.7644946425E-001
   2.2728251580E+001   1.7638131194E-001
   2.2882865536E+001   1.7672229215E-001
   2.3037479493E+001   1.7744967714E-001
   2.3192093449E+001   1.7852331297E-001
   2.3346707405E+001   1.7991098172E-001
   2.3501321362E+001   1.8163248708E-001
   2.3655935318E+001   1.8382930913E-001
   2.3810549274E+001   1.8688025443E-001
   2.3965163231E+001   1.9161457056E-001
   2.4119777187E+001   1.9974692506E-001
   2.4274391143E+001   2.1476940728E-001
   2.4429005100E+001   2.4356344204E-001
   2.4583619056E+001   2.9875789333E-001
   2.4738233012E+001   4.0209584154E-001
   2.4892846969E+001   5.9284896526E-001
   2.5047460925E+001   9.4624375256E-001
   2.5202074881E+001   1.5529153214E+000
   2.5356688838E+001   2.3055990366E+000
   2.5511302794E+001   2.6831197083E+000
   2.5665916750E+001   2.3055997051E+000
   2.5820530707E+001   1.5529166578E+000
   2.5975144663E+001   9.4624575533E-001
   2.6129758619E+001   5.9285163243E-001
   2.6284372576E+001   4.0209917044E-001
   2.6438986532E+001   2.9876188066E-001
   2.6593600488E+001   2.4356808386E-001
   2.6748214445E+001   2.1477469896E-001
   2.6902828401E+001   1.9975286127E-001
   2.7057442357E+001   1.9162114529E-001
   2.7212056314E+001   1.8688746096E-001
   2.7366670270E+001   1.8383714005E-001
   2.7521284226E+001   1.8164093427E-001
   2.7675898183E+001   1.7992003631E-001
   2.7830512139E+001   1.7853296534E-001
   2.7985126095E+001   1.7745991692E-001
   2.8139740052E+001   1.7673310827E-001
   2.8294354008E+001   1.7639269264E-001
   2.8448967964E+001   1.7646139707E-001
   2.8603581920E+001   1.7693447229E-001
   2.8758195877E+001   1.7778159420E-001
   2.8912809833E+001   1.7896157760E-001
   2.9067423789E+001   1.8045361209E-001
   2.9222037746E+001   1.8230865959E-001
   2.9376651702E+001   1.8473116938E-001
   2.9531265658E+001   1.8821902368E-001
   2.9685879615E+001   1.9383159245E-001
   2.9840493571E+001   2.0374583855E-001
   2.9995107527E+001   2.2236453420E-001
   3.0149721484E+001   2.5819147421E-001
   3.0304335440E+001   3.2641911171E-001
   3.0458949396E+001   4.5319974788E-001
   3.0613563353E+001   6.8755259960E-001
   3.0768177309E+001   1.1180705689E+000
   3.0922791265E+001   1.8055899206E+000
   3.1077405222E+001   2.5049857385E+000
   3.1232019178E+001   2.6369133362E+000
   3.1386633134E+001   2.0638116567E+000
   3.1541247091E+001   1.3210437584E+000
   3.1695861047E+001   8.0394755894E-001
   3.1850475003E+001   5.1586896397E-001
   3.2005088960E+001   3.6040959722E-001
   3.2159702916E+001   2.7632966724E-001
   3.2314316872E+001   2.3180999539E-001
   3.2468930829E+001   2.0867096741E-001
   3.2623544785E+001   1.9650070670E-001
   3.2778158741E+001   1.8977632716E-001
   3.2932772698E+001   1.8573764472E-001
   3.3087386654E+001   1.8303569660E-001
   3.3242000610E+001   1.8102501859E-001
   3.3396614567E+001   1.7942315959E-001
   3.3551228523E+001   1.7813913170E-001
   3.3705842479E+001   1.7717670248E-001
   3.3860456436E+001   1.7657464029E-001
