  -3.4015070392E+001   1.7251123644E-001
  -3.3860456436E+001   1.7276990947E-001
  -3.3705842479E+001   1.7352999399E-001
  -3.3551228523E+001   1.7474953952E-001
  -3.3396614567E+001   1.7638053360E-001
  -3.3242000610E+001   1.7840659648E-001
  -3.3087386654E+001   1.8090317562E-001
  -3.2932772698E+001   1.8413492950E-001
  -3.2778158741E+001   1.8872818939E-001
  -3.2623544785E+001   1.9601251947E-001
  -3.2468930829E+001   2.0872955340E-001
  -3.2314316872E+001   2.3238551531E-001
  -3.2159702916E+001   2.7737842037E-001
  -3.2005088960E+001   3.6187744650E-001
  -3.1850475003E+001   5.1769393050E-001
  -3.1695861047E+001   8.0605632964E-001
  -3.1541247091E+001   1.3233364624E+000
  -3.1386633134E+001   2.0661625119E+000
  -3.1232019178E+001   2.6392467340E+000
  -3.1077405222E+001   2.5073256636E+000
  -3.0922791265E+001   1.8079334331E+000
  -3.0768177309E+001   1.1203134264E+000
  -3.0613563353E+001   6.8957351220E-001
  -3.0458949396E+001   4.5490971969E-001
  -3.0304335440E+001   3.2774973606E-001
  -3.0149721484E+001   2.5908331336E-001
  -2.9995107527E+001   2.2276655175E-001
  -2.9840493571E+001   2.0361860428E-001
  -2.9685879615E+001   1.9315056369E-001
  -2.9531265658E+001   1.8697705891E-001
  -2.9376651702E+001   1.8294008246E-001
  -2.9222037746E+001   1.7999970030E-001
  -2.9067423789E+001   1.7767683133E-001
  -2.8912809833E+001   1.7578415992E-001
  -2.8758195877E+001   1.7428535261E-001
  -2.8603581920E+001   1.7321274891E-001
  -2.8448967964E+001   1.7261559338E-001
  -2.8294354008E+001   1.7252859888E-001
  -2.8139740052E+001   1.7295714517E-001
  -2.7985126095E+001   1.7387536621E-001
  -2.7830512139E+001   1.7523625968E-001
  -2.7675898183E+001   1.7699720679E-001
  -2.7521284226E+001   1.7916436503E-001
  -2.7366670270E+001   1.8186283781E-001
  -2.7212056314E+001   1.8545308260E-001
  -2.7057442357E+001   1.9074500328E-001
  -2.6902828401E+001   1.9943403139E-001
  -2.6748214445E+001   2.1499422723E-001
  -2.6593600488E+001   2.4429119516E-001
  -2.6438986532E+001   2.9994104077E-001
  -2.6284372576E+001   4.0367751862E-001
  -2.6129758619E+001   5.9476438961E-001
  -2.5975144663E+001   9.4841289493E-001
  -2.5820530707E+001   1.5552267625E+000
  -2.5665916750E+001   2.3079318029E+000
  -2.5511302794E+001   2.6854345990E+000
  -2.5356688838E+001   2.3079307012E+000
  -2.5202074881E+001   1.5552245637E+000
  -2.5047460925E+001   9.4840960788E-001
  -2.4892846969E+001   5.9476002769E-001
  -2.4738233012E+001   4.0367209954E-001
  -2.4583619056E+001   2.9993458665E-001
  -2.4429005100E+001   2.4428373263E-001
  -2.4274391143E+001   2.1498578755E-001
  -2.4119777187E+001   1.9942465057E-001
  -2.3965163231E+001   1.9073472223E-001
  -2.3810549274E+001   1.8544194726E-001
  -2.3655935318E+001   1.8185089929E-001
  -2.3501321362E+001   1.7915167988E-001
  -2.3346707405E+001   1.7698383714E-001
  -2.3192093449E+001   1.7522227355E-001
  -2.3037479493E+001   1.7386083767E-001
  -2.2882865536E+001   1.7294215464E-001
  -2.2728251580E+001   1.7251323340E-001
  -2.2573637624E+001   1.7259994684E-001
  -2.2419023667E+001   1.7319692241E-001
  -2.2264409711E+001   1.7426945476E-001
  -2.2109795755E+001   1.7576830715E-001
  -2.1955181798E+001   1.7766114819E-001
  -2.1800567842E+001   1.7998431971E-001
  -2.1645953886E+001   1.8292514605E-001
  -2.1491339929E+001   1.8696271725E-001
  -2.1336725973E+001   1.9313697660E-001
  -2.1182112017E+001   2.0360594110E-001
  -2.1027498060E+001   2.2275499155E-001
  -2.0872884104E+001   2.5907304515E-001
  -2.0718270148E+001   3.2774095897E-001
  -2.0563656191E+001   4.5490264325E-001
  -2.0409042235E+001   6.8956835680E-001
  -2.0254428279E+001   1.1203104238E+000
  -2.0099814323E+001   1.8079328250E+000
  -1.9945200366E+001   2.5073276971E+000
  -1.9790586410E+001   2.6392516568E+000
  -1.9635972454E+001   2.0661705737E+000
  -1.9481358497E+001   1.3233479229E+000
  -1.9326744541E+001   8.0607145958E-001
  -1.9172130585E+001   5.1771300685E-001
  -1.9017516628E+001   3.6190074626E-001
  -1.8862902672E+001   2.7740621749E-001
  -1.8708288716E+001   2.3241807843E-001
  -1.8553674759E+001   2.0876714324E-001
  -1.8399060803E+001   1.9605538575E-001
  -1.8244446847E+001   1.8877656740E-001
  -1.8089832890E+001   1.8418903664E-001
  -1.7935218934E+001   1.8096320771E-001
  -1.7780604978E+001   1.7847272400E-001
  -1.7625991021E+001   1.7645289772E-001
  -1.7471377065E+001   1.7482824833E-001
  -1.7316763109E+001   1.7361511911E-001
  -1.7162149152E+001   1.7286148327E-001
  -1.7007535196E+001   1.7260925031E-001
  -1.6852921240E+001   1.7287431406E-001
  -1.6698307283E+001   1.7364070168E-001
  -1.6543693327E+001   1.7486643010E-001
  -1.6389079371E+001   1.7650346366E-001
  -1.6234465414E+001   1.7853541303E-001
  -1.6079851458E+001   1.8103773392E-001
  -1.5925237502E+001   1.8427511603E-001
  -1.5770623545E+001   1.8887395259E-001
  -1.5616009589E+001   1.9616391313E-001
  -1.5461395633E+001   2.0888679893E-001
  -1.5306781676E+001   2.3254908309E-001
  -1.5152167720E+001   2.7754911081E-001
  -1.4997553764E+001   3.6205643305E-001
  -1.4842939807E+001   5.1788275180E-001
  -1.4688325851E+001   8.0625684106E-001
  -1.4533711895E+001   1.3235504527E+000
  -1.4379097938E+001   2.0663901268E+000
  -1.4224483982E+001   2.6394838095E+000
  -1.4069870026E+001   2.5075629290E+000
  -1.3915256069E+001   1.8081598939E+000
  -1.3760642113E+001   1.1205206537E+000
  -1.3606028157E+001   6.8975651471E-001
  -1.3451414200E+001   4.5506534178E-001
  -1.3296800244E+001   3.2787549395E-001
  -1.3142186288E+001   2.5917712168E-001
  -1.2987572331E+001   2.2282657156E-001
  -1.2832958375E+001   2.0364300750E-001
  -1.2678344419E+001   1.9313736732E-001
  -1.2523730462E+001   1.8692408157E-001
  -1.2369116506E+001   1.8284496479E-001
  -1.2214502550E+001   1.7985993075E-001
  -1.2059888594E+001   1.7748976121E-001
  -1.1905274637E+001   1.7554702295E-001
  -1.1750660681E+001   1.7399531466E-001
  -1.1596046725E+001   1.7286701283E-001
  -1.1441432768E+001   1.7221157601E-001
  -1.1286818812E+001   1.7206418826E-001
  -1.1132204856E+001   1.7243103910E-001
  -1.0977590899E+001   1.7328748438E-001
  -1.0822976943E+001   1.7458820322E-001
  -1.0668362987E+001   1.7629271759E-001
  -1.0513749030E+001   1.7840972131E-001
  -1.0359135074E+001   1.8106711661E-001
  -1.0204521118E+001   1.8462823622E-001
  -1.0049907161E+001   1.8990572731E-001
  -9.8952932049E+000   1.9859737349E-001
  -9.7406792486E+000   2.1417867888E-001
  -9.5860652923E+000   2.4351461612E-001
  -9.4314513359E+000   2.9921656149E-001
  -9.2768373796E+000   4.0300719342E-001
  -9.1222234233E+000   5.9413110550E-001
  -8.9676094670E+000   9.4777049254E-001
  -8.8129955106E+000   1.5544991736E+000
  -8.6583815543E+000   2.3070677589E+000
  -8.5037675980E+000   2.6845125234E+000
  -8.3491536417E+000   2.3071237923E+000
  -8.1945396853E+000   1.5546146305E+000
  -8.0399257290E+000   9.4794987654E-001
  -7.8853117727E+000   5.9437802197E-001
  -7.7306978164E+000   4.0332359425E-001
  -7.5760838600E+000   2.9960252480E-001
  -7.4214699037E+000   2.4396828865E-001
  -7.2668559474E+000   2.1469641334E-001
  -7.1122419910E+000   1.9917396359E-001
  -6.9576280347E+000   1.9053460406E-001
  -6.8030140784E+000   1.8530160012E-001
  -6.6484001221E+000   1.8177605220E-001
  -6.4937861657E+000   1.7914433803E-001
  -6.3391722094E+000   1.7704232988E-001
  -6.1845582531E+000   1.7534154020E-001
  -6.0299442968E+000   1.7403291586E-001
  -5.8753303404E+000   1.7315681376E-001
  -5.7207163841E+000   1.7275868959E-001
  -5.5661024278E+000   1.7286360752E-001
  -5.4114884714E+000   1.7346612685E-001
  -5.2568745151E+000   1.7453219275E-001
  -5.1022605588E+000   1.7601390044E-001
  -4.9476466025E+000   1.7788086932E-001
  -4.7930326461E+000   1.8017190980E-001
  -4.6384186898E+000   1.8307718813E-001
  -4.4838047335E+000   1.8707883054E-001
  -4.3291907772E+000   1.9321980665E-001
  -4.1745768208E+000   2.0366087267E-001
  -4.0199628645E+000   2.2278932781E-001
  -3.8653489082E+000   2.5909412607E-001
  -3.7107349518E+000   3.2775269015E-001
  -3.5561209955E+000   4.5490047036E-001
  -3.4015070392E+000   6.8953279196E-001
  -3.2468930829E+000   1.1201997698E+000
  -3.0922791265E+000   1.8076912762E+000
  -2.9376651702E+000   2.5069456443E+000
  -2.7830512139E+000   2.6388267532E+000
  -2.6284372576E+000   2.0658239989E+000
  -2.4738233012E+000   1.3230997331E+000
  -2.3192093449E+000   8.0586707548E-001
  -2.1645953886E+000   5.1749981650E-001
  -2.0099814323E+000   3.6165057446E-001
  -1.8553674759E+000   2.7710986584E-001
  -1.7007535196E+000   2.3207824294E-001
  -1.5461395633E+000   2.0839275721E-001
  -1.3915256069E+000   1.9565737409E-001
  -1.2369116506E+000   1.8836532350E-001
  -1.0822976943E+000   1.8377322765E-001
  -9.2768373796E-001   1.8054927564E-001
  -7.7306978164E-001   1.7806470213E-001
  -6.1845582531E-001   1.7605242196E-001
  -4.6384186898E-001   1.7443474559E-001
  -3.0922791265E-001   1.7322615552E-001
  -1.5461395633E-001   1.7247323441E-001
   0.0000000000E+000   1.7221704869E-001
   1.5461395633E-001   1.7247323441E-001
   3.0922791265E-001   1.7322615552E-001
   4.6384186898E-001   1.7443474559E-001
   6.1845582531E-001   1.7605242195E-001
   7.7306978164E-001   1.7806470213E-001
   9.2768373796E-001   1.8054927564E-001
   1.0822976943E+000   1.8377322765E-001
   1.2369116506E+000   1.8836532350E-001
   1.3915256069E+000   1.9565737409E-001
   1.5461395633E+000   2.0839275721E-001
   1.7007535196E+000   2.3207824294E-001
   1.8553674759E+000   2.7710986584E-001
   2.0099814323E+000   3.6165057446E-001
   2.1645953886E+000   5.1749981650E-001
   2.3192093449E+000   8.0586707548E-001
   2.4738233012E+000   1.3230997331E+000
   2.6284372576E+000   2.0658239989E+000
   2.7830512139E+000   2.6388267532E+000
   2.9376651702E+000   2.5069456443E+000
   3.0922791265E+000   1.8076912762E+000
   3.2468930829E+000   1.1201997698E+000
   3.4015070392E+000   6.8953279195E-001
   3.5561209955E+000   4.5490047036E-001
   3.7107349518E+000   3.2775269015E-001
   3.8653489082E+000   2.5909412607E-001
   4.0199628645E+000   2.2278932781E-001
   4.1745768208E+000   2.0366087267E-001
   4.3291907772E+000   1.9321980665E-001
   4.4838047335E+000   1.8707883054E-001
   4.6384186898E+000   1.8307718813E-001
   4.7930326461E+000   1.8017190980E-001
   4.9476466025E+000   1.7788086932E-001
   5.1022605588E+000   1.7601390044E-001
   5.2568745151E+000   1.7453219275E-001
   5.4114884714E+000   1.7346612685E-001
   5.5661024278E+000   1.7286360752E-001
   5.7207163841E+000   1.7275868959E-001
   5.8753303404E+000   1.7315681376E-001
   6.0299442968E+000   1.7403291586E-001
   6.1845582531E+000   1.7534154020E-001
   6.3391722094E+000   1.7704232988E-001
   6.4937861657E+000   1.7914433803E-001
   6.6484001221E+000   1.8177605220E-001
   6.8030140784E+000   1.8530160012E-001
   6.9576280347E+000   1.9053460406E-001
   7.1122419910E+000   1.9917396359E-001
   7.2668559474E+000   2.1469641334E-001
   7.4214699037E+000   2.4396828865E-001
   7.5760838600E+000   2.9960252480E-001
   7.7306978164E+000   4.0332359425E-001
   7.8853117727E+000   5.9437802197E-001
   8.0399257290E+000   9.4794987654E-001
   8.1945396853E+000   1.5546146305E+000
   8.3491536417E+000   2.3071237923E+000
   8.5037675980E+000   2.6845125234E+000
   8.6583815543E+000   2.3070677589E+000
   8.8129955106E+000   1.5544991736E+000
   8.9676094670E+000   9.4777049254E-001
   9.1222234233E+000   5.9413110550E-001
   9.2768373796E+000   4.0300719342E-001
   9.4314513359E+000   2.9921656149E-001
   9.5860652923E+000   2.4351461612E-001
   9.7406792486E+000   2.1417867888E-001
   9.8952932049E+000   1.9859737349E-001
   1.0049907161E+001   1.8990572731E-001
   1.0204521118E+001   1.8462823622E-001
   1.0359135074E+001   1.8106711661E-001
   1.0513749030E+001   1.7840972131E-001
   1.0668362987E+001   1.7629271759E-001
   1.0822976943E+001   1.7458820322E-001
   1.0977590899E+001   1.7328748439E-001
   1.1132204856E+001   1.7243103910E-001
   1.1286818812E+001   1.7206418827E-001
   1.1441432768E+001   1.7221157602E-001
   1.1596046725E+001   1.7286701283E-001
   1.1750660681E+001   1.7399531467E-001
   1.1905274637E+001   1.7554702295E-001
   1.2059888594E+001   1.7748976121E-001
   1.2214502550E+001   1.7985993074E-001
   1.2369116506E+001   1.8284496479E-001
   1.2523730462E+001   1.8692408157E-001
   1.2678344419E+001   1.9313736732E-001
   1.2832958375E+001   2.0364300750E-001
   1.2987572331E+001   2.2282657156E-001
   1.3142186288E+001   2.5917712169E-001
   1.3296800244E+001   3.2787549395E-001
   1.3451414200E+001   4.5506534178E-001
   1.3606028157E+001   6.8975651471E-001
   1.3760642113E+001   1.1205206537E+000
   1.3915256069E+001   1.8081598939E+000
   1.4069870026E+001   2.5075629290E+000
   1.4224483982E+001   2.6394838095E+000
   1.4379097938E+001   2.0663901268E+000
   1.4533711895E+001   1.3235504527E+000
   1.4688325851E+001   8.0625684106E-001
   1.4842939807E+001   5.1788275180E-001
   1.4997553764E+001   3.6205643305E-001
   1.5152167720E+001   2.7754911081E-001
   1.5306781676E+001   2.3254908309E-001
   1.5461395633E+001   2.0888679893E-001
   1.5616009589E+001   1.9616391313E-001
   1.5770623545E+001   1.8887395259E-001
   1.5925237502E+001   1.8427511603E-001
   1.6079851458E+001   1.8103773392E-001
   1.6234465414E+001   1.7853541303E-001
   1.6389079371E+001   1.7650346366E-001
   1.6543693327E+001   1.7486643010E-001
   1.6698307283E+001   1.7364070168E-001
   1.6852921240E+001   1.7287431406E-001
   1.7007535196E+001   1.7260925031E-001
   1.7162149152E+001   1.7286148327E-001
   1.7316763109E+001   1.7361511911E-001
   1.7471377065E+001   1.7482824833E-001
   1.7625991021E+001   1.7645289772E-001
   1.7780604978E+001   1.7847272400E-001
   1.7935218934E+001   1.8096320771E-001
   1.8089832890E+001   1.8418903664E-001
   1.8244446847E+001   1.8877656740E-001
   1.8399060803E+001   1.9605538575E-001
   1.8553674759E+001   2.0876714324E-001
   1.8708288716E+001   2.3241807843E-001
   1.8862902672E+001   2.7740621749E-001
   1.9017516628E+001   3.6190074626E-001
   1.9172130585E+001   5.1771300685E-001
   1.9326744541E+001   8.0607145958E-001
   1.9481358497E+001   1.3233479229E+000
   1.9635972454E+001   2.0661705737E+000
   1.9790586410E+001   2.6392516568E+000
   1.9945200366E+001   2.5073276971E+000
   2.0099814323E+001   1.8079328250E+000
   2.0254428279E+001   1.1203104238E+000
   2.0409042235E+001   6.8956835680E-001
   2.0563656191E+001   4.5490264325E-001
   2.0718270148E+001   3.2774095897E-001
   2.0872884104E+001   2.5907304515E-001
   2.1027498060E+001   2.2275499155E-001
   2.1182112017E+001   2.0360594110E-001
   2.1336725973E+001   1.9313697661E-001
   2.1491339929E+001   1.8696271726E-001
   2.1645953886E+001   1.8292514605E-001
   2.1800567842E+001   1.7998431971E-001
   2.1955181798E+001   1.7766114819E-001
   2.2109795755E+001   1.7576830715E-001
   2.2264409711E+001   1.7426945475E-001
   2.2419023667E+001   1.7319692241E-001
   2.2573637624E+001   1.7259994684E-001
   2.2728251580E+001   1.7251323339E-001
   2.2882865536E+001   1.7294215464E-001
   2.3037479493E+001   1.7386083766E-001
   2.3192093449E+001   1.7522227353E-001
   2.3346707405E+001   1.7698383712E-001
   2.3501321362E+001   1.7915167986E-001
   2.3655935318E+001   1.8185089928E-001
   2.3810549274E+001   1.8544194724E-001
   2.3965163231E+001   1.9073472222E-001
   2.4119777187E+001   1.9942465056E-001
   2.4274391143E+001   2.1498578753E-001
   2.4429005100E+001   2.4428373261E-001
   2.4583619056E+001   2.9993458663E-001
   2.4738233012E+001   4.0367209952E-001
   2.4892846969E+001   5.9476002767E-001
   2.5047460925E+001   9.4840960787E-001
   2.5202074881E+001   1.5552245637E+000
   2.5356688838E+001   2.3079307012E+000
   2.5511302794E+001   2.6854345990E+000
   2.5665916750E+001   2.3079318029E+000
   2.5820530707E+001   1.5552267625E+000
   2.5975144663E+001   9.4841289494E-001
   2.6129758619E+001   5.9476438962E-001
   2.6284372576E+001   4.0367751863E-001
   2.6438986532E+001   2.9994104078E-001
   2.6593600488E+001   2.4429119517E-001
   2.6748214445E+001   2.1499422725E-001
   2.6902828401E+001   1.9943403141E-001
   2.7057442357E+001   1.9074500330E-001
   2.7212056314E+001   1.8545308262E-001
   2.7366670270E+001   1.8186283782E-001
   2.7521284226E+001   1.7916436505E-001
   2.7675898183E+001   1.7699720681E-001
   2.7830512139E+001   1.7523625970E-001
   2.7985126095E+001   1.7387536622E-001
   2.8139740052E+001   1.7295714517E-001
   2.8294354008E+001   1.7252859888E-001
   2.8448967964E+001   1.7261559338E-001
   2.8603581920E+001   1.7321274891E-001
   2.8758195877E+001   1.7428535262E-001
   2.8912809833E+001   1.7578415992E-001
   2.9067423789E+001   1.7767683133E-001
   2.9222037746E+001   1.7999970030E-001
   2.9376651702E+001   1.8294008246E-001
   2.9531265658E+001   1.8697705891E-001
   2.9685879615E+001   1.9315056369E-001
   2.9840493571E+001   2.0361860428E-001
   2.9995107527E+001   2.2276655175E-001
   3.0149721484E+001   2.5908331336E-001
   3.0304335440E+001   3.2774973606E-001
   3.0458949396E+001   4.5490971968E-001
   3.0613563353E+001   6.8957351220E-001
   3.0768177309E+001   1.1203134264E+000
   3.0922791265E+001   1.8079334331E+000
   3.1077405222E+001   2.5073256636E+000
   3.1232019178E+001   2.6392467340E+000
   3.1386633134E+001   2.0661625119E+000
   3.1541247091E+001   1.3233364624E+000
   3.1695861047E+001   8.0605632964E-001
   3.1850475003E+001   5.1769393050E-001
   3.2005088960E+001   3.6187744650E-001
   3.2159702916E+001   2.7737842037E-001
   3.2314316872E+001   2.3238551531E-001
   3.2468930829E+001   2.0872955339E-001
   3.2623544785E+001   1.9601251947E-001
   3.2778158741E+001   1.8872818939E-001
   3.2932772698E+001   1.8413492950E-001
   3.3087386654E+001   1.8090317562E-001
   3.3242000610E+001   1.7840659648E-001
   3.3396614567E+001   1.7638053360E-001
   3.3551228523E+001   1.7474953952E-001
   3.3705842479E+001   1.7352999399E-001
   3.3860456436E+001   1.7276990947E-001
