  -3.4015070392E+001   1.7644113051E-001
  -3.3860456436E+001   1.7664567706E-001
  -3.3705842479E+001   1.7724529366E-001
  -3.3551228523E+001   1.7820372697E-001
  -3.3396614567E+001   1.7948231816E-001
  -3.3242000610E+001   1.8107743555E-001
  -3.3087386654E+001   1.8308021916E-001
  -3.2932772698E+001   1.8577328425E-001
  -3.2778158741E+001   1.8980227479E-001
  -3.2623544785E+001   1.9651635936E-001
  -3.2468930829E+001   2.0867596749E-001
  -3.2314316872E+001   2.3180428461E-001
  -3.2159702916E+001   2.7631355630E-001
  -3.2005088960E+001   3.6038384674E-001
  -3.1850475003E+001   5.1583479829E-001
  -3.1695861047E+001   8.0390627891E-001
  -3.1541247091E+001   1.3209955488E+000
  -3.1386633134E+001   2.0637552763E+000
  -3.1232019178E+001   2.6368505872E+000
  -3.1077405222E+001   2.5049245417E+000
  -3.0922791265E+001   1.8055365380E+000
  -3.0768177309E+001   1.1180250620E+000
  -3.0613563353E+001   6.8751398864E-001
  -3.0458949396E+001   4.5316875577E-001
  -3.0304335440E+001   3.2639711278E-001
  -3.0149721484E+001   2.5817955918E-001
  -2.9995107527E+001   2.2236331568E-001
  -2.9840493571E+001   2.0375550717E-001
  -2.9685879615E+001   1.9385199645E-001
  -2.9531265658E+001   1.8824973301E-001
  -2.9376651702E+001   1.8477152471E-001
  -2.9222037746E+001   1.8235780728E-001
  -2.9067423789E+001   1.8051052613E-001
  -2.8912809833E+001   1.7902507316E-001
  -2.8758195877E+001   1.7785034015E-001
  -2.8603581920E+001   1.7700701033E-001
  -2.8448967964E+001   1.7653617188E-001
  -2.8294354008E+001   1.7646809308E-001
  -2.8139740052E+001   1.7680751584E-001
  -2.7985126095E+001   1.7753175533E-001
  -2.7830512139E+001   1.7860074474E-001
  -2.7675898183E+001   1.7998238723E-001
  -2.7521284226E+001   1.8169663018E-001
  -2.7366670270E+001   1.8388511127E-001
  -2.7212056314E+001   1.8692680688E-001
  -2.7057442357E+001   1.9165115279E-001
  -2.6902828401E+001   1.9977303500E-001
  -2.6748214445E+001   2.1478480554E-001
  -2.6593600488E+001   2.4356821064E-001
  -2.6438986532E+001   2.9875251072E-001
  -2.6284372576E+001   4.0208125771E-001
  -2.6129758619E+001   5.9282653677E-001
  -2.5975144663E+001   9.4621459936E-001
  -2.5820530707E+001   1.5528790379E+000
  -2.5665916750E+001   2.3055546953E+000
  -2.5511302794E+001   2.6830713651E+000
  -2.5356688838E+001   2.3055559214E+000
  -2.5202074881E+001   1.5528814895E+000
  -2.5047460925E+001   9.4621827576E-001
  -2.4892846969E+001   5.9283143650E-001
  -2.4738233012E+001   4.0208737875E-001
  -2.4583619056E+001   2.9875985038E-001
  -2.4429005100E+001   2.4357676545E-001
  -2.4274391143E+001   2.1479457121E-001
  -2.4119777187E+001   1.9978400625E-001
  -2.3965163231E+001   1.9166332324E-001
  -2.3810549274E+001   1.8694016882E-001
  -2.3655935318E+001   1.8389965551E-001
  -2.3501321362E+001   1.8171234589E-001
  -2.3346707405E+001   1.7999926170E-001
  -2.3192093449E+001   1.7861876318E-001
  -2.3037479493E+001   1.7755090061E-001
  -2.2882865536E+001   1.7682776819E-001
  -2.2728251580E+001   1.7648942986E-001
  -2.2573637624E+001   1.7655856722E-001
  -2.2419023667E+001   1.7703043491E-001
  -2.2264409711E+001   1.7787476088E-001
  -2.2109795755E+001   1.7905045289E-001
  -2.1955181798E+001   1.8053682333E-001
  -2.1800567842E+001   1.8238497573E-001
  -2.1645953886E+001   1.8479951325E-001
  -2.1491339929E+001   1.8827848523E-001
  -2.1336725973E+001   1.9388145051E-001
  -2.1182112017E+001   2.0378559561E-001
  -2.1027498060E+001   2.2239396523E-001
  -2.0872884104E+001   2.5821069069E-001
  -2.0718270148E+001   3.2642864100E-001
  -2.0563656191E+001   4.5320058907E-001
  -2.0409042235E+001   6.8754602857E-001
  -2.0254428279E+001   1.1180572024E+000
  -2.0099814323E+001   1.8055686630E+000
  -1.9945200366E+001   2.5049565209E+000
  -1.9790586410E+001   2.6368822724E+000
  -1.9635972454E+001   2.0637865043E+000
  -1.9481358497E+001   1.3210261489E+000
  -1.9326744541E+001   8.0393607806E-001
  -1.9172130585E+001   5.1586362037E-001
  -1.9017516628E+001   3.6041151120E-001
  -1.8862902672E+001   2.7633987770E-001
  -1.8708288716E+001   2.3182907264E-001
  -1.8553674759E+001   2.0869902674E-001
  -1.8399060803E+001   1.9653748930E-001
  -1.8244446847E+001   1.8982126999E-001
  -1.8089832890E+001   1.8578993492E-001
  -1.7935218934E+001   1.8309431161E-001
  -1.7780604978E+001   1.8108875274E-001
  -1.7625991021E+001   1.7949064023E-001
  -1.7471377065E+001   1.7820883178E-001
  -1.7316763109E+001   1.7724695752E-001
  -1.7162149152E+001   1.7664367552E-001
  -1.7007535196E+001   1.7643523932E-001
  -1.6852921240E+001   1.7663567318E-001
  -1.6698307283E+001   1.7723095644E-001
  -1.6543693327E+001   1.7818483933E-001
  -1.6389079371E+001   1.7945866796E-001
  -1.6234465414E+001   1.8104881696E-001
  -1.6079851458E+001   1.8304643421E-001
  -1.5925237502E+001   1.8573414444E-001
  -1.5770623545E+001   1.8975760289E-001
  -1.5616009589E+001   1.9646599132E-001
  -1.5461395633E+001   2.0861975451E-001
  -1.5306781676E+001   2.3174209555E-001
  -1.5152167720E+001   2.7624528086E-001
  -1.4997553764E+001   3.6030940035E-001
  -1.4842939807E+001   5.1575412987E-001
  -1.4688325851E+001   8.0381938227E-001
  -1.4533711895E+001   1.3209024792E+000
  -1.4379097938E+001   2.0636561740E+000
  -1.4224483982E+001   2.6367457017E+000
  -1.4069870026E+001   2.5048142345E+000
  -1.3915256069E+001   1.8054212510E+000
  -1.3760642113E+001   1.1179052742E+000
  -1.3606028157E+001   6.8739019510E-001
  -1.3451414200E+001   4.5304146670E-001
  -1.3296800244E+001   3.2626685836E-001
  -1.3142186288E+001   2.5804689401E-001
  -1.2987572331E+001   2.2222882327E-001
  -1.2832958375E+001   2.0361980284E-001
  -1.2678344419E+001   1.9371572675E-001
  -1.2523730462E+001   1.8811357171E-001
  -1.2369116506E+001   1.8463616623E-001
  -1.2214502550E+001   1.8222395843E-001
  -1.2059888594E+001   1.8037889636E-001
  -1.1905274637E+001   1.7889636288E-001
  -1.1750660681E+001   1.7772522701E-001
  -1.1596046725E+001   1.7688613327E-001
  -1.1441432768E+001   1.7642011310E-001
  -1.1286818812E+001   1.7635735864E-001
  -1.1132204856E+001   1.7670251573E-001
  -1.0977590899E+001   1.7743278433E-001
  -1.0822976943E+001   1.7850796564E-001
  -1.0668362987E+001   1.7989581862E-001
  -1.0513749030E+001   1.8161614071E-001
  -1.0359135074E+001   1.8381042268E-001
  -1.0204521118E+001   1.8685750700E-001
  -1.0049907161E+001   1.9158671922E-001
  -9.8952932049E+000   1.9971286927E-001
  -9.7406792486E+000   2.1472827776E-001
  -9.5860652923E+000   2.4351471444E-001
  -9.4314513359E+000   2.9870152527E-001
  -9.2768373796E+000   4.0203240196E-001
  -9.1222234233E+000   5.9277957869E-001
  -8.9676094670E+000   9.4616936140E-001
  -8.8129955106E+000   1.5528351962E+000
  -8.6583815543E+000   2.3055117311E+000
  -8.5037675980E+000   2.6830288803E+000
  -8.3491536417E+000   2.3055135739E+000
  -8.1945396853E+000   1.5528384515E+000
  -8.0399257290E+000   9.4617347033E-001
  -7.8853117727E+000   5.9278409231E-001
  -7.7306978164E+000   4.0203703363E-001
  -7.5760838600E+000   2.9870614557E-001
  -7.4214699037E+000   2.4351934632E-001
  -7.2668559474E+000   2.1473307725E-001
  -7.1122419910E+000   1.9971809550E-001
  -6.9576280347E+000   1.9159270904E-001
  -6.8030140784E+000   1.8686465791E-001
  -6.6484001221E+000   1.8381917913E-001
  -6.4937861657E+000   1.8162697883E-001
  -6.3391722094E+000   1.7990922789E-001
  -6.1845582531E+000   1.7852442898E-001
  -6.0299442968E+000   1.7745275832E-001
  -5.8753303404E+000   1.7672641273E-001
  -5.7207163841E+000   1.7638553143E-001
  -5.5661024278E+000   1.7645284213E-001
  -5.4114884714E+000   1.7692361658E-001
  -5.2568745151E+000   1.7776757244E-001
  -5.1022605588E+000   1.7894358258E-001
  -4.9476466025E+000   1.8043090353E-001
  -4.7930326461E+000   1.8228056658E-001
  -4.6384186898E+000   1.8469709192E-001
  -4.4838047335E+000   1.8817844246E-001
  -4.3291907772E+000   1.9378409585E-001
  -4.1745768208E+000   2.0369116989E-001
  -4.0199628645E+000   2.2230265167E-001
  -3.8653489082E+000   2.5812260560E-001
  -3.7107349518E+000   3.2634378260E-001
  -3.5561209955E+000   4.5311873421E-001
  -3.4015070392E+000   6.8746655461E-001
  -3.2468930829E+000   1.1179787952E+000
  -3.0922791265E+000   1.8054893356E+000
  -2.9376651702E+000   2.5048751985E+000
  -2.7830512139E+000   2.6368007796E+000
  -2.6284372576E+000   2.0637075588E+000
  -2.4738233012E+000   1.3209500140E+000
  -2.3192093449E+000   8.0386134356E-001
  -2.1645953886E+000   5.1578917990E-001
  -2.0099814323E+000   3.6033693880E-001
  -1.8553674759E+000   2.7626513459E-001
  -1.7007535196E+000   2.3175429060E-001
  -1.5461395633E+000   2.0862439951E-001
  -1.3915256069E+000   1.9646322288E-001
  -1.2369116506E+000   1.8974757363E-001
  -1.0822976943E+000   1.8571703424E-001
  -9.2768373796E-001   1.8302246720E-001
  -7.7306978164E-001   1.8101827506E-001
  -6.1845582531E-001   1.7942189782E-001
  -4.6384186898E-001   1.7814225252E-001
  -3.0922791265E-001   1.7718302326E-001
  -1.5461395633E-001   1.7658291089E-001
   0.0000000000E+000   1.7637819596E-001
   1.5461395633E-001   1.7658291089E-001
   3.0922791265E-001   1.7718302326E-001
   4.6384186898E-001   1.7814225252E-001
   6.1845582531E-001   1.7942189782E-001
   7.7306978164E-001   1.8101827506E-001
   9.2768373796E-001   1.8302246720E-001
   1.0822976943E+000   1.8571703424E-001
   1.2369116506E+000   1.8974757364E-001
   1.3915256069E+000   1.9646322289E-001
   1.5461395633E+000   2.0862439951E-001
   1.7007535196E+000   2.3175429060E-001
   1.8553674759E+000   2.7626513459E-001
   2.0099814323E+000   3.6033693881E-001
   2.1645953886E+000   5.1578917990E-001
   2.3192093449E+000   8.0386134356E-001
   2.4738233012E+000   1.3209500140E+000
   2.6284372576E+000   2.0637075588E+000
   2.7830512139E+000   2.6368007796E+000
   2.9376651702E+000   2.5048751985E+000
   3.0922791265E+000   1.8054893356E+000
   3.2468930829E+000   1.1179787952E+000
   3.4015070392E+000   6.8746655461E-001
   3.5561209955E+000   4.5311873421E-001
   3.7107349518E+000   3.2634378260E-001
   3.8653489082E+000   2.5812260560E-001
   4.0199628645E+000   2.2230265167E-001
   4.1745768208E+000   2.0369116989E-001
   4.3291907772E+000   1.9378409585E-001
   4.4838047335E+000   1.8817844246E-001
   4.6384186898E+000   1.8469709192E-001
   4.7930326461E+000   1.8228056658E-001
   4.9476466025E+000   1.8043090353E-001
   5.1022605588E+000   1.7894358258E-001
   5.2568745151E+000   1.7776757244E-001
   5.4114884714E+000   1.7692361658E-001
   5.5661024278E+000   1.7645284214E-001
   5.7207163841E+000   1.7638553143E-001
   5.8753303404E+000   1.7672641273E-001
   6.0299442968E+000   1.7745275832E-001
   6.1845582531E+000   1.7852442898E-001
   6.3391722094E+000   1.7990922789E-001
   6.4937861657E+000   1.8162697883E-001
   6.6484001221E+000   1.8381917913E-001
   6.8030140784E+000   1.8686465791E-001
   6.9576280347E+000   1.9159270904E-001
   7.1122419910E+000   1.9971809550E-001
   7.2668559474E+000   2.1473307725E-001
   7.4214699037E+000   2.4351934632E-001
   7.5760838600E+000   2.9870614557E-001
   7.7306978164E+000   4.0203703364E-001
   7.8853117727E+000   5.9278409231E-001
   8.0399257290E+000   9.4617347034E-001
   8.1945396853E+000   1.5528384515E+000
   8.3491536417E+000   2.3055135739E+000
   8.5037675980E+000   2.6830288803E+000
   8.6583815543E+000   2.3055117311E+000
   8.8129955106E+000   1.5528351962E+000
   8.9676094670E+000   9.4616936140E-001
   9.1222234233E+000   5.9277957869E-001
   9.2768373796E+000   4.0203240196E-001
   9.4314513359E+000   2.9870152527E-001
   9.5860652923E+000   2.4351471444E-001
   9.7406792486E+000   2.1472827776E-001
   9.8952932049E+000   1.9971286927E-001
   1.0049907161E+001   1.9158671923E-001
   1.0204521118E+001   1.8685750700E-001
   1.0359135074E+001   1.8381042268E-001
   1.0513749030E+001   1.8161614071E-001
   1.0668362987E+001   1.7989581862E-001
   1.0822976943E+001   1.7850796565E-001
   1.0977590899E+001   1.7743278434E-001
   1.1132204856E+001   1.7670251574E-001
   1.1286818812E+001   1.7635735865E-001
   1.1441432768E+001   1.7642011310E-001
   1.1596046725E+001   1.7688613328E-001
   1.1750660681E+001   1.7772522702E-001
   1.1905274637E+001   1.7889636288E-001
   1.2059888594E+001   1.8037889636E-001
   1.2214502550E+001   1.8222395844E-001
   1.2369116506E+001   1.8463616623E-001
   1.2523730462E+001   1.8811357171E-001
   1.2678344419E+001   1.9371572675E-001
   1.2832958375E+001   2.0361980284E-001
   1.2987572331E+001   2.2222882327E-001
   1.3142186288E+001   2.5804689401E-001
   1.3296800244E+001   3.2626685836E-001
   1.3451414200E+001   4.5304146670E-001
   1.3606028157E+001   6.8739019511E-001
   1.3760642113E+001   1.1179052742E+000
   1.3915256069E+001   1.8054212510E+000
   1.4069870026E+001   2.5048142345E+000
   1.4224483982E+001   2.6367457017E+000
   1.4379097938E+001   2.0636561740E+000
   1.4533711895E+001   1.3209024792E+000
   1.4688325851E+001   8.0381938227E-001
   1.4842939807E+001   5.1575412987E-001
   1.4997553764E+001   3.6030940035E-001
   1.5152167720E+001   2.7624528086E-001
   1.5306781676E+001   2.3174209555E-001
   1.5461395633E+001   2.0861975451E-001
   1.5616009589E+001   1.9646599132E-001
   1.5770623545E+001   1.8975760289E-001
   1.5925237502E+001   1.8573414444E-001
   1.6079851458E+001   1.8304643421E-001
   1.6234465414E+001   1.8104881696E-001
   1.6389079371E+001   1.7945866796E-001
   1.6543693327E+001   1.7818483933E-001
   1.6698307283E+001   1.7723095644E-001
   1.6852921240E+001   1.7663567318E-001
   1.7007535196E+001   1.7643523932E-001
   1.7162149152E+001   1.7664367552E-001
   1.7316763109E+001   1.7724695752E-001
   1.7471377065E+001   1.7820883178E-001
   1.7625991021E+001   1.7949064023E-001
   1.7780604978E+001   1.8108875274E-001
   1.7935218934E+001   1.8309431161E-001
   1.8089832890E+001   1.8578993492E-001
   1.8244446847E+001   1.8982127000E-001
   1.8399060803E+001   1.9653748930E-001
   1.8553674759E+001   2.0869902674E-001
   1.8708288716E+001   2.3182907264E-001
   1.8862902672E+001   2.7633987770E-001
   1.9017516628E+001   3.6041151119E-001
   1.9172130585E+001   5.1586362037E-001
   1.9326744541E+001   8.0393607806E-001
   1.9481358497E+001   1.3210261489E+000
   1.9635972454E+001   2.0637865043E+000
   1.9790586410E+001   2.6368822724E+000
   1.9945200366E+001   2.5049565209E+000
   2.0099814323E+001   1.8055686630E+000
   2.0254428279E+001   1.1180572024E+000
   2.0409042235E+001   6.8754602857E-001
   2.0563656191E+001   4.5320058907E-001
   2.0718270148E+001   3.2642864100E-001
   2.0872884104E+001   2.5821069069E-001
   2.1027498060E+001   2.2239396523E-001
   2.1182112017E+001   2.0378559561E-001
   2.1336725973E+001   1.9388145052E-001
   2.1491339929E+001   1.8827848523E-001
   2.1645953886E+001   1.8479951325E-001
   2.1800567842E+001   1.8238497574E-001
   2.1955181798E+001   1.8053682333E-001
   2.2109795755E+001   1.7905045289E-001
   2.2264409711E+001   1.7787476088E-001
   2.2419023667E+001   1.7703043491E-001
   2.2573637624E+001   1.7655856722E-001
   2.2728251580E+001   1.7648942985E-001
   2.2882865536E+001   1.7682776819E-001
   2.3037479493E+001   1.7755090060E-001
   2.3192093449E+001   1.7861876316E-001
   2.3346707405E+001   1.7999926168E-001
   2.3501321362E+001   1.8171234587E-001
   2.3655935318E+001   1.8389965550E-001
   2.3810549274E+001   1.8694016880E-001
   2.3965163231E+001   1.9166332322E-001
   2.4119777187E+001   1.9978400624E-001
   2.4274391143E+001   2.1479457120E-001
   2.4429005100E+001   2.4357676543E-001
   2.4583619056E+001   2.9875985036E-001
   2.4738233012E+001   4.0208737874E-001
   2.4892846969E+001   5.9283143649E-001
   2.5047460925E+001   9.4621827575E-001
   2.5202074881E+001   1.5528814895E+000
   2.5356688838E+001   2.3055559214E+000
   2.5511302794E+001   2.6830713651E+000
   2.5665916750E+001   2.3055546953E+000
   2.5820530707E+001   1.5528790379E+000
   2.5975144663E+001   9.4621459937E-001
   2.6129758619E+001   5.9282653678E-001
   2.6284372576E+001   4.0208125772E-001
   2.6438986532E+001   2.9875251073E-001
   2.6593600488E+001   2.4356821065E-001
   2.6748214445E+001   2.1478480556E-001
   2.6902828401E+001   1.9977303501E-001
   2.7057442357E+001   1.9165115281E-001
   2.7212056314E+001   1.8692680690E-001
   2.7366670270E+001   1.8388511129E-001
   2.7521284226E+001   1.8169663020E-001
   2.7675898183E+001   1.7998238725E-001
   2.7830512139E+001   1.7860074476E-001
   2.7985126095E+001   1.7753175535E-001
   2.8139740052E+001   1.7680751584E-001
   2.8294354008E+001   1.7646809308E-001
   2.8448967964E+001   1.7653617188E-001
   2.8603581920E+001   1.7700701034E-001
   2.8758195877E+001   1.7785034015E-001
   2.8912809833E+001   1.7902507316E-001
   2.9067423789E+001   1.8051052613E-001
   2.9222037746E+001   1.8235780728E-001
   2.9376651702E+001   1.8477152471E-001
   2.9531265658E+001   1.8824973301E-001
   2.9685879615E+001   1.9385199645E-001
   2.9840493571E+001   2.0375550717E-001
   2.9995107527E+001   2.2236331568E-001
   3.0149721484E+001   2.5817955918E-001
   3.0304335440E+001   3.2639711278E-001
   3.0458949396E+001   4.5316875577E-001
   3.0613563353E+001   6.8751398864E-001
   3.0768177309E+001   1.1180250620E+000
   3.0922791265E+001   1.8055365380E+000
   3.1077405222E+001   2.5049245417E+000
   3.1232019178E+001   2.6368505872E+000
   3.1386633134E+001   2.0637552763E+000
   3.1541247091E+001   1.3209955488E+000
   3.1695861047E+001   8.0390627892E-001
   3.1850475003E+001   5.1583479830E-001
   3.2005088960E+001   3.6038384674E-001
   3.2159702916E+001   2.7631355630E-001
   3.2314316872E+001   2.3180428461E-001
   3.2468930829E+001   2.0867596749E-001
   3.2623544785E+001   1.9651635936E-001
   3.2778158741E+001   1.8980227479E-001
   3.2932772698E+001   1.8577328425E-001
   3.3087386654E+001   1.8308021916E-001
   3.3242000610E+001   1.8107743555E-001
   3.3396614567E+001   1.7948231816E-001
   3.3551228523E+001   1.7820372697E-001
   3.3705842479E+001   1.7724529366E-001
   3.3860456436E+001   1.7664567706E-001
