   Atom                     Volume(s)
  ------------------------------------------------------------------------
     1   ...     484  489  497  504  505  513  520  591  592  593  594  699  700  750  774  779  780  820  823  832  851  855 1074
     2   ...      82   83   84  111  115  129  133  136  139  149  150  444  445  452  457  607  660  662
     3   ...     485  490  492  500  506  514  518  597  658  689  693  738  748  751  775  794  805  821  824  825  826  834  835  836  852  856 1075
     4   ...      87   88   89  117  119  125  140  141  152  153  168  171  417  446  447  454  460  507  508  525  605  608  663
     5   ...    1267 1283 1291 1345 1346 1549 1595 1596 1605 1626 1646 1661 1662 1704 1833 1834 1897
     6   ...     833  861  863  868  870  874 1029 1048 1050 1151 1165 1219 1225 1243 1250 1365 1380
     7   ...    1268 1279 1285 1287 1343 1349 1560 1567 1583 1606 1615 1627 1647 1648 1653 1658 1705 1711 1730 1835 1898
     8   ...     837  859  864  875  883  884  903 1024 1032 1079 1082 1092 1100 1113 1120 1131 1152 1170 1197 1203 1220 1226 1244 1306 1355 1360 1361 1368 1369 1370 1382 1388 1512
     9   ...       1    2    3   44   45   47   58   60   70   75   76  105  110  114  385 1980 1998 1999 2000 2007 2008 2027 2028 2031 2245 2267 2297 2298 2299 2313
    10   ...    1709 1710 1726 1736 1740 1744 1839 1841 1908 1926 1965 2015 2034 2040 2045 2046 2192 2220
    11   ...       9   10   48   61   65   66   77   85   86  106  386 1983 2001 2005 2009 2011 2016 2029 2032 2218 2238 2246 2263 2268 2289 2300 2308 2314 2326
    12   ...    1712 1727 1737 1741 1745 1746 1755 1903 1912 1914 1927 1933 1967 1975 2017 2035 2039 2042 2048 2049 2050 2221
    13   ...     523  534  613  614  667  716  717  880  881  896  910  927  928 1028 1037 1039 1052 1061
    14   ...     199  200  224  232  245  250  254  266  267  289  316  394  400  421  461  465  473  475  550  618  680
    15   ...     524  530  531  535  536  619  734  736  742  767  770  796  882  898  902  913  914 1030 1031 1062
    16   ...     205  227  235  236  238  255  269  270  271  294  296  319  401  425  462  467  470  471  542  543  544  624  681
    17   ...    1300 1305 1310 1312 1317 1364 1379 1387 1397 1398 1399 1403 1421 1526 1621 1633 1668 1669 1849 1856 1857 1885
    18   ...     911  912  929  935  938  941  943  950  961 1087 1143 1187 1192 1229 1235 1259 1320 1400 1404 1416 1422 1440 1494 1496
    19   ...    1301 1308 1313 1366 1367 1381 1391 1407 1423 1527 1537 1543 1569 1586 1598 1600 1634 1640 1670 1753 1754 1763 1764 1844 1850 1851
    20   ...     915  930  936  947  952  963 1043 1086 1088 1093 1094 1110 1133 1138 1141 1144 1157 1188 1200 1230 1254 1260 1413 1424 1425 1442 1458 1517
    21   ...     148  174  180  181  189  198  222 2044 2061 2067 2074 2075 2078
    22   ...    1762 1776 1782 1794 1795 1807 1858 1863 1938 1956 1962 2079 2096 2097 2106 2107 2120 2124 2232
    23   ...     151  175  185  190  201  202  203  204  260 2047 2062 2068 2076 2080 2228 2230 2272 2293
    24   ...    1765 1766 1777 1783 1790 1792 1802 1805 1861 1864 1868 1905 1907 1916 1921 1934 1939 1950 1957 1969 2081 2089 2091 2098 2099 2109 2110 2111 2121 2125 2233
    25   ...     549  561  562  563  564  565  570  575  576  632  634  636  702  746  747  756  949  974  981  996  997 1005 1067
    26   ...       4    5    6    7    8   53  334  335  346  348  366  375  379  384  409  413  430  436  440  479  498  586  641  642  648  649
    27   ...     551  552  558  566  571  577  628  637  671  687  722  727  757  772  951  962  970  975  983  984  999 1044 1045 1068
    28   ...      11   12   13   14   15   54   62  336  337  349  358  359  363  364  376  380  414  431  434  442  477  481  581  584  643  644  650  675
    29   ...    1325 1331 1336 1439 1471 1474 1580 1618 1619 1672 1673 1681 1812 1886 1887
    30   ...     803  804  982  998 1010 1017 1054 1056 1104 1111 1125 1129 1182 1210 1216 1483 1485 1492 1507 1521
    31   ...    1326 1332 1337 1441 1461 1463 1472 1475 1571 1575 1602 1603 1614 1674 1675 1682 1796 1816 1817 1871 1888
    32   ...     806  807  985 1000 1011 1012 1072 1096 1098 1124 1127 1178 1183 1201 1211 1239 1241 1265 1486 1487 1508 1540
    33   ...     265  310  311  313  314  315  328  354 2105 2132 2133 2140 2141 2144 2197 2198 2199 2236 2237 2261 2311 2312 2320 2321
    34   ...    1685 1815 1824 1876 1880 1882 1923 1944 1948 1954 1981 1982 2149 2150 2170 2182 2183 2188 2200 2214 2224
    35   ...     268  298  300  302  317  318  329  352  372 2108 2128 2134 2142 2145 2151 2152 2168 2201 2208 2210 2212 2250 2275 2277 2282 2316 2322 2329 2331
    36   ...    1686 1701 1818 1826 1828 1831 1901 1925 1952 1984 1985 1986 2153 2154 2162 2172 2173 2178 2184 2202 2216 2225
    37   ...     486  495  501  516  521  595  599  601  657  677  686  691  697  752  776  781  787  789  793  827  838  857 1076
    38   ...     526  537  611  615  616  620  695  696  765  784  798  885  886  904  916 1059 1063
    39   ...     553  567  572  629  633  635  670  709  758  785  791  800  976  979  986 1069
    40   ...    1269 1280 1288 1347 1351 1546 1550 1597 1607 1628 1631 1649 1657 1663 1706 1899
    41   ...    1302 1314 1371 1393 1394 1401 1410 1513 1622 1635 1666 1750 1756 1757 1767 1852 1895
    42   ...    1327 1333 1340 1465 1468 1469 1572 1620 1642 1644 1676 1813 1873 1889
    43   ...      16   17   49   67   71   72   78   79  107  387  391  392 1987 2002 2012 2018 2189 2191 2247 2257 2258 2265 2269 2279 2288 2301 2307 2334
    44   ...     154  176  183  186  191  261 2051 2069 2072 2082 2083 2274 2291
    45   ...     272  273  305  308  320  330  360 2112 2129 2135 2138 2146 2155 2167 2174 2241 2255 2283 2287 2296 2310 2317 2323
    46   ...      90   91   92   93  124  137  142  143  155  156  166  192  603
    47   ...     206  207  219  220  228  239  251  256  274  408  419  545  668
    48   ...      18   19   20   21   52   55  338  339  368  370  587  588  639  654
    49   ...     839  840  867  871  894  897 1022 1107 1167 1169 1171 1198 1221 1247 1356 1357 1383 1528
    50   ...     917  934  940  944  953  964  971 1040 1108 1115 1136 1140 1145 1159 1173 1175 1208 1231 1237 1252 1257 1405 1426 1427 1443 1444 1531
    51   ...     808  809 1006 1008 1018 1091 1150 1164 1176 1180 1196 1212 1341 1481
    52   ...    1713 1714 1715 1716 1732 1734 1751 1918 1930 1978 2019 2052 2063 2066
    53   ...    1768 1780 1786 1793 1800 1809 1859 1910 1936 1940 1958 1964 1974 1976 2094 2100 2195
    54   ...    1687 1688 1689 1690 1691 1698 1703 1946 1988 2164 2179
    55   ...     121  131  132  135  169  170  177  182  195  226  242  398  602  703  732  740  802  900  918
    56   ...      22   46  275  276  277  278  290  306  307  411  493  673  704  730  761  980  987  988  989
    57   ...    1292 1294 1299 1318 1497 1516 1551 1565 1566 1579 1585 1610 1665 1717 1843 1845 1846
    58   ...    1270 1274 1278 1284 1456 1466 1511 1534 1535 1539 1554 1558 1592 1612 1624 1625 1874 1877 1893 1894
    59   ...     257  393  708  724  725  729  744 1081 1123 1161 1256 1321 1428 1429 1519
    60   ...     246  406  407  429  666  705  706  711  801 1013 1106 1122 1186 1194 1202 1417 1418 1430 1431 1445 1446 1447 1457 1500 1501 1502 1506 1520 1545
    61   ...     423
    62   ...     424
    63   ...     243  291  426  427  439  684  715 1103 1155 1207 1249 1263 1264 1319 1322 1414 1432 1503
    64   ...     247  713  721  733  769 1026 1109 1116 1117 1160 1163 1191 1419 1448 1449 1504 1548
    65   ...     122  127  128  165  172  196  233  262  399  674  707  720  726  783  901 1027 1038
    66   ...      23   24  279  280  293  321  396  483  656  701  718  719  810  990
    67   ...    1293 1295 1296 1297 1298 1433 1498 1532 1536 1542 1557 1562 1588 1589 1638 1847 1884
    68   ...    1271 1275 1276 1277 1328 1450 1460 1476 1555 1559 1563 1564 1590 1645 1870 1878 1892
    69   ...      94   95   96  112  123  144  157  158  167  197  416  604
    70   ...     208  209  221  229  241  244  248  252  281  331  402  420  546  627  669
    71   ...      25   26   27   28   29  340  341  369  371  390  397  589  640  655
    72   ...     841  842  872  876  892  893 1023 1102 1156 1168 1199 1222 1248 1354 1358 1389 1390 1529
    73   ...     919  931  945  954  955  965 1041 1042 1085 1134 1137 1142 1146 1174 1209 1232 1238 1253 1258 1323 1415 1434 1451 1505 1533
    74   ...     811  812 1007 1009 1019 1058 1149 1162 1177 1181 1195 1213 1342 1482 1522
    75   ...    1718 1719 1720 1721 1733 1735 1752 1920 1931 1979 2020 2053 2064 2194
    76   ...    1769 1781 1787 1788 1801 1804 1911 1937 1941 1959 1971 1973 1977 2092 2095 2101 2196
    77   ...    1692 1693 1694 1695 1699 1823 1830 1919 1947 1989 2165 2180 2207
    78   ...     487  496  502  509  517  522  596  600  678  692  698  741  753  762  777  782  786  788  813  819  828  843  844  845  853 1021 1077
    79   ...      97   98   99  118  120  126  145  146  160  161  173  418  448  449  455  456  458  510  511  606  609  664
    80   ...     488  491  494  503  512  515  519  598  659  690  694  739  749  754  778  795  816  822  829  830  831  847  848  849  854  858 1078
    81   ...     102  103  104  113  116  130  134  138  147  163  164  450  451  453  459  610  661  665
    82   ...    1272 1281 1289 1348 1352 1353 1524 1525 1553 1578 1582 1594 1608 1629 1632 1650 1655 1656 1659 1700 1707 1836 1837
    83   ...     846  860  865  877  878  889  890  906 1025 1033 1080 1083 1101 1114 1121 1132 1153 1172 1204 1205 1223 1227 1245 1307 1359 1362 1363 1373 1374 1375 1384 1515
    84   ...    1273 1282 1286 1290 1344 1350 1561 1568 1584 1609 1616 1630 1651 1652 1654 1660 1708 1723 1731 1838 1900
    85   ...     850  862  866  869  873  879 1036 1049 1051 1154 1166 1224 1228 1246 1251 1378 1386
    86   ...      30   31   50   59   73   74   80  108  388  438 1990 2003 2013 2021 2022 2190 2244 2248 2252 2253 2266 2270 2280 2302 2304 2328 2333 2335
    87   ...    1722 1728 1738 1742 1747 1748 1759 1904 1913 1915 1928 1932 1968 2023 2024 2036 2038 2043 2055 2056 2057 2222
    88   ...      37   38   51   64   68   69   81  100  101  109  389 1994 2004 2006 2010 2014 2025 2030 2033 2219 2239 2249 2264 2271 2290 2303 2309 2315 2327
    89   ...    1724 1725 1729 1739 1743 1749 1840 1842 1909 1929 1966 2026 2037 2041 2059 2060 2193 2223
    90   ...     528  529  538  541  612  617  621  679  712  731  755  766  790  799  887  888  895  905  908  909  920  921 1053 1060 1064
    91   ...     212  230  231  237  240  258  283  284  285  295  297  324  403  428  463  468  469  472  547  548  625  626  682
    92   ...     527  532  533  539  540  622  735  737  743  768  771  797  891  899  907  923  924 1034 1035 1065
    93   ...     217  218  225  234  249  253  259  287  288  292  327  395  404  422  464  466  474  476  557  623  683
    94   ...    1303 1311 1315 1372 1395 1396 1411 1412 1514 1547 1556 1611 1617 1623 1636 1639 1664 1667 1758 1770 1853 1896
    95   ...     922  932  948  957  966  972 1066 1084 1089 1095 1118 1135 1139 1147 1158 1189 1206 1233 1255 1261 1408 1435 1436 1453 1459 1518
    96   ...    1304 1309 1316 1376 1377 1385 1392 1409 1437 1530 1538 1544 1570 1587 1599 1601 1637 1641 1671 1760 1761 1773 1774 1848 1854 1855
    97   ...     925  926  933  937  939  942  946  960  968 1090 1148 1190 1193 1234 1236 1262 1324 1402 1406 1420 1438 1455 1495 1499
    98   ...     159  178  184  187  193  210  211  223  263  405 2054 2070 2073 2084 2085 2240 2254 2259 2262 2281 2292 2305 2336
    99   ...    1771 1772 1778 1784 1789 1791 1803 1806 1862 1865 1867 1869 1906 1917 1922 1935 1942 1951 1960 1970 2086 2090 2093 2102 2114 2115 2116 2122 2126 2234
   100   ...     162  179  188  194  213  214  215  216  264 2058 2065 2071 2077 2087 2229 2231 2273 2294
   101   ...    1775 1779 1785 1798 1799 1808 1860 1866 1943 1961 1963 2088 2103 2104 2118 2119 2123 2127 2235
   102   ...     554  559  568  573  578  579  582  630  685  710  714  745  759  763  764  792  956  969  977  978  991 1001 1070
   103   ...      32   33   34   35   36   56   63  342  343  350  356  361  362  365  377  381  415  432  435  443  478  482  583  585  645  651  676
   104   ...     555  556  560  569  574  580  631  638  672  688  723  728  760  773  958  959  967  973  993  994 1003 1046 1047 1071
   105   ...      39   40   41   42   43   57  344  345  347  351  367  378  382  383  410  412  433  437  441  480  499  590  646  647  652  653
   106   ...    1329 1334 1339 1452 1467 1470 1478 1479 1480 1552 1573 1577 1581 1593 1643 1677 1678 1683 1810 1811 1814 1875 1890
   107   ...     814  815  992 1002 1014 1015 1073 1097 1099 1119 1128 1179 1184 1214 1218 1240 1242 1266 1488 1489 1490 1509 1541
   108   ...    1330 1335 1338 1454 1462 1464 1473 1477 1574 1576 1591 1604 1613 1679 1680 1684 1797 1820 1822 1872 1891
   109   ...     817  818  995 1004 1016 1020 1055 1057 1105 1112 1126 1130 1185 1215 1217 1484 1491 1493 1510 1523
   110   ...     282  303  309  312  322  323  332  355  357  373 2113 2130 2136 2139 2147 2156 2175 2203 2242 2243 2256 2260 2284 2286 2295 2306 2318 2324
   111   ...    1696 1702 1819 1827 1829 1832 1902 1953 1972 1991 1992 1993 2157 2163 2166 2176 2177 2181 2185 2204 2217 2226
   112   ...     286  299  301  304  325  326  333  353  374 2117 2131 2137 2143 2148 2158 2159 2169 2205 2209 2211 2213 2251 2276 2278 2285 2319 2325 2330 2332
   113   ...    1697 1821 1825 1879 1881 1883 1924 1945 1949 1955 1995 1996 1997 2160 2161 2171 2186 2187 2206 2215 2227
  ------------------------------------------------------------------------
