   0.000        -15.25061226        -15.25061226         -8.88511086         -8.88511086         -8.88511086
   0.116        -14.85612297        -14.85612297         -8.88511086         -8.88511086         -8.88511086
   0.232        -13.75562000        -13.75562000         -8.99721909         -8.99721909         -8.99721909
   0.347        -12.17438698        -12.17438698         -9.20440483         -9.20440483         -9.20440483
   0.463        -10.39235306        -10.39235306         -9.47673512         -9.47673512         -9.47673512
   0.579         -8.64056778         -8.64056778         -9.77714157         -9.77714157         -9.77714157
   0.695         -7.08068466         -7.08068466        -10.06745338        -10.06745338        -10.06745338
   0.810         -5.84393835         -5.84393835        -10.31425285        -10.31425285        -10.31425285
   0.926         -5.04626274         -5.04626274        -10.49245644        -10.49245644        -10.49245644
   1.042         -4.77040291         -4.77040291        -10.58567619        -10.58567619        -10.58567619
   1.158         -5.04626274         -5.04626274        -10.58567619        -10.58567619        -10.58567619
   1.273         -5.84393930         -5.84393930        -10.49245548        -10.49245548        -10.49245548
   1.389         -7.08068466         -7.08068466        -10.31425285        -10.31425285        -10.31425285
   1.505         -8.64056778         -8.64056778        -10.06745338        -10.06745338        -10.06745338
   1.621        -10.39235306        -10.39235306         -9.77714157         -9.77714157         -9.77714157
   1.736        -12.17438889        -12.17438889         -9.47673416         -9.47673416         -9.47673416
   1.852        -13.75562000        -13.75562000         -9.20440388         -9.20440388         -9.20440388
   1.968        -14.85612297        -14.85612297         -8.99721909         -8.99721909         -8.99721909
   2.084        -15.25061226        -15.25061226         -8.88510990         -8.88510990         -8.88510990
   2.199        -14.85612297        -14.85612297         -8.88510990         -8.88510990         -8.88510990
   2.315        -13.75562000        -13.75562000         -8.99721909         -8.99721909         -8.99721909
   2.431        -12.17438698        -12.17438698         -9.20440388         -9.20440388         -9.20440388
   2.547        -10.39235306        -10.39235306         -9.47673416         -9.47673416         -9.47673416
   2.663         -8.64056778         -8.64056778         -9.77714157         -9.77714157         -9.77714157
   2.778         -7.08068466         -7.08068466        -10.06745338        -10.06745338        -10.06745338
   2.894         -5.84393835         -5.84393835        -10.31425285        -10.31425285        -10.31425285
   3.010         -5.04626226         -5.04626226        -10.49245548        -10.49245548        -10.49245548
   3.126         -4.77040291         -4.77040291        -10.58567619        -10.58567619        -10.58567619
   3.241         -5.04626274         -5.04626274        -10.58567619        -10.58567619        -10.58567619
   3.357         -5.84393835         -5.84393835        -10.49245548        -10.49245548        -10.49245548
   3.473         -7.08068466         -7.08068466        -10.31425190        -10.31425190        -10.31425190
   3.589         -8.64056778         -8.64056778        -10.06745338        -10.06745338        -10.06745338
   3.704        -10.39235306        -10.39235306         -9.77714062         -9.77714062         -9.77714062
   3.820        -12.17438889        -12.17438889         -9.47673416         -9.47673416         -9.47673416
   3.936        -13.75562000        -13.75562000         -9.20440388         -9.20440388         -9.20440388
   4.052        -14.85612297        -14.85612297         -8.99721909         -8.99721909         -8.99721909
   4.167        -15.25061226        -15.25061226         -8.88510990         -8.88510990         -8.88510990
   4.283        -14.85612297        -14.85612297         -8.88510990         -8.88510990         -8.88510990
   4.399        -13.75561810        -13.75561810         -8.99721909         -8.99721909         -8.99721909
   4.515        -12.17438698        -12.17438698         -9.20440388         -9.20440388         -9.20440388
   4.630        -10.39235210        -10.39235210         -9.47673416         -9.47673416         -9.47673416
   4.746         -8.64056683         -8.64056683         -9.77714062         -9.77714062         -9.77714062
   4.862         -7.08068371         -7.08068371        -10.06745338        -10.06745338        -10.06745338
   4.978         -5.84393787         -5.84393787        -10.31425190        -10.31425190        -10.31425190
   5.093         -5.04626274         -5.04626274        -10.49245548        -10.49245548        -10.49245548
   5.209         -4.77040291         -4.77040291        -10.58567619        -10.58567619        -10.58567619
   5.325         -5.04626274         -5.04626274        -10.58567619        -10.58567619        -10.58567619
   5.441         -5.84393835         -5.84393835        -10.49245548        -10.49245548        -10.49245548
   5.557         -7.08068466         -7.08068466        -10.31425190        -10.31425190        -10.31425190
   5.672         -8.64056778         -8.64056778        -10.06745338        -10.06745338        -10.06745338
   5.788        -10.39235210        -10.39235210         -9.77714157         -9.77714157         -9.77714157
   5.904        -12.17438889        -12.17438889         -9.47673416         -9.47673416         -9.47673416
   6.020        -13.75562000        -13.75562000         -9.20440388         -9.20440388         -9.20440388
   6.135        -14.85612297        -14.85612297         -8.99721909         -8.99721909         -8.99721909
   6.251        -15.25061226        -15.25061226         -8.88510990         -8.88510990         -8.88510990
   6.367        -14.85612297        -14.85612297         -8.88511086         -8.88511086         -8.88511086
   6.483        -13.75562000        -13.75562000         -8.99721909         -8.99721909         -8.99721909
   6.598        -12.17438698        -12.17438698         -9.20440388         -9.20440388         -9.20440388
   6.714        -10.39235306        -10.39235306         -9.47673512         -9.47673512         -9.47673512
   6.830         -8.64056778         -8.64056778         -9.77714157         -9.77714157         -9.77714157
   6.946         -7.08068466         -7.08068466        -10.06745338        -10.06745338        -10.06745338
   7.061         -5.84393930         -5.84393930        -10.31425285        -10.31425285        -10.31425285
   7.177         -5.04626369         -5.04626369        -10.49245644        -10.49245644        -10.49245644
   7.293         -4.77040339         -4.77040339        -10.58567715        -10.58567715        -10.58567715
   7.409         -5.04626417         -5.04626417        -10.58567715        -10.58567715        -10.58567715
   7.524         -5.84393978         -5.84393978        -10.49245644        -10.49245644        -10.49245644
   7.640         -7.08068514         -7.08068514        -10.31425285        -10.31425285        -10.31425285
   7.756         -8.64056873         -8.64056873        -10.06745338        -10.06745338        -10.06745338
   7.872        -10.39235497        -10.39235497         -9.77714157         -9.77714157         -9.77714157
   7.988        -12.17438984        -12.17438984         -9.47673512         -9.47673512         -9.47673512
   8.103        -13.75562096        -13.75562096         -9.20440483         -9.20440483         -9.20440483
   8.219        -14.85612297        -14.85612297         -8.99721909         -8.99721909         -8.99721909
