                -11.4570583088
         -0.000000012       0.000000000       0.000000000
          0.000000000      -0.000000012       0.000000000
          0.000000000       0.000000000       0.000052473
          12
  1     3       0.000000000       0.000000000      -0.006566223  Li
  1     3      -0.000000000       0.000000000       0.000689638  Li
  1     3      -0.000000001       0.000000000       0.003096855  Li
  1     3       0.000000000       0.000000000      -0.018959539  Li
  1     3       0.000000000      -0.000000000       0.033142829  Li
  1     3       0.000000000      -0.000000000      -0.015875588  Li
  1     3       0.000000000      -0.000000001       0.008126892  Li
  1     3      -0.000000000      -0.000000000      -0.009037211  Li
  1     3      -0.000000000      -0.000000000       0.008613158  Li
  1     3      -0.000000000      -0.000000000      -0.000731284  Li
  1     3       0.000000000       0.000000000       0.000384718  Li
  1     3      -0.000000000       0.000000000      -0.001713519  Li
