                -11.5628020407
         -0.000000016      -0.000000000       0.000000000
         -0.000000000      -0.000000016      -0.000000000
          0.000000000      -0.000000000       0.000127563
          12
  1     3      -0.000000000       0.000000000      -0.007008986  Li
  1     3      -0.000000000      -0.000000000      -0.001478938  Li
  1     3      -0.000000000       0.000000000       0.056137564  Li
  1     3      -0.000000000       0.000000000       0.015401368  Li
  1     3      -0.000000000      -0.000000000      -0.002021171  Li
  1     3      -0.000000000       0.000000000      -0.010272536  Li
  1     3      -0.000000000      -0.000000000       0.096241785  Li
  1     3       0.000000000       0.000000000      -0.096104096  Li
  1     3      -0.000000000      -0.000000000      -0.053671212  Li
  1     3      -0.000000000       0.000000000       0.002330709  Li
  1     3      -0.000000000       0.000000000      -0.003421938  Li
  1     3      -0.000000000       0.000000000       0.004814837  Li
