   0.000   7.654   7.649   7.656   7.652   5.402   2.747   0.869   0.000   1.878   4.532   6.822   6.816   6.823   6.818
   0.100   7.654   7.650   7.656   7.652   5.408   2.751   0.867   0.000   1.883   4.536   6.824   6.819   6.826   6.821
   0.300   7.645   7.640   7.648   7.643   5.405   2.746   0.869   0.000   1.880   4.531   6.830   6.825   6.833   6.828
   0.500   7.639   7.634   7.643   7.638   5.408   2.745   0.870   0.000   1.879   4.529   6.834   6.830   6.838   6.833
   0.600   7.637   7.632   7.640   7.636   5.413   2.748   0.870   0.000   1.882   4.532   6.837   6.834   6.841   6.837
   0.700   7.634   7.630   7.638   7.633   5.415   2.748   0.870   0.000   1.882   4.532   6.840   6.836   6.844   6.840
   0.800   7.634   7.629   7.637   7.633   5.418   2.748   0.871   0.000   1.881   4.530   6.841   6.837   6.843   6.840
   0.900   7.631   7.626   7.635   7.630   5.421   2.748   0.872   0.000   1.880   4.529   6.842   6.840   6.845   6.843
   1.000   7.627   7.622   7.631   7.626   5.424   2.748   0.874   0.000   1.879   4.528   6.845   6.842   6.849   6.846
   1.100   7.621   7.615   7.625   7.620   5.425   2.747   0.875   0.000   1.879   4.529   6.851   6.848   6.856   6.853
   1.200   7.620   7.614   7.625   7.619   5.431   2.749   0.877   0.000   1.878   4.528   6.852   6.850   6.856   6.854
   1.300   7.619   7.613   7.624   7.618   5.434   2.748   0.877   0.000   1.877   4.527   6.855   6.852   6.859   6.856
   1.400   7.620   7.614   7.625   7.619   5.439   2.749   0.880   0.000   1.874   4.526   6.855   6.851   6.860   6.856
   1.450   7.617   7.611   7.622   7.616   5.442   2.752   0.880   0.000   1.877   4.528   6.857   6.855   6.861   6.859
   1.500   7.616   7.610   7.621   7.615   5.442   2.750   0.880   0.000   1.876   4.528   6.859   6.856   6.863   6.859
   1.550   7.617   7.611   7.623   7.616   5.445   2.751   0.880   0.000   1.876   4.528   6.859   6.855   6.864   6.859
   1.600   7.614   7.607   7.619   7.612   5.448   2.754   0.878   0.000   1.880   4.531   6.861   6.858   6.866   6.863
   1.700   7.606   7.599   7.612   7.605   5.451   2.754   0.877   0.000   1.884   4.535   6.868   6.865   6.873   6.870
   1.800   7.607   7.600   7.613   7.605   5.456   2.756   0.877   0.000   1.883   4.532   6.866   6.861   6.872   6.866
   1.900   7.605   7.598   7.611   7.603   5.462   2.756   0.878   0.000   1.881   4.530   6.867   6.862   6.873   6.867
