# bias 59 60 61 62 63 64
  0.000   11.064   10.996    1.076    1.077   10.996   11.064
  0.500    11.051    11.003     1.074     1.081    10.983    11.075
 -0.500    11.074    10.984     1.081     1.074    11.003    11.050
  0.800    11.044    11.002     1.073     1.084    10.976    11.082
 -0.800    11.082    10.976     1.084     1.073    11.002    11.044
  1.200    11.036    10.990     1.075     1.089    10.965    11.092
 -1.200    11.092    10.965     1.089     1.074    10.991    11.036
  1.800    11.025    10.966     1.076     1.098    10.950    11.103
 -1.800    11.104    10.950     1.098     1.077    10.965    11.025
