  -2.3810549274E+001   4.5417949965E-001
  -2.3655935318E+001   4.6597119600E-001
  -2.3501321362E+001   5.0235476033E-001
  -2.3346707405E+001   5.6648311091E-001
  -2.3192093449E+001   6.6376707540E-001
  -2.3037479493E+001   8.0203150056E-001
  -2.2882865536E+001   9.9206905484E-001
  -2.2728251580E+001   1.2474688090E+000
  -2.2573637624E+001   1.5813831498E+000
  -2.2419023667E+001   1.9982285897E+000
  -2.2264409711E+001   2.4798501187E+000
  -2.2109795755E+001   2.9732745132E+000
  -2.1955181798E+001   3.3989792294E+000
  -2.1800567842E+001   3.6902814306E+000
  -2.1645953886E+001   3.8363340640E+000
  -2.1491339929E+001   3.8827653466E+000
  -2.1336725973E+001   3.8883355919E+000
  -2.1182112017E+001   3.8873025192E+000
  -2.1027498060E+001   3.8883897059E+000
  -2.0872884104E+001   3.8858394223E+000
  -2.0718270148E+001   3.8527681142E+000
  -2.0563656191E+001   3.7344157549E+000
  -2.0409042235E+001   3.4769720232E+000
  -2.0254428279E+001   3.0764770114E+000
  -2.0099814323E+001   2.5909061891E+000
  -1.9945200366E+001   2.1011798483E+000
  -1.9790586410E+001   1.6671380811E+000
  -1.9635972454E+001   1.3142651808E+000
  -1.9481358497E+001   1.0426117771E+000
  -1.9326744541E+001   8.3956299171E-001
  -1.9172130585E+001   6.9060267646E-001
  -1.9017516628E+001   5.8485309341E-001
  -1.8862902672E+001   5.1419282537E-001
  -1.8708288716E+001   4.7197569739E-001
  -1.8553674759E+001   4.5454808698E-001
  -1.8399060803E+001   4.6121260998E-001
  -1.8244446847E+001   4.9226129882E-001
  -1.8089832890E+001   5.4963926919E-001
  -1.7935218934E+001   6.3872834173E-001
  -1.7780604978E+001   7.6731907544E-001
  -1.7625991021E+001   9.4485664788E-001
  -1.7471377065E+001   1.1841754054E+000
  -1.7316763109E+001   1.4998129222E+000
  -1.7162149152E+001   1.8991242428E+000
  -1.7007535196E+001   2.3694630940E+000
  -1.6852921240E+001   2.8662459165E+000
  -1.6698307283E+001   3.3142524141E+000
  -1.6543693327E+001   3.6390474961E+000
  -1.6389079371E+001   3.8146379168E+000
  -1.6234465414E+001   3.8776000476E+000
  -1.6079851458E+001   3.8885365049E+000
  -1.5925237502E+001   3.8875950223E+000
  -1.5770623545E+001   3.8878044098E+000
  -1.5616009589E+001   3.8874512462E+000
  -1.5461395633E+001   3.8655080050E+000
  -1.5306781676E+001   3.7714660106E+000
  -1.5152167720E+001   3.5472553783E+000
  -1.4997553764E+001   3.1755676759E+000
  -1.4842939807E+001   2.7021379357E+000
  -1.4688325851E+001   2.2066932401E+000
  -1.4533711895E+001   1.7568063644E+000
  -1.4379097938E+001   1.3855717611E+000
  -1.4224483982E+001   1.0967310514E+000
  -1.4069870026E+001   8.7938489344E-001
  -1.3915256069E+001   7.1956151332E-001
  -1.3760642113E+001   6.0530925199E-001
  -1.3606028157E+001   5.2736576538E-001
  -1.3451414200E+001   4.7907967564E-001
  -1.3296800244E+001   4.5654205339E-001
  -1.3142186288E+001   4.5797004470E-001
  -1.2987572331E+001   4.8323461521E-001
  -1.2832958375E+001   5.3447250500E-001
  -1.2678344419E+001   6.1631592516E-001
  -1.2523730462E+001   7.3537239925E-001
  -1.2369116506E+001   9.0081986539E-001
  -1.2214502550E+001   1.1253764658E+000
  -1.2059888594E+001   1.4232805017E+000
  -1.1905274637E+001   1.8039688090E+000
  -1.1750660681E+001   2.2610765041E+000
  -1.1596046725E+001   2.7580694883E+000
  -1.1441432768E+001   3.2241051295E+000
  -1.1286818812E+001   3.5802638347E+000
  -1.1132204856E+001   3.7875497823E+000
  -1.0977590899E+001   3.8703324030E+000
  -1.0822976943E+001   3.8877005392E+000
  -1.0668362987E+001   3.8869126868E+000
  -1.0513749030E+001   3.8867629945E+000
  -1.0359135074E+001   3.8878006998E+000
  -1.0204521118E+001   3.8740918574E+000
  -1.0049907161E+001   3.8021230601E+000
  -9.8952932049E+000   3.6118053585E+000
  -9.7406792486E+000   3.2720174712E+000
  -9.5860652923E+000   2.8152115638E+000
  -9.4314513359E+000   2.3186440772E+000
  -9.2768373796E+000   1.8555078959E+000
  -9.1222234233E+000   1.4660554693E+000
  -8.9676094670E+000   1.1597764546E+000
  -8.8129955106E+000   9.2839336516E-001
  -8.6583815543E+000   7.5727854930E-001
  -8.5037675980E+000   6.3349845370E-001
  -8.3491536417E+000   5.4800174694E-001
  -8.1945396853E+000   4.9366426897E-001
  -8.0399257290E+000   4.6519236061E-001
  -7.8853117727E+000   4.6053443140E-001
  -7.7306978164E+000   4.7985151918E-001
  -7.5760838600E+000   5.2429861980E-001
  -7.4214699037E+000   5.9749045248E-001
  -7.2668559474E+000   7.0629550534E-001
  -7.1122419910E+000   8.5956171841E-001
  -6.9576280347E+000   1.0684877003E+000
  -6.8030140784E+000   1.3473364163E+000
  -6.6484001221E+000   1.7082367617E+000
  -6.4937861657E+000   2.1492862772E+000
  -6.3391722094E+000   2.6408090623E+000
  -6.1845582531E+000   3.1190945744E+000
  -6.0299442968E+000   3.5044126346E+000
  -5.8753303404E+000   3.7460236248E+000
  -5.7207163841E+000   3.8560574743E+000
  -5.5661024278E+000   3.8908100509E+000
  -5.4114884714E+000   3.9002550562E+000
  -5.2568745151E+000   3.9040443529E+000
  -5.1022605588E+000   3.9040765157E+000
  -4.9476466025E+000   3.8916246640E+000
  -4.7930326461E+000   3.8327275014E+000
  -4.6384186898E+000   3.6690489113E+000
  -4.4838047335E+000   3.3590142592E+000
  -4.3291907772E+000   2.9201625180E+000
  -4.1745768208E+000   2.4225355003E+000
  -4.0199628645E+000   1.9437005038E+000
  -3.8653489082E+000   1.5331612812E+000
  -3.7107349518E+000   1.2066970566E+000
  -3.5561209955E+000   9.5819128537E-001
  -3.4015070392E+000   7.7368084288E-001
  -3.2468930829E+000   6.4009863866E-001
  -3.0922791265E+000   5.4716284279E-001
  -2.9376651702E+000   4.8676762624E-001
  -2.7830512139E+000   4.5363500351E-001
  -2.6284372576E+000   4.4537316136E-001
  -2.4738233012E+000   4.6107340601E-001
  -2.3192093449E+000   5.0143323828E-001
  -2.1645953886E+000   5.7008441857E-001
  -2.0099814323E+000   6.7305623743E-001
  -1.8553674759E+000   8.1801430472E-001
  -1.7007535196E+000   1.0157792970E+000
  -1.5461395633E+000   1.2804709011E+000
  -1.3915256069E+000   1.6244908056E+000
  -1.2369116506E+000   2.0493676528E+000
  -1.0822976943E+000   2.5330208613E+000
  -9.2768373796E-001   3.0190328663E+000
  -7.7306978164E-001   3.4281013438E+000
  -6.1845582531E-001   3.7011751264E+000
  -4.6384186898E-001   3.8389942731E+000
  -3.0922791265E-001   3.8914935664E+000
  -1.5461395633E-001   3.9091836768E+000
   0.0000000000E+000   3.9139960020E+000
   1.5461395633E-001   3.9091836764E+000
   3.0922791265E-001   3.8914935658E+000
   4.6384186898E-001   3.8389942723E+000
   6.1845582531E-001   3.7011751257E+000
   7.7306978164E-001   3.4281013431E+000
   9.2768373796E-001   3.0190328657E+000
   1.0822976943E+000   2.5330208608E+000
   1.2369116506E+000   2.0493676525E+000
   1.3915256069E+000   1.6244908054E+000
   1.5461395633E+000   1.2804709010E+000
   1.7007535196E+000   1.0157792971E+000
   1.8553674759E+000   8.1801430498E-001
   2.0099814323E+000   6.7305623782E-001
   2.1645953886E+000   5.7008441905E-001
   2.3192093449E+000   5.0143323883E-001
   2.4738233012E+000   4.6107340660E-001
   2.6284372576E+000   4.4537316195E-001
   2.7830512139E+000   4.5363500408E-001
   2.9376651702E+000   4.8676762677E-001
   3.0922791265E+000   5.4716284328E-001
   3.2468930829E+000   6.4009863908E-001
   3.4015070392E+000   7.7368084322E-001
   3.5561209955E+000   9.5819128561E-001
   3.7107349518E+000   1.2066970567E+000
   3.8653489082E+000   1.5331612812E+000
   4.0199628645E+000   1.9437005037E+000
   4.1745768208E+000   2.4225355000E+000
   4.3291907772E+000   2.9201625176E+000
   4.4838047335E+000   3.3590142586E+000
   4.6384186898E+000   3.6690489106E+000
   4.7930326461E+000   3.8327275006E+000
   4.9476466025E+000   3.8916246631E+000
   5.1022605588E+000   3.9040765146E+000
   5.2568745151E+000   3.9040443518E+000
   5.4114884714E+000   3.9002550552E+000
   5.5661024278E+000   3.8908100501E+000
   5.7207163841E+000   3.8560574736E+000
   5.8753303404E+000   3.7460236243E+000
   6.0299442968E+000   3.5044126342E+000
   6.1845582531E+000   3.1190945740E+000
   6.3391722094E+000   2.6408090620E+000
   6.4937861657E+000   2.1492862769E+000
   6.6484001221E+000   1.7082367613E+000
   6.8030140784E+000   1.3473364158E+000
   6.9576280347E+000   1.0684876998E+000
   7.1122419910E+000   8.5956171778E-001
   7.2668559474E+000   7.0629550465E-001
   7.4214699037E+000   5.9749045172E-001
   7.5760838600E+000   5.2429861900E-001
   7.7306978164E+000   4.7985151834E-001
   7.8853117727E+000   4.6053443053E-001
   8.0399257290E+000   4.6519235971E-001
   8.1945396853E+000   4.9366426806E-001
   8.3491536417E+000   5.4800174604E-001
   8.5037675980E+000   6.3349845281E-001
   8.6583815543E+000   7.5727854843E-001
   8.8129955106E+000   9.2839336433E-001
   8.9676094670E+000   1.1597764538E+000
   9.1222234233E+000   1.4660554686E+000
   9.2768373796E+000   1.8555078952E+000
   9.4314513359E+000   2.3186440767E+000
   9.5860652923E+000   2.8152115634E+000
   9.7406792486E+000   3.2720174709E+000
   9.8952932049E+000   3.6118053583E+000
   1.0049907161E+001   3.8021230601E+000
   1.0204521118E+001   3.8740918575E+000
   1.0359135074E+001   3.8878007000E+000
   1.0513749030E+001   3.8867629949E+000
   1.0668362987E+001   3.8869126873E+000
   1.0822976943E+001   3.8877005398E+000
   1.0977590899E+001   3.8703324037E+000
   1.1132204856E+001   3.7875497831E+000
   1.1286818812E+001   3.5802638356E+000
   1.1441432768E+001   3.2241051305E+000
   1.1596046725E+001   2.7580694893E+000
   1.1750660681E+001   2.2610765051E+000
   1.1905274637E+001   1.8039688101E+000
   1.2059888594E+001   1.4232805029E+000
   1.2214502550E+001   1.1253764669E+000
   1.2369116506E+001   9.0081986662E-001
   1.2523730462E+001   7.3537240052E-001
   1.2678344419E+001   6.1631592646E-001
   1.2832958375E+001   5.3447250634E-001
   1.2987572331E+001   4.8323461657E-001
   1.3142186288E+001   4.5797004609E-001
   1.3296800244E+001   4.5654205481E-001
   1.3451414200E+001   4.7907967708E-001
   1.3606028157E+001   5.2736576684E-001
   1.3760642113E+001   6.0530925347E-001
   1.3915256069E+001   7.1956151482E-001
   1.4069870026E+001   8.7938489496E-001
   1.4224483982E+001   1.0967310530E+000
   1.4379097938E+001   1.3855717626E+000
   1.4533711895E+001   1.7568063660E+000
   1.4688325851E+001   2.2066932417E+000
   1.4842939807E+001   2.7021379373E+000
   1.4997553764E+001   3.1755676775E+000
   1.5152167720E+001   3.5472553799E+000
   1.5306781676E+001   3.7714660122E+000
   1.5461395633E+001   3.8655080066E+000
   1.5616009589E+001   3.8874512478E+000
   1.5770623545E+001   3.8878044114E+000
   1.5925237502E+001   3.8875950240E+000
   1.6079851458E+001   3.8885365065E+000
   1.6234465414E+001   3.8776000493E+000
   1.6389079371E+001   3.8146379184E+000
   1.6543693327E+001   3.6390474977E+000
   1.6698307283E+001   3.3142524158E+000
   1.6852921240E+001   2.8662459181E+000
   1.7007535196E+001   2.3694630956E+000
   1.7162149152E+001   1.8991242444E+000
   1.7316763109E+001   1.4998129237E+000
   1.7471377065E+001   1.1841754069E+000
   1.7625991021E+001   9.4485664941E-001
   1.7780604978E+001   7.6731907696E-001
   1.7935218934E+001   6.3872834323E-001
   1.8089832890E+001   5.4963927067E-001
   1.8244446847E+001   4.9226130028E-001
   1.8399060803E+001   4.6121261141E-001
   1.8553674759E+001   4.5454808839E-001
   1.8708288716E+001   4.7197569878E-001
   1.8862902672E+001   5.1419282673E-001
   1.9017516628E+001   5.8485309474E-001
   1.9172130585E+001   6.9060267776E-001
   1.9326744541E+001   8.3956299298E-001
   1.9481358497E+001   1.0426117783E+000
   1.9635972454E+001   1.3142651820E+000
   1.9790586410E+001   1.6671380822E+000
   1.9945200366E+001   2.1011798495E+000
   2.0099814323E+001   2.5909061902E+000
   2.0254428279E+001   3.0764770124E+000
   2.0409042235E+001   3.4769720242E+000
   2.0563656191E+001   3.7344157559E+000
   2.0718270148E+001   3.8527681151E+000
   2.0872884104E+001   3.8858394232E+000
   2.1027498060E+001   3.8883897067E+000
   2.1182112017E+001   3.8873025200E+000
   2.1336725973E+001   3.8883355927E+000
   2.1491339929E+001   3.8827653473E+000
   2.1645953886E+001   3.8363340646E+000
   2.1800567842E+001   3.6902814312E+000
   2.1955181798E+001   3.3989792300E+000
   2.2109795755E+001   2.9732745137E+000
   2.2264409711E+001   2.4798501192E+000
   2.2419023667E+001   1.9982285901E+000
   2.2573637624E+001   1.5813831502E+000
   2.2728251580E+001   1.2474688093E+000
   2.2882865536E+001   9.9206905514E-001
   2.3037479493E+001   8.0203150081E-001
   2.3192093449E+001   6.6376707559E-001
   2.3346707405E+001   5.6648311106E-001
   2.3501321362E+001   5.0235476042E-001
   2.3655935318E+001   4.6597119605E-001
