  -2.3810549274E+001   4.5424701615E-001
  -2.3655935318E+001   4.6603880360E-001
  -2.3501321362E+001   5.0242270319E-001
  -2.3346707405E+001   5.6655181725E-001
  -2.3192093449E+001   6.6383727549E-001
  -2.3037479493E+001   8.0210433848E-001
  -2.2882865536E+001   9.9214618511E-001
  -2.2728251580E+001   1.2475524510E+000
  -2.2573637624E+001   1.5814760264E+000
  -2.2419023667E+001   1.9983335843E+000
  -2.2264409711E+001   2.4799693904E+000
  -2.2109795755E+001   2.9734078800E+000
  -2.1955181798E+001   3.3991221497E+000
  -2.1800567842E+001   3.6904239820E+000
  -2.1645953886E+001   3.8364630943E+000
  -2.1491339929E+001   3.8828706801E+000
  -2.1336725973E+001   3.8884173852E+000
  -2.1182112017E+001   3.8873738317E+000
  -2.1027498060E+001   3.8884705803E+000
  -2.0872884104E+001   3.8859457774E+000
  -2.0718270148E+001   3.8529036746E+000
  -2.0563656191E+001   3.7345724247E+000
  -2.0409042235E+001   3.4771366104E+000
  -2.0254428279E+001   3.0766381084E+000
  -2.0099814323E+001   2.5910572401E+000
  -1.9945200366E+001   2.1013186868E+000
  -1.9790586410E+001   1.6672650936E+000
  -1.9635972454E+001   1.3143816725E+000
  -1.9481358497E+001   1.0427190100E+000
  -1.9326744541E+001   8.3966175931E-001
  -1.9172130585E+001   6.9069317301E-001
  -1.9017516628E+001   5.8493492996E-001
  -1.8862902672E+001   5.1426510469E-001
  -1.8708288716E+001   4.7203710306E-001
  -1.8553674759E+001   4.5459699582E-001
  -1.8399060803E+001   4.6124722889E-001
  -1.8244446847E+001   4.9227980241E-001
  -1.8089832890E+001   5.4963995879E-001
  -1.7935218934E+001   6.3870985017E-001
  -1.7780604978E+001   7.6728057215E-001
  -1.7625991021E+001   9.4479801648E-001
  -1.7471377065E+001   1.1840973980E+000
  -1.7316763109E+001   1.4997171461E+000
  -1.7162149152E+001   1.8990126912E+000
  -1.7007535196E+001   2.3693370558E+000
  -1.6852921240E+001   2.8661045152E+000
  -1.6698307283E+001   3.3140917573E+000
  -1.6543693327E+001   3.6388618560E+000
  -1.6389079371E+001   3.8144229979E+000
  -1.6234465414E+001   3.8773558076E+000
  -1.6079851458E+001   3.8882669310E+000
  -1.5925237502E+001   3.8873057325E+000
  -1.5770623545E+001   3.8875010965E+000
  -1.5616009589E+001   3.8871396995E+000
  -1.5461395633E+001   3.8651935952E+000
  -1.5306781676E+001   3.7711515559E+000
  -1.5152167720E+001   3.5469395139E+000
  -1.4997553764E+001   3.1752460985E+000
  -1.4842939807E+001   2.7018066651E+000
  -1.4688325851E+001   2.2063510000E+000
  -1.4533711895E+001   1.7564547009E+000
  -1.4379097938E+001   1.3852137625E+000
  -1.4224483982E+001   1.0963699865E+000
  -1.4069870026E+001   8.7902342668E-001
  -1.3915256069E+001   7.1920152876E-001
  -1.3760642113E+001   6.0495197097E-001
  -1.3606028157E+001   5.2701189420E-001
  -1.3451414200E+001   4.7872959012E-001
  -1.3296800244E+001   4.5619603476E-001
  -1.3142186288E+001   4.5762845080E-001
  -1.2987572331E+001   4.8289799873E-001
  -1.2832958375E+001   5.3414179453E-001
  -1.2678344419E+001   6.1599259525E-001
  -1.2523730462E+001   7.3505851211E-001
  -1.2369116506E+001   9.0051807845E-001
  -1.2214502550E+001   1.1250900144E+000
  -1.2059888594E+001   1.4230128546E+000
  -1.1905274637E+001   1.8037227655E+000
  -1.1750660681E+001   2.2608528440E+000
  -1.1596046725E+001   2.7578657325E+000
  -1.1441432768E+001   3.2239159716E+000
  -1.1286818812E+001   3.5800850030E+000
  -1.1132204856E+001   3.7873836712E+000
  -1.0977590899E+001   3.8701893030E+000
  -1.0822976943E+001   3.8875919196E+000
  -1.0668362987E+001   3.8868425857E+000
  -1.0513749030E+001   3.8867270604E+000
  -1.0359135074E+001   3.8877936731E+000
  -1.0204521118E+001   3.8741148300E+000
  -1.0049907161E+001   3.8021831727E+000
  -9.8952932049E+000   3.6119094926E+000
  -9.7406792486E+000   3.2721671397E+000
  -9.5860652923E+000   2.8154031591E+000
  -9.4314513359E+000   2.3188721877E+000
  -9.2768373796E+000   1.8557677224E+000
  -9.1222234233E+000   1.4663433232E+000
  -8.9676094670E+000   1.1600893119E+000
  -8.8129955106E+000   9.2872821680E-001
  -8.6583815543E+000   7.5763195259E-001
  -8.5037675980E+000   6.3386649320E-001
  -8.3491536417E+000   5.4838010235E-001
  -8.1945396853E+000   4.9404810265E-001
  -8.0399257290E+000   4.6557624020E-001
  -7.8853117727E+000   4.6091244046E-001
  -7.7306978164E+000   4.8021736269E-001
  -7.5760838600E+000   5.2464573788E-001
  -7.4214699037E+000   5.9781236784E-001
  -7.2668559474E+000   7.0658631453E-001
  -7.1122419910E+000   8.5981651367E-001
  -6.9576280347E+000   1.0687029925E+000
  -6.8030140784E+000   1.3475105575E+000
  -6.6484001221E+000   1.7083700450E+000
  -6.4937861657E+000   2.1493805364E+000
  -6.3391722094E+000   2.6408669604E+000
  -6.1845582531E+000   3.1191189675E+000
  -6.0299442968E+000   3.5044066837E+000
  -5.8753303404E+000   3.7459920855E+000
  -5.7207163841E+000   3.8560080288E+000
  -5.5661024278E+000   3.8907526278E+000
  -5.4114884714E+000   3.9001991117E+000
  -5.2568745151E+000   3.9039965227E+000
  -5.1022605588E+000   3.9040402728E+000
  -4.9476466025E+000   3.8916013193E+000
  -4.7930326461E+000   3.8327171864E+000
  -4.6384186898E+000   3.6690507611E+000
  -4.4838047335E+000   3.3590259389E+000
  -4.3291907772E+000   2.9201800999E+000
  -4.1745768208E+000   2.4225544119E+000
  -4.0199628645E+000   1.9437169911E+000
  -3.8653489082E+000   1.5331733164E+000
  -3.7107349518E+000   1.2067043390E+000
  -3.5561209955E+000   9.5819468907E-001
  -3.4015070392E+000   7.7368171969E-001
  -3.2468930829E+000   6.4009823547E-001
  -3.0922791265E+000   5.4716198307E-001
  -2.9376651702E+000   4.8676660981E-001
  -2.7830512139E+000   4.5363357258E-001
  -2.6284372576E+000   4.4537051434E-001
  -2.4738233012E+000   4.6106830370E-001
  -2.3192093449E+000   5.0142412299E-001
  -2.1645953886E+000   5.7006948802E-001
  -2.0099814323E+000   6.7303355771E-001
  -1.8553674759E+000   8.1798196803E-001
  -1.7007535196E+000   1.0157355087E+000
  -1.5461395633E+000   1.2804140403E+000
  -1.3915256069E+000   1.6244196498E+000
  -1.2369116506E+000   2.0492818397E+000
  -1.0822976943E+000   2.5329215709E+000
  -9.2768373796E-001   3.0189235294E+000
  -7.7306978164E-001   3.4279876043E+000
  -6.1845582531E-001   3.7010632409E+000
  -4.6384186898E-001   3.8388885852E+000
  -3.0922791265E-001   3.8913950214E+000
  -1.5461395633E-001   3.9090903392E+000
   0.0000000000E+000   3.9139045153E+000
   1.5461395633E-001   3.9090903387E+000
   3.0922791265E-001   3.8913950205E+000
   4.6384186898E-001   3.8388885839E+000
   6.1845582531E-001   3.7010632395E+000
   7.7306978164E-001   3.4279876030E+000
   9.2768373796E-001   3.0189235282E+000
   1.0822976943E+000   2.5329215699E+000
   1.2369116506E+000   2.0492818389E+000
   1.3915256069E+000   1.6244196493E+000
   1.5461395633E+000   1.2804140401E+000
   1.7007535196E+000   1.0157355089E+000
   1.8553674759E+000   8.1798196857E-001
   2.0099814323E+000   6.7303355859E-001
   2.1645953886E+000   5.7006948922E-001
   2.3192093449E+000   5.0142412447E-001
   2.4738233012E+000   4.6106830544E-001
   2.6284372576E+000   4.4537051630E-001
   2.7830512139E+000   4.5363357473E-001
   2.9376651702E+000   4.8676661210E-001
   3.0922791265E+000   5.4716198548E-001
   3.2468930829E+000   6.4009823796E-001
   3.4015070392E+000   7.7368172220E-001
   3.5561209955E+000   9.5819469156E-001
   3.7107349518E+000   1.2067043414E+000
   3.8653489082E+000   1.5331733187E+000
   4.0199628645E+000   1.9437169932E+000
   4.1745768208E+000   2.4225544137E+000
   4.3291907772E+000   2.9201801013E+000
   4.4838047335E+000   3.3590259398E+000
   4.6384186898E+000   3.6690507613E+000
   4.7930326461E+000   3.8327171858E+000
   4.9476466025E+000   3.8916013178E+000
   5.1022605588E+000   3.9040402704E+000
   5.2568745151E+000   3.9039965199E+000
   5.4114884714E+000   3.9001991088E+000
   5.5661024278E+000   3.8907526254E+000
   5.7207163841E+000   3.8560080270E+000
   5.8753303404E+000   3.7459920842E+000
   6.0299442968E+000   3.5044066828E+000
   6.1845582531E+000   3.1191189667E+000
   6.3391722094E+000   2.6408669595E+000
   6.4937861657E+000   2.1493805352E+000
   6.6484001221E+000   1.7083700434E+000
   6.8030140784E+000   1.3475105555E+000
   6.9576280347E+000   1.0687029901E+000
   7.1122419910E+000   8.5981651105E-001
   7.2668559474E+000   7.0658631173E-001
   7.4214699037E+000   5.9781236494E-001
   7.5760838600E+000   5.2464573495E-001
   7.7306978164E+000   4.8021735979E-001
   7.8853117727E+000   4.6091243764E-001
   8.0399257290E+000   4.6557623751E-001
   8.1945396853E+000   4.9404810014E-001
   8.3491536417E+000   5.4838010004E-001
   8.5037675980E+000   6.3386649114E-001
   8.6583815543E+000   7.5763195082E-001
   8.8129955106E+000   9.2872821536E-001
   8.9676094670E+000   1.1600893109E+000
   9.1222234233E+000   1.4663433225E+000
   9.2768373796E+000   1.8557677221E+000
   9.4314513359E+000   2.3188721877E+000
   9.5860652923E+000   2.8154031593E+000
   9.7406792486E+000   3.2721671399E+000
   9.8952932049E+000   3.6119094929E+000
   1.0049907161E+001   3.8021831730E+000
   1.0204521118E+001   3.8741148304E+000
   1.0359135074E+001   3.8877936739E+000
   1.0513749030E+001   3.8867270618E+000
   1.0668362987E+001   3.8868425879E+000
   1.0822976943E+001   3.8875919228E+000
   1.0977590899E+001   3.8701893072E+000
   1.1132204856E+001   3.7873836763E+000
   1.1286818812E+001   3.5800850087E+000
   1.1441432768E+001   3.2239159779E+000
   1.1596046725E+001   2.7578657391E+000
   1.1750660681E+001   2.2608528508E+000
   1.1905274637E+001   1.8037227726E+000
   1.2059888594E+001   1.4230128618E+000
   1.2214502550E+001   1.1250900217E+000
   1.2369116506E+001   9.0051808584E-001
   1.2523730462E+001   7.3505851957E-001
   1.2678344419E+001   6.1599260275E-001
   1.2832958375E+001   5.3414180205E-001
   1.2987572331E+001   4.8289800626E-001
   1.3142186288E+001   4.5762845834E-001
   1.3296800244E+001   4.5619604229E-001
   1.3451414200E+001   4.7872959763E-001
   1.3606028157E+001   5.2701190168E-001
   1.3760642113E+001   6.0495197841E-001
   1.3915256069E+001   7.1920153616E-001
   1.4069870026E+001   8.7902343404E-001
   1.4224483982E+001   1.0963699938E+000
   1.4379097938E+001   1.3852137697E+000
   1.4533711895E+001   1.7564547081E+000
   1.4688325851E+001   2.2063510071E+000
   1.4842939807E+001   2.7018066721E+000
   1.4997553764E+001   3.1752461055E+000
   1.5152167720E+001   3.5469395208E+000
   1.5306781676E+001   3.7711515627E+000
   1.5461395633E+001   3.8651936018E+000
   1.5616009589E+001   3.8871397061E+000
   1.5770623545E+001   3.8875011029E+000
   1.5925237502E+001   3.8873057389E+000
   1.6079851458E+001   3.8882669372E+000
   1.6234465414E+001   3.8773558137E+000
   1.6389079371E+001   3.8144230039E+000
   1.6543693327E+001   3.6388618618E+000
   1.6698307283E+001   3.3140917629E+000
   1.6852921240E+001   2.8661045208E+000
   1.7007535196E+001   2.3693370612E+000
   1.7162149152E+001   1.8990126965E+000
   1.7316763109E+001   1.4997171513E+000
   1.7471377065E+001   1.1840974030E+000
   1.7625991021E+001   9.4479802128E-001
   1.7780604978E+001   7.6728057679E-001
   1.7935218934E+001   6.3870985465E-001
   1.8089832890E+001   5.4963996312E-001
   1.8244446847E+001   4.9227980658E-001
   1.8399060803E+001   4.6124723290E-001
   1.8553674759E+001   4.5459699968E-001
   1.8708288716E+001   4.7203710677E-001
   1.8862902672E+001   5.1426510825E-001
   1.9017516628E+001   5.8493493337E-001
   1.9172130585E+001   6.9069317628E-001
   1.9326744541E+001   8.3966176244E-001
   1.9481358497E+001   1.0427190130E+000
   1.9635972454E+001   1.3143816753E+000
   1.9790586410E+001   1.6672650963E+000
   1.9945200366E+001   2.1013186894E+000
   2.0099814323E+001   2.5910572426E+000
   2.0254428279E+001   3.0766381108E+000
   2.0409042235E+001   3.4771366126E+000
   2.0563656191E+001   3.7345724268E+000
   2.0718270148E+001   3.8529036766E+000
   2.0872884104E+001   3.8859457793E+000
   2.1027498060E+001   3.8884705821E+000
   2.1182112017E+001   3.8873738334E+000
   2.1336725973E+001   3.8884173868E+000
   2.1491339929E+001   3.8828706816E+000
   2.1645953886E+001   3.8364630956E+000
   2.1800567842E+001   3.6904239832E+000
   2.1955181798E+001   3.3991221508E+000
   2.2109795755E+001   2.9734078811E+000
   2.2264409711E+001   2.4799693914E+000
   2.2419023667E+001   1.9983335852E+000
   2.2573637624E+001   1.5814760271E+000
   2.2728251580E+001   1.2475524516E+000
   2.2882865536E+001   9.9214618567E-001
   2.3037479493E+001   8.0210433895E-001
   2.3192093449E+001   6.6383727587E-001
   2.3346707405E+001   5.6655181753E-001
   2.3501321362E+001   5.0242270338E-001
   2.3655935318E+001   4.6603880369E-001
