   0.000        -12.14939213        -12.14939213        -12.14939213         -7.09220791         -7.09220791         -7.09220791
   0.054        -12.08078766        -12.08078766        -12.08078766         -7.09050465         -7.09050465         -7.09050465
   0.108        -11.87831306        -11.87831306        -11.87831306         -7.10907698         -7.10907698         -7.10907698
   0.161        -11.55083084        -11.55083084        -11.55083084         -7.14724207         -7.14724207         -7.14724207
   0.215        -11.11281013        -11.11281013        -11.11281013         -7.20368099         -7.20368099         -7.20368099
   0.269        -10.58388519        -10.58388519        -10.58388519         -7.27652597         -7.27652597         -7.27652597
   0.323         -9.98669243         -9.98669243         -9.98669243         -7.36345768         -7.36345768         -7.36345768
   0.376         -9.34526730         -9.34526730         -9.34526730         -7.46180868         -7.46180868         -7.46180868
   0.430         -8.68268108         -8.68268108         -8.68268108         -7.56865835         -7.56865835         -7.56865835
   0.484         -8.01881504         -8.01881504         -8.01881504         -7.68091631         -7.68091631         -7.68091631
   0.538         -7.36983919         -7.36983919         -7.36983919         -7.79540586         -7.79540586         -7.79540586
   0.591         -6.74806166         -6.74806166         -6.74806166         -7.90896749         -7.90896749         -7.90896749
   0.645         -6.16315413         -6.16315413         -6.16315413         -8.01854801         -8.01854801         -8.01854801
   0.699         -5.62347031         -5.62347031         -5.62347031         -8.12131596         -8.12131596         -8.12131596
   0.753         -5.13723373         -5.13723373         -5.13723373         -8.21474552         -8.21474552         -8.21474552
   0.807         -4.71316671         -4.71316671         -4.71316671         -8.29667950         -8.29667950         -8.29667950
   0.860         -4.36047316         -4.36047316         -4.36047316         -8.36536789         -8.36536789         -8.36536789
   0.914         -4.08803749         -4.08803749         -4.08803749         -8.41945171         -8.41945171         -8.41945171
   0.968         -3.90371585         -3.90371585         -3.90371585         -8.45793629         -8.45793629         -8.45793629
   1.022         -3.81333852         -3.81333852         -3.81333852         -8.48015594         -8.48015594         -8.48015594
   1.075         -3.81988597         -3.81988597         -3.81988597         -8.48573303         -8.48573303         -8.48573303
   1.129         -3.92313933         -3.92313933         -3.92313933         -8.47455597         -8.47455597         -8.47455597
   1.183         -4.11965322         -4.11965322         -4.11965322         -8.44677448         -8.44677448         -8.44677448
   1.237         -4.40334988         -4.40334988         -4.40334988         -8.40280056         -8.40280056         -8.40280056
   1.290         -4.76613903         -4.76613903         -4.76613903         -8.34334373         -8.34334373         -8.34334373
   1.344         -5.19900942         -5.19900942         -5.19900942         -8.26944447         -8.26944447         -8.26944447
   1.398         -5.69285154         -5.69285154         -5.69285154         -8.18251419         -8.18251419         -8.18251419
   1.452         -6.23896837         -6.23896837         -6.23896837         -8.08435917         -8.08435917         -8.08435917
   1.506         -6.82924080         -6.82924080         -6.82924080         -7.97719002         -7.97719002         -7.97719002
   1.559         -7.45517015         -7.45517015         -7.45517015         -7.86357594         -7.86357594         -7.86357594
   1.613         -8.10678959         -8.10678959         -8.10678959         -7.74638891         -7.74638891         -7.74638891
   1.667         -8.77129841         -8.77129841         -8.77129841         -7.62869978         -7.62869978         -7.62869978
   1.721         -9.43207836         -9.43207836         -9.43207836         -7.51367807         -7.51367807         -7.51367807
   1.774        -10.06861591        -10.06861591        -10.06861591         -7.40605450         -7.40605450         -7.40605450
   1.828        -10.65775299        -10.65775299        -10.65775299         -7.30733919         -7.30733919         -7.30733919
   1.882        -11.17542171        -11.17542171        -11.17542171         -7.22042418         -7.22042418         -7.22042418
   1.936        -11.59910870        -11.59910870        -11.59910870         -7.14793396         -7.14793396         -7.14793396
   1.989        -11.91019058        -11.91019058        -11.91019058         -7.09213400         -7.09213400         -7.09213400
   2.043        -12.09458637        -12.09458637        -12.09458637         -7.05482149         -7.05482149         -7.05482149
   2.097        -12.14437866        -12.14437866        -12.14437866         -7.03723383         -7.03723383         -7.03723383
   2.151        -12.05734444        -12.05734444        -12.05734444         -7.03996277         -7.03996277         -7.03996277
   2.205        -11.83712482        -11.83712482        -11.83712482         -7.06291294         -7.06291294         -7.06291294
   2.258        -11.49377823        -11.49377823        -11.49377823         -7.10531235         -7.10531235         -7.10531235
   2.312        -11.04221821        -11.04221821        -11.04221821         -7.16576290         -7.16576290         -7.16576290
   2.366        -10.50263786        -10.50263786        -10.50263786         -7.24232531         -7.24232531         -7.24232531
   2.420         -9.89811516         -9.89811516         -9.89811516         -7.33262777         -7.33262777         -7.33262777
   2.473         -9.25256634         -9.25256634         -9.25256634         -7.43396521         -7.43396521         -7.43396521
   2.527         -8.58881187         -8.58881187         -8.58881187         -7.54338741         -7.54338741         -7.54338741
   2.581         -7.92624092         -7.92624092         -7.92624092         -7.65778732         -7.65778732         -7.65778732
   2.635         -7.28041029         -7.28041029         -7.28041029         -7.77398682         -7.77398682         -7.77398682
   2.688         -6.66320658         -6.66320658         -6.66320658         -7.88883209         -7.88883209         -7.88883209
   2.742         -6.08407021         -6.08407021         -6.08407021         -7.99929667         -7.99929667         -7.99929667
   2.796         -5.55127144         -5.55127144         -5.55127144         -8.10258198         -8.10258198         -8.10258198
   2.850         -5.07309008         -5.07309008         -5.07309008         -8.19621181         -8.19621181         -8.19621181
   2.904         -4.65831518         -4.65831518         -4.65831518         -8.27808475         -8.27808475         -8.27808475
   2.957         -4.31610680         -4.31610680         -4.31610680         -8.34650421         -8.34650421         -8.34650421
   3.011         -4.05535698         -4.05535698         -4.05535698         -8.40016174         -8.40016174         -8.40016174
   3.065         -3.88365126         -3.88365126         -3.88365126         -8.43811321         -8.43811321         -8.43811321
   3.119         -3.80647302         -3.80647302         -3.80647302         -8.45973015         -8.45973015         -8.45973015
   3.172         -3.82637167         -3.82637167         -3.82637167         -8.46467495         -8.46467495         -8.46467495
   3.226         -3.94270015         -3.94270015         -3.94270015         -8.45287228         -8.45287228         -8.45287228
   3.280         -4.15159941         -4.15159941         -4.15159941         -8.42450142         -8.42450142         -8.42450142
   3.334         -4.44670630         -4.44670630         -4.44670630         -8.38001823         -8.38001823         -8.38001823
   3.388         -4.81967831         -4.81967831         -4.81967831         -8.32017231         -8.32017231         -8.32017231
   3.441         -5.26147938         -5.26147938         -5.26147938         -8.24605465         -8.24605465         -8.24605465
   3.495         -5.76303482         -5.76303482         -5.76303482         -8.15913010         -8.15913010         -8.15913010
   3.549         -6.31573963         -6.31573963         -6.31573963         -8.06125832         -8.06125832         -8.06125832
   3.603         -6.91146278         -6.91146278         -6.91146278         -7.95470285         -7.95470285         -7.95470285
   3.656         -7.54163313         -7.54163313         -7.54163313         -7.84207916         -7.84207916         -7.84207916
   3.710         -8.19590187         -8.19590187         -8.19590187         -7.72629118         -7.72629118         -7.72629118
   3.764         -8.86109257         -8.86109257         -8.86109257         -7.61042738         -7.61042738         -7.61042738
   3.818         -9.51993084         -9.51993084         -9.51993084         -7.49766731         -7.49766731         -7.49766731
   3.871        -10.15150261        -10.15150261        -10.15150261         -7.39116859         -7.39116859         -7.39116859
   3.925        -10.73237991        -10.73237991        -10.73237991         -7.29398441         -7.29398441         -7.29398441
   3.979        -11.23864365        -11.23864365        -11.23864365         -7.20897818         -7.20897818         -7.20897818
   4.033        -11.64805412        -11.64805412        -11.64805412         -7.13872766         -7.13872766         -7.13872766
   4.087        -11.94249439        -11.94249439        -11.94249439         -7.08544159         -7.08544159         -7.08544159
   4.140        -12.10903454        -12.10903454        -12.10903454         -7.05084705         -7.05084705         -7.05084705
   4.194        -12.14026737        -12.14026737        -12.14026737         -7.03609562         -7.03609562         -7.03609562
   4.248        -12.03476143        -12.03476143        -12.03476143         -7.04168844         -7.04168844         -7.04168844
   4.302        -11.79724216        -11.79724216        -11.79724216         -7.06743526         -7.06743526         -7.06743526
   4.355        -11.43814754        -11.43814754        -11.43814754         -7.11247396         -7.11247396         -7.11247396
   4.409        -10.97343349        -10.97343349        -10.97343349         -7.17532492         -7.17532492         -7.17532492
   4.463        -10.42364025        -10.42364025        -10.42364025         -7.25398731         -7.25398731         -7.25398731
   4.517         -9.81219101         -9.81219101         -9.81219101         -7.34603786         -7.34603786         -7.34603786
   4.570         -9.16302967         -9.16302967         -9.16302967         -7.44873095         -7.44873095         -7.44873095
   4.624         -8.49846745         -8.49846745         -8.49846745         -7.55908680         -7.55908680         -7.55908680
   4.678         -7.83744144         -7.83744144         -7.83744144         -7.67398643         -7.67398643         -7.67398643
   4.732         -7.19497967         -7.19497967         -7.19497967         -7.79024935         -7.79024935         -7.79024935
   4.786         -6.58252525         -6.58252525         -6.58252525         -7.90472794         -7.90472794         -7.90472794
   4.839         -6.00933743         -6.00933743         -6.00933743         -8.01442242         -8.01442242         -8.01442242
   4.893         -5.48355246         -5.48355246         -5.48355246         -8.11657238         -8.11657238         -8.11657238
   4.947         -5.01355457         -5.01355457         -5.01355457         -8.20874882         -8.20874882         -8.20874882
   5.001         -4.60824013         -4.60824013         -4.60824013         -8.28890133         -8.28890133         -8.28890133
   5.054         -4.27673817         -4.27673817         -4.27673817         -8.35538673         -8.35538673         -8.35538673
   5.108         -4.02780104         -4.02780104         -4.02780104         -8.40694904         -8.40694904         -8.40694904
   5.162         -3.86881495         -3.86881495         -3.86881495         -8.44268417         -8.44268417         -8.44268417
   5.216         -3.80488658         -3.80488658         -3.80488658         -8.46200657         -8.46200657         -8.46200657
   5.269         -3.83814120         -3.83814120         -3.83814120         -8.46461201         -8.46461201         -8.46461201
   5.323         -3.96745467         -3.96745467         -3.96745467         -8.45045662         -8.45045662         -8.45045662
   5.377         -4.18864775         -4.18864775         -4.18864775         -8.41975880         -8.41975880         -8.41975880
   5.431         -4.49494648         -4.49494648         -4.49494648         -8.37300682         -8.37300682         -8.37300682
   5.485         -4.87792015         -4.87792015         -4.87792015         -8.31099415         -8.31099415         -8.31099415
   5.538         -5.32846212         -5.32846212         -5.32846212         -8.23485661         -8.23485661         -8.23485661
   5.592         -5.83756971         -5.83756971         -5.83756971         -8.14610958         -8.14610958         -8.14610958
   5.646         -6.39673758         -6.39673758         -6.39673758         -8.04667282         -8.04667282         -8.04667282
   5.700         -6.99772882         -6.99772882         -6.99772882         -7.93885517         -7.93885517         -7.93885517
   5.753         -7.63187647         -7.63187647         -7.63187647         -7.82531357         -7.82531357         -7.82531357
   5.807         -8.28858662         -8.28858662         -8.28858662         -7.70898485         -7.70898485         -7.70898485
   5.861         -8.95402813         -8.95402813         -8.95402813         -7.59297657         -7.59297657         -7.59297657
   5.915         -9.61051750         -9.61051750         -9.61051750         -7.48046589         -7.48046589         -7.48046589
   5.968        -10.23659611        -10.23659611        -10.23659611         -7.37460232         -7.37460232         -7.37460232
   6.022        -10.80872631        -10.80872631        -10.80872631         -7.27841759         -7.27841759         -7.27841759
   6.076        -11.30289841        -11.30289841        -11.30289841         -7.19473886         -7.19473886         -7.19473886
   6.130        -11.69761562        -11.69761562        -11.69761562         -7.12610531         -7.12610531         -7.12610531
   6.184        -11.97530746        -11.97530746        -11.97530746         -7.07466507         -7.07466507         -7.07466507
   6.237        -12.12359142        -12.12359142        -12.12359142         -7.04207611         -7.04207611         -7.04207611
   6.291        -12.13590622        -12.13590622        -12.13590622         -7.02940798         -7.02940798         -7.02940798
   6.345        -12.01189518        -12.01189518        -12.01189518         -7.03707218         -7.03707218         -7.03707218
   6.399        -11.75689793        -11.75689793        -11.75689793         -7.06479216         -7.06479216         -7.06479216
   6.452        -11.38198376        -11.38198376        -11.38198376         -7.11162233         -7.11162233         -7.11162233
   6.506        -10.90411568        -10.90411568        -10.90411568         -7.17601013         -7.17601013         -7.17601013
   6.560        -10.34408569        -10.34408569        -10.34408569         -7.25589752         -7.25589752         -7.25589752
   6.614         -9.72562981         -9.72562981         -9.72562981         -7.34881067         -7.34881067         -7.34881067
   6.667         -9.07250023         -9.07250023         -9.07250023         -7.45196962         -7.45196962         -7.45196962
   6.721         -8.40670300         -8.40670300         -8.40670300         -7.56237602         -7.56237602         -7.56237602
   6.775         -7.74662924         -7.74662924         -7.74662924         -7.67689228         -7.67689228         -7.67689228
   6.829         -7.10672855         -7.10672855         -7.10672855         -7.79233646         -7.79233646         -7.79233646
   6.883         -6.49812651         -6.49812651         -6.49812651         -7.90557718         -7.90557718         -7.90557718
   6.936         -5.92974949         -5.92974949         -5.92974949         -8.01363754         -8.01363754         -8.01363754
   6.990         -5.40986443         -5.40986443         -5.40986443         -8.11380005         -8.11380005         -8.11380005
   7.044         -4.94676161         -4.94676161         -4.94676161         -8.20367908         -8.20367908         -8.20367908
   7.098         -4.54947042         -4.54947042         -4.54947042         -8.28127766         -8.28127766         -8.28127766
   7.151         -4.22711134         -4.22711134         -4.22711134         -8.34499741         -8.34499741         -8.34499741
   7.205         -3.98829937         -3.98829937         -3.98829937         -8.39362621         -8.39362621         -8.39362621
   7.259         -3.84020710         -3.84020710         -3.84020710         -8.42629719         -8.42629719         -8.42629719
   7.313         -3.78752947         -3.78752947         -3.78752947         -8.44245625         -8.44245625         -8.44245625
   7.366         -3.83197308         -3.83197308         -3.83197308         -8.44182014         -8.44182014         -8.44182014
   7.420         -3.97198629         -3.97198629         -3.97198629         -8.42436981         -8.42436981         -8.42436981
   7.474         -4.20299721         -4.20299721         -4.20299721         -8.39034557         -8.39034557         -8.39034557
   7.528         -4.51796293         -4.51796293         -4.51796293         -8.34026527         -8.34026527         -8.34026527
   7.582         -4.90832138         -4.90832138         -4.90832138         -8.27495384         -8.27495384         -8.27495384
   7.635         -5.36497021         -5.36497021         -5.36497021         -8.19559002         -8.19559002         -8.19559002
   7.689         -5.87895107         -5.87895107         -5.87895107         -8.10373497         -8.10373497         -8.10373497
   7.743         -6.44181395         -6.44181395         -6.44181395         -8.00135231         -8.00135231         -8.00135231
   7.797         -7.04558563         -7.04558563         -7.04558563         -7.89079905         -7.89079905         -7.89079905
   7.850         -7.68123674         -7.68123674         -7.68123674         -7.77477837         -7.77477837         -7.77477837
   7.904         -8.33794403         -8.33794403         -8.33794403         -7.65625238         -7.65625238         -7.65625238
   7.958         -9.00144291         -9.00144291         -9.00144291         -7.53834772         -7.53834772         -7.53834772
   8.012         -9.65356731         -9.65356731         -9.65356731         -7.42424917         -7.42424917         -7.42424917
   8.065        -10.27253056        -10.27253056        -10.27253056         -7.31710434         -7.31710434         -7.31710434
   8.119        -10.83455563        -10.83455563        -10.83455563         -7.21993113         -7.21993113         -7.21993113
   8.173        -11.31583977        -11.31583977        -11.31583977         -7.13553381         -7.13553381         -7.13553381
   8.227        -11.69529819        -11.69529819        -11.69529819         -7.06641817         -7.06641817         -7.06641817
   8.281        -11.95576477        -11.95576477        -11.95576477         -7.01468372         -7.01468372         -7.01468372
   8.334        -12.08576298        -12.08576298        -12.08576298         -6.98193026         -6.98193026         -6.98193026
   8.388        -12.07954884        -12.07954884        -12.07954884         -6.96915340         -6.96915340         -6.96915340
   8.442        -11.93726826        -11.93726826        -11.93726826         -6.97668171         -6.97668171         -6.97668171
   8.496        -11.66516113        -11.66516113        -11.66516113         -7.00414801         -7.00414801         -7.00414801
   8.549        -11.27524757        -11.27524757        -11.27524757         -7.05051804         -7.05051804         -7.05051804
   8.603        -10.78474522        -10.78474522        -10.78474522         -7.11415768         -7.11415768         -7.11415768
   8.657        -10.21524715        -10.21524715        -10.21524715         -7.19292307         -7.19292307         -7.19292307
   8.711         -9.59036922         -9.59036922         -9.59036922         -7.28426981         -7.28426981         -7.28426981
   8.765         -8.93375587         -8.93375587         -8.93375587         -7.38534689         -7.38534689         -7.38534689
   8.818         -8.26670933         -8.26670933         -8.26670933         -7.49309397         -7.49309397         -7.49309397
   8.872         -7.60717678         -7.60717678         -7.60717678         -7.60432386         -7.60432386         -7.60432386
   8.926         -6.96895218         -6.96895218         -6.96895218         -7.71581697         -7.71581697         -7.71581697
   8.980         -6.36260414         -6.36260414         -6.36260414         -7.82442284         -7.82442284         -7.82442284
   9.033         -5.79686880         -5.79686880         -5.79686880         -7.92716217         -7.92716217         -7.92716217
   9.087         -5.27990580         -5.27990580         -5.27990580         -8.02132702         -8.02132702         -8.02132702
   9.141         -4.82018948         -4.82018948         -4.82018948         -8.10455608         -8.10455608         -8.10455608
   9.195         -4.42672205         -4.42672205         -4.42672205         -8.17487621         -8.17487621         -8.17487621
   9.248         -4.10870600         -4.10870600         -4.10870600         -8.23070621         -8.23070621         -8.23070621
   9.302         -3.87473011         -3.87473011         -3.87473011         -8.27083111         -8.27083111         -8.27083111
   9.356         -3.73168325         -3.73168325         -3.73168325         -8.29436493         -8.29436493         -8.29436493
   9.410         -3.68411160         -3.68411160         -3.68411160         -8.30070210         -8.30070210         -8.30070210
   9.464         -3.73333812         -3.73333812         -3.73333812         -8.28948975         -8.28948975         -8.28948975
   9.517         -3.87754178         -3.87754178         -3.87754178         -8.26059914         -8.26059914         -8.26059914
   9.571         -4.11196041         -4.11196041         -4.11196041         -8.21412563         -8.21412563         -8.21412563
   9.625         -4.42938566         -4.42938566         -4.42938566         -8.15040302         -8.15040302         -8.15040302
   9.679         -4.82128906         -4.82128906         -4.82128906         -8.07003307         -8.07003307         -8.07003307
   9.732         -5.27866459         -5.27866459         -5.27866459         -7.97391796         -7.97391796         -7.97391796
   9.786         -5.79280996         -5.79280996         -5.79280996         -7.86330128         -7.86330128         -7.86330128
   9.840         -6.35546017         -6.35546017         -6.35546017         -7.73978901         -7.73978901         -7.73978901
   9.894         -6.95858622         -6.95858622         -6.95858622         -7.60534430         -7.60534430         -7.60534430
   9.947         -7.59312010         -7.59312010         -7.59312010         -7.46225357         -7.46225357         -7.46225357
  10.001         -8.24790001         -8.24790001         -8.24790001         -7.31306028         -7.31306028         -7.31306028
  10.055         -8.90785694         -8.90785694         -8.90785694         -7.16048527         -7.16048527         -7.16048527
  10.109         -9.55431652         -9.55431652         -9.55431652         -7.00733042         -7.00733042         -7.00733042
  10.163        -10.16455936        -10.16455936        -10.16455936         -6.85639143         -6.85639143         -6.85639143
  10.216        -10.71433926        -10.71433926        -10.71433926         -6.71036339         -6.71036339         -6.71036339
  10.270        -11.17965603        -11.17965603        -11.17965603         -6.57174397         -6.57174397         -6.57174397
  10.324        -11.53913116        -11.53913116        -11.53913116         -6.44272947         -6.44272947         -6.44272947
  10.378        -11.77592373        -11.77592373        -11.77592373         -6.32511616         -6.32511616         -6.32511616
  10.431        -11.87879944        -11.87879944        -11.87879944         -6.22020388         -6.22020388         -6.22020388
  10.485        -11.84259605        -11.84259605        -11.84259605         -6.12874889         -6.12874889         -6.12874889
  10.539        -11.66816521        -11.66816521        -11.66816521         -6.05095005         -6.05095005         -6.05095005
  10.593        -11.36273193        -11.36273193        -11.36273193         -5.98649263         -5.98649263         -5.98649263
  10.646        -10.93906021        -10.93906021        -10.93906021         -5.93462372         -5.93462372         -5.93462372
  10.700        -10.41553879        -10.41553879        -10.41553879         -5.89424658         -5.89424658         -5.89424658
  10.754         -9.81411839         -9.81411839         -9.81411839         -5.86401320         -5.86401320         -5.86401320
  10.808         -9.15865517         -9.15865517         -9.15865517         -5.84239149         -5.84239149         -5.84239149
  10.862         -8.47249794         -8.47249794         -8.47249794         -5.82771873         -5.82771873         -5.82771873
  10.915         -7.77608013         -7.77608013         -7.77608013         -5.81823683         -5.81823683         -5.81823683
  10.969         -7.08592463         -7.08592463         -7.08592463         -5.81212187         -5.81212187         -5.81212187
  11.023         -6.41446161         -6.41446161         -6.41446161         -5.80752373         -5.80752373         -5.80752373
  11.077         -5.77058411         -5.77058411         -5.77058411         -5.80259609         -5.80259609         -5.80259609
  11.130         -5.16132879         -5.16132879         -5.16132879         -5.79554129         -5.79554129         -5.79554129
  11.184         -4.59282207         -4.59282207         -4.59282207         -5.78464127         -5.78464127         -5.78464127
  11.238         -4.07125854         -4.07125854         -4.07125854         -5.76829004         -5.76829004         -5.76829004
  11.292         -3.60303903         -3.60303903         -3.60303903         -5.74501848         -5.74501848         -5.74501848
  11.345         -3.19423723         -3.19423723         -3.19423723         -5.71350813         -5.71350813         -5.71350813
  11.399         -2.85007548         -2.85007548         -2.85007548         -5.67261076         -5.67261076         -5.67261076
  11.453         -2.57409382         -2.57409382         -2.57409382         -5.62134790         -5.62134790         -5.62134790
  11.507         -2.36772871         -2.36772871         -2.36772871         -5.55891848         -5.55891848         -5.55891848
  11.561         -2.23007941         -2.23007941         -2.23007941         -5.48469114         -5.48469114         -5.48469114
  11.614         -2.15805268         -2.15805268         -2.15805268         -5.39820004         -5.39820004         -5.39820004
  11.668         -2.14693713         -2.14693713         -2.14693713         -5.29913998         -5.29913998         -5.29913998
  11.722         -2.19094086         -2.19094086         -2.19094086         -5.18737793         -5.18737793         -5.18737793
  11.776         -2.28384328         -2.28384328         -2.28384328         -5.06297541         -5.06297541         -5.06297541
  11.829         -2.41943574         -2.41943574         -2.41943574         -4.92623901         -4.92623901         -4.92623901
  11.883         -2.59147453         -2.59147453         -2.59147453         -4.77776289         -4.77776289         -4.77776289
  11.937         -2.79350662         -2.79350662         -2.79350662         -4.61847925         -4.61847925         -4.61847925
  11.991         -3.01835418         -3.01835418         -3.01835418         -4.44967318         -4.44967318         -4.44967318
  12.044         -3.25748491         -3.25748491         -3.25748491         -4.27297354         -4.27297354         -4.27297354
  12.098         -3.50088072         -3.50088072         -3.50088072         -4.09030724         -4.09030724         -4.09030724
  12.152         -3.73721647         -3.73721647         -3.73721647         -3.90382743         -3.90382743         -3.90382743
  12.206         -3.95459485         -3.95459485         -3.95459485         -3.71583033         -3.71583033         -3.71583033
  12.260         -4.14144516         -4.14144516         -4.14144516         -3.52865219         -3.52865219         -3.52865219
  12.313         -4.28756618         -4.28756618         -4.28756618         -3.34457469         -3.34457469         -3.34457469
  12.367         -4.38485003         -4.38485003         -4.38485003         -3.16572213         -3.16572213         -3.16572213
  12.421         -4.42767525         -4.42767525         -4.42767525         -2.99396873         -2.99396873         -2.99396873
  12.475         -4.41308737         -4.41308737         -4.41308737         -2.83085108         -2.83085108         -2.83085108
  12.528         -4.34084558         -4.34084558         -4.34084558         -2.67751193         -2.67751193         -2.67751193
  12.582         -4.21328402         -4.21328402         -4.21328402         -2.53467560         -2.53467560         -2.53467560
  12.636         -4.03540659         -4.03540659         -4.03540659         -2.40266538         -2.40266538         -2.40266538
  12.690         -3.81443143         -3.81443143         -3.81443143         -2.28145623         -2.28145623         -2.28145623
  12.743         -3.55939007         -3.55939007         -3.55939007         -2.17074823         -2.17074823         -2.17074823
  12.797         -3.28017807         -3.28017807         -3.28017807         -2.07004094         -2.07004094         -2.07004094
  12.851         -2.98647618         -2.98647618         -2.98647618         -1.97869968         -1.97869968         -1.97869968
  12.905         -2.68685293         -2.68685293         -2.68685293         -1.89599228         -1.89599228         -1.89599228
  12.959         -2.38814712         -2.38814712         -2.38814712         -1.82111645         -1.82111645         -1.82111645
  13.012         -2.09533453         -2.09533453         -2.09533453         -1.75320292         -1.75320292         -1.75320292
  13.066         -1.81191492         -1.81191492         -1.81191492         -1.69131792         -1.69131792         -1.69131792
  13.120         -1.54045284         -1.54045284         -1.54045284         -1.63446701         -1.63446701         -1.63446701
  13.174         -1.28316224         -1.28316224         -1.28316224         -1.58160639         -1.58160639         -1.58160639
  13.227         -1.04225910         -1.04225910         -1.04225910         -1.53166223         -1.53166223         -1.53166223
  13.281         -0.82003510         -0.82003510         -0.82003510         -1.48355627         -1.48355627         -1.48355627
  13.335         -0.61874241         -0.61874241         -0.61874241         -1.43623853         -1.43623853         -1.43623853
  13.389         -0.44032121         -0.44032121         -0.44032121         -1.38871646         -1.38871646         -1.38871646
  13.442         -0.28612486         -0.28612486         -0.28612486         -1.34008062         -1.34008062         -1.34008062
  13.496         -0.15672651         -0.15672651         -0.15672651         -1.28952157         -1.28952157         -1.28952157
  13.550         -0.05184090         -0.05184090         -0.05184090         -1.23633695         -1.23633695         -1.23633695
  13.604          0.02958813          0.02958813          0.02958813         -1.17993319         -1.17993319         -1.17993319
  13.658          0.08923177          0.08923177          0.08923177         -1.11982632         -1.11982632         -1.11982632
  13.711          0.12913324          0.12913324          0.12913324         -1.05564165         -1.05564165         -1.05564165
  13.765          0.15153348          0.15153348          0.15153348         -0.98712605         -0.98712605         -0.98712605
  13.819          0.15871292          0.15871292          0.15871292         -0.91416508         -0.91416508         -0.91416508
  13.873          0.15299654          0.15299654          0.15299654         -0.83680385         -0.83680385         -0.83680385
  13.926          0.13681562          0.13681562          0.13681562         -0.75526685         -0.75526685         -0.75526685
  13.980          0.11279046          0.11279046          0.11279046         -0.66996443         -0.66996443         -0.66996443
  14.034          0.08384346          0.08384346          0.08384346         -0.58148694         -0.58148694         -0.58148694
  14.088          0.05314203          0.05314203          0.05314203         -0.49058440         -0.49058440         -0.49058440
  14.141          0.02398323          0.02398323          0.02398323         -0.39813384         -0.39813384         -0.39813384
  14.195         -0.00041215         -0.00041215         -0.00041215         -0.30509982         -0.30509982         -0.30509982
  14.249         -0.01714890         -0.01714890         -0.01714890         -0.21249315         -0.21249315         -0.21249315
  14.303         -0.02383149         -0.02383149         -0.02383149         -0.12132750         -0.12132750         -0.12132750
  14.357         -0.01869185         -0.01869185         -0.01869185         -0.03257725         -0.03257725         -0.03257725
  14.410         -0.00061861         -0.00061861         -0.00061861          0.05286598          0.05286598          0.05286598
  14.464          0.03079029          0.03079029          0.03079029          0.13423072          0.13423072          0.13423072
  14.518          0.07527981          0.07527981          0.07527981          0.21089594          0.21089594          0.21089594
  14.572          0.13193040          0.13193040          0.13193040          0.28240576          0.28240576          0.28240576
  14.625          0.19923301          0.19923301          0.19923301          0.34846660          0.34846660          0.34846660
  14.679          0.27520385          0.27520385          0.27520385          0.40892971          0.40892971          0.40892971
  14.733          0.35761011          0.35761011          0.35761011          0.46376178          0.46376178          0.46376178
  14.787          0.44421473          0.44421473          0.44421473          0.51301539          0.51301539          0.51301539
  14.841          0.53299356          0.53299356          0.53299356          0.55680555          0.55680555          0.55680555
  14.894          0.62234300          0.62234300          0.62234300          0.59529728          0.59529728          0.59529728
  14.948          0.71104687          0.71104687          0.71104687          0.62870479          0.62870479          0.62870479
  15.002          0.79826617          0.79826617          0.79826617          0.65729743          0.65729743          0.65729743
  15.056          0.88335907          0.88335907          0.88335907          0.68140870          0.68140870          0.68140870
  15.109          0.96574873          0.96574873          0.96574873          0.70144063          0.70144063          0.70144063
  15.163          1.04484820          1.04484820          1.04484820          0.71786273          0.71786273          0.71786273
  15.217          1.11997306          1.11997306          1.11997306          0.73120123          0.73120123          0.73120123
  15.271          1.19038939          1.19038939          1.19038939          0.74202228          0.74202228          0.74202228
  15.324          1.25537932          1.25537932          1.25537932          0.75091106          0.75091106          0.75091106
  15.378          1.31430566          1.31430566          1.31430566          0.75845063          0.75845063          0.75845063
  15.432          1.36665356          1.36665356          1.36665356          0.76520228          0.76520228          0.76520228
  15.486          1.41202569          1.41202569          1.41202569          0.77168959          0.77168959          0.77168959
  15.540          1.45023358          1.45023358          1.45023358          0.77838522          0.77838522          0.77838522
  15.593          1.48115218          1.48115218          1.48115218          0.78570145          0.78570145          0.78570145
  15.647          1.50477517          1.50477517          1.50477517          0.79398280          0.79398280          0.79398280
  15.701          1.52111459          1.52111459          1.52111459          0.80349982          0.80349982          0.80349982
  15.755          1.53019691          1.53019691          1.53019691          0.81444657          0.81444657          0.81444657
  15.808          1.53198719          1.53198719          1.53198719          0.82693893          0.82693893          0.82693893
  15.862          1.52650487          1.52650487          1.52650487          0.84101796          0.84101796          0.84101796
  15.916          1.51374114          1.51374114          1.51374114          0.85665393          0.85665393          0.85665393
  15.970          1.49375653          1.49375653          1.49375653          0.87375486          0.87375486          0.87375486
  16.023          1.46673226          1.46673226          1.46673226          0.89217496          0.89217496          0.89217496
  16.077          1.43296373          1.43296373          1.43296373          0.91172463          0.91172463          0.91172463
  16.131          1.39291286          1.39291286          1.39291286          0.93217957          0.93217957          0.93217957
  16.185          1.34718192          1.34718192          1.34718192          0.95329010          0.95329010          0.95329010
  16.239          1.29644728          1.29644728          1.29644728          0.97479022          0.97479022          0.97479022
  16.292          1.24141955          1.24141955          1.24141955          0.99640888          0.99640888          0.99640888
  16.346          1.18278289          1.18278289          1.18278289          1.01787972          1.01787972          1.01787972
  16.400          1.12110710          1.12110710          1.12110710          1.03895271          1.03895271          1.03895271
  16.454          1.05689657          1.05689657          1.05689657          1.05940402          1.05940402          1.05940402
  16.507          0.99065846          0.99065846          0.99065846          1.07904291          1.07904291          1.07904291
  16.561          0.92301929          0.92301929          0.92301929          1.09771538          1.09771538          1.09771538
  16.615          0.85491407          0.85491407          0.85491407          1.11530387          1.11530387          1.11530387
  16.669          0.78766888          0.78766888          0.78766888          1.13172340          1.13172340          1.13172340
  16.722          0.72308213          0.72308213          0.72308213          1.14691746          1.14691746          1.14691746
  16.776          0.66329855          0.66329855          0.66329855          1.16085315          1.16085315          1.16085315
  16.830          0.61069846          0.61069846          0.61069846          1.17351866          1.17351866          1.17351866
  16.884          0.56753820          0.56753820          0.56753820          1.18492234          1.18492234          1.18492234
  16.938          0.53581643          0.53581643          0.53581643          1.19509149          1.19509149          1.19509149
  16.991          0.51704103          0.51704103          0.51704103          1.20407319          1.20407319          1.20407319
  17.045          0.51211929          0.51211929          0.51211929          1.21193326          1.21193326          1.21193326
  17.099          0.52133840          0.52133840          0.52133840          1.21875453          1.21875453          1.21875453
  17.153          0.54432160          0.54432160          0.54432160          1.22463393          1.22463393          1.22463393
  17.206          0.58005381          0.58005381          0.58005381          1.22967851          1.22967851          1.22967851
  17.260          0.62695462          0.62695462          0.62695462          1.23400283          1.23400283          1.23400283
  17.314          0.68299967          0.68299967          0.68299967          1.23772430          1.23772430          1.23772430
  17.368          0.74590790          0.74590790          0.74590790          1.24096072          1.24096072          1.24096072
  17.421          0.81337661          0.81337661          0.81337661          1.24382889          1.24382889          1.24382889
  17.475          0.88335848          0.88335848          0.88335848          1.24644387          1.24644387          1.24644387
  17.529          0.95419538          0.95419538          0.95419538          1.24891829          1.24891829          1.24891829
  17.583          1.02468812          1.02468812          1.02468812          1.25136518          1.25136518          1.25136518
  17.637          1.09404743          1.09404743          1.09404743          1.25389576          1.25389576          1.25389576
  17.690          1.16173470          1.16173470          1.16173470          1.25662112          1.25662112          1.25662112
  17.744          1.22735131          1.22735131          1.22735131          1.25965083          1.25965083          1.25965083
  17.798          1.29042292          1.29042292          1.29042292          1.26309216          1.26309216          1.26309216
  17.852          1.35044718          1.35044718          1.35044718          1.26704836          1.26704836          1.26704836
  17.905          1.40679920          1.40679920          1.40679920          1.27161574          1.27161574          1.27161574
  17.959          1.45887482          1.45887482          1.45887482          1.27688301          1.27688301          1.27688301
  18.013          1.50606978          1.50606978          1.50606978          1.28292859          1.28292859          1.28292859
  18.067          1.54790723          1.54790723          1.54790723          1.28982246          1.28982246          1.28982246
  18.120          1.58408618          1.58408618          1.58408618          1.29762483          1.29762483          1.29762483
  18.174          1.61450076          1.61450076          1.61450076          1.30638826          1.30638826          1.30638826
  18.228          1.63925540          1.63925540          1.63925540          1.31615710          1.31615710          1.31615710
  18.282          1.65866268          1.65866268          1.65866268          1.32696748          1.32696748          1.32696748
  18.336          1.67319667          1.67319667          1.67319667          1.33884287          1.33884287          1.33884287
  18.389          1.68346524          1.68346524          1.68346524          1.35178840          1.35178840          1.35178840
  18.443          1.69014764          1.69014764          1.69014764          1.36578262          1.36578262          1.36578262
  18.497          1.69395232          1.69395232          1.69395232          1.38076830          1.38076830          1.38076830
  18.551          1.69557965          1.69557965          1.69557965          1.39664638          1.39664638          1.39664638
  18.604          1.69566751          1.69566751          1.69566751          1.41327000          1.41327000          1.41327000
  18.658          1.69479382          1.69479382          1.69479382          1.43044674          1.43044674          1.43044674
  18.712          1.69343221          1.69343221          1.69343221          1.44794130          1.44794130          1.44794130
  18.766          1.69194758          1.69194758          1.69194758          1.46548498          1.46548498          1.46548498
  18.819          1.69058228          1.69058228          1.69058228          1.48278475          1.48278475          1.48278475
  18.873          1.68951595          1.68951595          1.68951595          1.49953616          1.49953616          1.49953616
  18.927          1.68878984          1.68878984          1.68878984          1.51543605          1.51543605          1.51543605
  18.981          1.68840766          1.68840766          1.68840766          1.53019500          1.53019500          1.53019500
  19.035          1.68828416          1.68828416          1.68828416          1.54355025          1.54355025          1.54355025
  19.088          1.68834007          1.68834007          1.68834007          1.55527616          1.55527616          1.55527616
  19.142          1.68846631          1.68846631          1.68846631          1.56518912          1.56518912          1.56518912
  19.196          1.68857121          1.68857121          1.68857121          1.57315195          1.57315195          1.57315195
  19.250          1.68859339          1.68859339          1.68859339          1.57906830          1.57906830          1.57906830
  19.303          1.68846452          1.68846452          1.68846452          1.58287787          1.58287787          1.58287787
  19.357          1.68816113          1.68816113          1.68816113          1.58454704          1.58454704          1.58454704
  19.411          1.68765306          1.68765306          1.68765306          1.58406126          1.58406126          1.58406126
  19.465          1.68698168          1.68698168          1.68698168          1.58142149          1.58142149          1.58142149
  19.518          1.68616068          1.68616068          1.68616068          1.57664299          1.57664299          1.57664299
  19.572          1.68522930          1.68522930          1.68522930          1.56976068          1.56976068          1.56976068
  19.626          1.68428123          1.68428123          1.68428123          1.56083679          1.56083679          1.56083679
  19.680          1.68337512          1.68337512          1.68337512          1.54996884          1.54996884          1.54996884
  19.734          1.68263006          1.68263006          1.68263006          1.53729653          1.53729653          1.53729653
  19.787          1.68213308          1.68213308          1.68213308          1.52300453          1.52300453          1.52300453
  19.841          1.68195832          1.68195832          1.68195832          1.50732028          1.50732028          1.50732028
  19.895          1.68210435          1.68210435          1.68210435          1.49050796          1.49050796          1.49050796
  19.949          1.68251657          1.68251657          1.68251657          1.47285759          1.47285759          1.47285759
  20.002          1.68304229          1.68304229          1.68304229          1.45467317          1.45467317          1.45467317
  20.056          1.68342841          1.68342841          1.68342841          1.43625903          1.43625903          1.43625903
  20.110          1.68329334          1.68329334          1.68329334          1.41790819          1.41790819          1.41790819
  20.164          1.68216419          1.68216419          1.68216419          1.39988875          1.39988875          1.39988875
  20.218          1.67949402          1.67949402          1.67949402          1.38243496          1.38243496          1.38243496
  20.271          1.67460835          1.67460835          1.67460835          1.36573863          1.36573863          1.36573863
  20.325          1.66684663          1.66684663          1.66684663          1.34994495          1.34994495          1.34994495
  20.379          1.65547454          1.65547454          1.65547454          1.33515263          1.33515263          1.33515263
  20.433          1.63983250          1.63983250          1.63983250          1.32141745          1.32141745          1.32141745
  20.486          1.61930656          1.61930656          1.61930656          1.30876017          1.30876017          1.30876017
  20.540          1.59342694          1.59342694          1.59342694          1.29717469          1.29717469          1.29717469
  20.594          1.56190622          1.56190622          1.56190622          1.28663707          1.28663707          1.28663707
  20.648          1.52462566          1.52462566          1.52462566          1.27711070          1.27711070          1.27711070
  20.701          1.48169267          1.48169267          1.48169267          1.26855063          1.26855063          1.26855063
  20.755          1.43345320          1.43345320          1.43345320          1.26090360          1.26090360          1.26090360
  20.809          1.38033879          1.38033879          1.38033879          1.25410843          1.25410843          1.25410843
  20.863          1.32299292          1.32299292          1.32299292          1.24809468          1.24809468          1.24809468
  20.917          1.26200557          1.26200557          1.26200557          1.24278307          1.24278307          1.24278307
  20.970          1.19800735          1.19800735          1.19800735          1.23808420          1.23808420          1.23808420
  21.024          1.13151729          1.13151729          1.13151729          1.23390019          1.23390019          1.23390019
  21.078          1.06296420          1.06296420          1.06296420          1.23012829          1.23012829          1.23012829
  21.132          0.99278677          0.99278677          0.99278677          1.22666025          1.22666025          1.22666025
  21.185          0.92152345          0.92152345          0.92152345          1.22338557          1.22338557          1.22338557
  21.239          0.84996212          0.84996212          0.84996212          1.22019303          1.22019303          1.22019303
  21.293          0.77931768          0.77931768          0.77931768          1.21696961          1.21696961          1.21696961
  21.347          0.71125007          0.71125007          0.71125007          1.21360314          1.21360314          1.21360314
  21.400          0.64784724          0.64784724          0.64784724          1.20997953          1.20997953          1.20997953
  21.454          0.59137714          0.59137714          0.59137714          1.20598364          1.20598364          1.20598364
  21.508          0.54412210          0.54412210          0.54412210          1.20149803          1.20149803          1.20149803
  21.562          0.50810045          0.50810045          0.50810045          1.19640446          1.19640446          1.19640446
  21.616          0.48487979          0.48487979          0.48487979          1.19058537          1.19058537          1.19058537
  21.669          0.47545031          0.47545031          0.47545031          1.18392682          1.18392682          1.18392682
  21.723          0.48016366          0.48016366          0.48016366          1.17632163          1.17632163          1.17632163
  21.777          0.49873272          0.49873272          0.49873272          1.16767406          1.16767406          1.16767406
  21.831          0.53021741          0.53021741          0.53021741          1.15790188          1.15790188          1.15790188
  21.884          0.57310224          0.57310224          0.57310224          1.14694023          1.14694023          1.14694023
  21.938          0.62538856          0.62538856          0.62538856          1.13474357          1.13474357          1.13474357
  21.992          0.68479103          0.68479103          0.68479103          1.12128508          1.12128508          1.12128508
  22.046          0.74896300          0.74896300          0.74896300          1.10655785          1.10655785          1.10655785
  22.099          0.81574625          0.81574625          0.81574625          1.09057426          1.09057426          1.09057426
  22.153          0.88336337          0.88336337          0.88336337          1.07336903          1.07336903          1.07336903
  22.207          0.95047641          0.95047641          0.95047641          1.05500042          1.05500042          1.05500042
  22.261          1.01617742          1.01617742          1.01617742          1.03555548          1.03555548          1.03555548
  22.315          1.07983649          1.07983649          1.07983649          1.01515520          1.01515520          1.01515520
  22.368          1.14094198          1.14094198          1.14094198          0.99395698          0.99395698          0.99395698
  22.422          1.19899404          1.19899404          1.19899404          0.97215444          0.97215444          0.97215444
  22.476          1.25339496          1.25339496          1.25339496          0.94997495          0.94997495          0.94997495
  22.530          1.30346525          1.30346525          1.30346525          0.92767054          0.92767054          0.92767054
  22.583          1.34852326          1.34852326          1.34852326          0.90550941          0.90550941          0.90550941
  22.637          1.38783646          1.38783646          1.38783646          0.88376242          0.88376242          0.88376242
  22.691          1.42084122          1.42084122          1.42084122          0.86269510          0.86269510          0.86269510
  22.745          1.44705880          1.44705880          1.44705880          0.84255511          0.84255511          0.84255511
  22.798          1.46619904          1.46619904          1.46619904          0.82356405          0.82356405          0.82356405
  22.852          1.47807550          1.47807550          1.47807550          0.80590868          0.80590868          0.80590868
  22.906          1.48264062          1.48264062          1.48264062          0.78973031          0.78973031          0.78973031
  22.960          1.47987235          1.47987235          1.47987235          0.77511650          0.77511650          0.77511650
  23.014          1.46977448          1.46977448          1.46977448          0.76209217          0.76209217          0.76209217
  23.067          1.45237041          1.45237041          1.45237041          0.75061178          0.75061178          0.75061178
  23.121          1.42763948          1.42763948          1.42763948          0.74055517          0.74055517          0.74055517
  23.175          1.39554632          1.39554632          1.39554632          0.73172444          0.73172444          0.73172444
  23.229          1.35614586          1.35614586          1.35614586          0.72384596          0.72384596          0.72384596
  23.282          1.30953693          1.30953693          1.30953693          0.71657282          0.71657282          0.71657282
  23.336          1.25595200          1.25595200          1.25595200          0.70949048          0.70949048          0.70949048
  23.390          1.19579160          1.19579160          1.19579160          0.70212436          0.70212436          0.70212436
  23.444          1.12959254          1.12959254          1.12959254          0.69394934          0.69394934          0.69394934
  23.497          1.05800307          1.05800307          1.05800307          0.68440294          0.68440294          0.68440294
  23.551          0.98175281          0.98175281          0.98175281          0.67290139          0.67290139          0.67290139
  23.605          0.90157515          0.90157515          0.90157515          0.65885931          0.65885931          0.65885931
  23.659          0.81814510          0.81814510          0.81814510          0.64171112          0.64171112          0.64171112
  23.713          0.73206323          0.73206323          0.73206323          0.62093192          0.62093192          0.62093192
  23.766          0.64390647          0.64390647          0.64390647          0.59605396          0.59605396          0.59605396
  23.820          0.55433893          0.55433893          0.55433893          0.56667709          0.56667709          0.56667709
  23.874          0.46423253          0.46423253          0.46423253          0.53247029          0.53247029          0.53247029
  23.928          0.37483218          0.37483218          0.37483218          0.49316615          0.49316615          0.49316615
  23.981          0.28781506          0.28781506          0.28781506          0.44855273          0.44855273          0.44855273
  24.035          0.20520736          0.20520736          0.20520736          0.39846674          0.39846674          0.39846674
  24.089          0.12926665          0.12926665          0.12926665          0.34279555          0.34279555          0.34279555
  24.143          0.06221113          0.06221113          0.06221113          0.28148910          0.28148910          0.28148910
  24.196          0.00597527          0.00597527          0.00597527          0.21458335          0.21458335          0.21458335
  24.250         -0.03798088         -0.03798088         -0.03798088          0.14223151          0.14223151          0.14223151
  24.304         -0.06880791         -0.06880791         -0.06880791          0.06473132          0.06473132          0.06473132
  24.358         -0.08630888         -0.08630888         -0.08630888         -0.01745711         -0.01745711         -0.01745711
  24.412         -0.09095315         -0.09095315         -0.09095315         -0.10370813         -0.10370813         -0.10370813
  24.465         -0.08390459         -0.08390459         -0.08390459         -0.19324614         -0.19324614         -0.19324614
  24.519         -0.06698737         -0.06698737         -0.06698737         -0.28517604         -0.28517604         -0.28517604
  24.573         -0.04262716         -0.04262716         -0.04262716         -0.37852141         -0.37852141         -0.37852141
  24.627         -0.01376003         -0.01376003         -0.01376003         -0.47226635         -0.47226635         -0.47226635
  24.680          0.01640364          0.01640364          0.01640364         -0.56539965         -0.56539965         -0.56539965
  24.734          0.04457510          0.04457510          0.04457510         -0.65695626         -0.65695626         -0.65695626
  24.788          0.06762542          0.06762542          0.06762542         -0.74606031         -0.74606031         -0.74606031
  24.842          0.08268343          0.08268343          0.08268343         -0.83196354         -0.83196354         -0.83196354
  24.895          0.08715446          0.08715446          0.08715446         -0.91407704         -0.91407704         -0.91407704
  24.949          0.07863874          0.07863874          0.07863874         -0.99199283         -0.99199283         -0.99199283
  25.003          0.05483183          0.05483183          0.05483183         -1.06548953         -1.06548953         -1.06548953
  25.057          0.01344535          0.01344535          0.01344535         -1.13452446         -1.13452446         -1.13452446
  25.111         -0.04775375         -0.04775375         -0.04775375         -1.19921398         -1.19921398         -1.19921398
  25.164         -0.13080585         -0.13080585         -0.13080585         -1.25981367         -1.25981367         -1.25981367
  25.218         -0.23736565         -0.23736565         -0.23736565         -1.31669903         -1.31669903         -1.31669903
  25.272         -0.36847559         -0.36847559         -0.36847559         -1.37035704         -1.37035704         -1.37035704
  25.326         -0.52438045         -0.52438045         -0.52438045         -1.42138219         -1.42138219         -1.42138219
  25.379         -0.70448101         -0.70448101         -0.70448101         -1.47047865         -1.47047865         -1.47047865
  25.433         -0.90739852         -0.90739852         -0.90739852         -1.51845801         -1.51845801         -1.51845801
  25.487         -1.13115644         -1.13115644         -1.13115644         -1.56623149         -1.56623149         -1.56623149
  25.541         -1.37348974         -1.37348974         -1.37348974         -1.61479354         -1.61479354         -1.61479354
  25.594         -1.63210523         -1.63210523         -1.63210523         -1.66519594         -1.66519594         -1.66519594
  25.648         -1.90478480         -1.90478480         -1.90478480         -1.71851850         -1.71851850         -1.71851850
  25.702         -2.18932223         -2.18932223         -2.18932223         -1.77583873         -1.77583873         -1.77583873
  25.756         -2.48311734         -2.48311734         -2.48311734         -1.83820331         -1.83820331         -1.83820331
  25.810         -2.78267169         -2.78267169         -2.78267169         -1.90660954         -1.90660954         -1.90660954
  25.863         -3.08297014         -3.08297014         -3.08297014         -1.98199463         -1.98199463         -1.98199463
  25.917         -3.37711334         -3.37711334         -3.37711334         -2.06523085         -2.06523085         -2.06523085
  25.971         -3.65655351         -3.65655351         -3.65655351         -2.15712404         -2.15712404         -2.15712404
  26.025         -3.91153598         -3.91153598         -3.91153598         -2.25840640         -2.25840640         -2.25840640
  26.078         -4.13222885         -4.13222885         -4.13222885         -2.36971474         -2.36971474         -2.36971474
  26.132         -4.30959177         -4.30959177         -4.30959177         -2.49154902         -2.49154902         -2.49154902
  26.186         -4.43645668         -4.43645668         -4.43645668         -2.62420797         -2.62420797         -2.62420797
  26.240         -4.50790310         -4.50790310         -4.50790310         -2.76771545         -2.76771545         -2.76771545
  26.294         -4.52159882         -4.52159882         -4.52159882         -2.92174625         -2.92174625         -2.92174625
  26.347         -4.47789478         -4.47789478         -4.47789478         -3.08557272         -3.08557272         -3.08557272
  26.401         -4.37975168         -4.37975168         -4.37975168         -3.25805044         -3.25805044         -3.25805044
  26.455         -4.23288631         -4.23288631         -4.23288631         -3.43763852         -3.43763852         -3.43763852
  26.509         -4.04542923         -4.04542923         -4.04542923         -3.62246108         -3.62246108         -3.62246108
  26.562         -3.82763076         -3.82763076         -3.82763076         -3.81039071         -3.81039071         -3.81039071
  26.616         -3.59106588         -3.59106588         -3.59106588         -3.99914289         -3.99914289         -3.99914289
  26.670         -3.34765100         -3.34765100         -3.34765100         -4.18638086         -4.18638086         -4.18638086
  26.724         -3.10869622         -3.10869622         -3.10869622         -4.36981010         -4.36981010         -4.36981010
  26.777         -2.88418007         -2.88418007         -2.88418007         -4.54727554         -4.54727554         -4.54727554
  26.831         -2.68258762         -2.68258762         -2.68258762         -4.71685171         -4.71685171         -4.71685171
  26.885         -2.51107311         -2.51107311         -2.51107311         -4.87690878         -4.87690878         -4.87690878
  26.939         -2.37610650         -2.37610650         -2.37610650         -5.02616167         -5.02616167         -5.02616167
  26.993         -2.28386283         -2.28386283         -2.28386283         -5.16367960         -5.16367960         -5.16367960
  27.046         -2.24060249         -2.24060249         -2.24060249         -5.28886795         -5.28886795         -5.28886795
  27.100         -2.25253415         -2.25253415         -2.25253415         -5.40142250         -5.40142250         -5.40142250
  27.154         -2.32544279         -2.32544279         -2.32544279         -5.50128317         -5.50128317         -5.50128317
  27.208         -2.46406198         -2.46406198         -2.46406198         -5.58858585         -5.58858585         -5.58858585
  27.261         -2.67141891         -2.67141891         -2.67141891         -5.66363716         -5.66363716         -5.66363716
  27.315         -2.94841814         -2.94841814         -2.94841814         -5.72690630         -5.72690630         -5.72690630
  27.369         -3.29366136         -3.29366136         -3.29366136         -5.77902746         -5.77902746         -5.77902746
  27.423         -3.70350814         -3.70350814         -3.70350814         -5.82080364         -5.82080364         -5.82080364
  27.476         -4.17280054         -4.17280054         -4.17280054         -5.85321522         -5.85321522         -5.85321522
  27.530         -4.69537592         -4.69537592         -4.69537592         -5.87741566         -5.87741566         -5.87741566
  27.584         -5.26491642         -5.26491642         -5.26491642         -5.89472294         -5.89472294         -5.89472294
  27.638         -5.87519979         -5.87519979         -5.87519979         -5.90661287         -5.90661287         -5.90661287
  27.692         -6.52004385         -6.52004385         -6.52004385         -5.91469383         -5.91469383         -5.91469383
  27.745         -7.19254112         -7.19254112         -7.19254112         -5.92068815         -5.92068815         -5.92068815
  27.799         -7.88369274         -7.88369274         -7.88369274         -5.92640018         -5.92640018         -5.92640018
  27.853         -8.58112717         -8.58112717         -8.58112717         -5.93367767         -5.93367767         -5.93367767
  27.907         -9.26838684         -9.26838684         -9.26838684         -5.94437885         -5.94437885         -5.94437885
  27.960         -9.92496109         -9.92496109         -9.92496109         -5.96032763         -5.96032763         -5.96032763
  28.014        -10.52752304        -10.52752304        -10.52752304         -5.98328447         -5.98328447         -5.98328447
  28.068        -11.05232239        -11.05232239        -11.05232239         -6.01491213         -6.01491213         -6.01491213
  28.122        -11.47722912        -11.47722912        -11.47722912         -6.05673981         -6.05673981         -6.05673981
  28.175        -11.78407288        -11.78407288        -11.78407288         -6.11011457         -6.11011457         -6.11011457
  28.229        -11.95986557        -11.95986557        -11.95986557         -6.17612791         -6.17612791         -6.17612791
  28.283        -11.99746227        -11.99746227        -11.99746227         -6.25552273         -6.25552273         -6.25552273
  28.337        -11.89609146        -11.89609146        -11.89609146         -6.34860897         -6.34860897         -6.34860897
  28.391        -11.66083241        -11.66083241        -11.66083241         -6.45517683         -6.45517683         -6.45517683
  28.444        -11.30298710        -11.30298710        -11.30298710         -6.57446098         -6.57446098         -6.57446098
  28.498        -10.83940601        -10.83940601        -10.83940601         -6.70515013         -6.70515013         -6.70515013
  28.552        -10.29139709        -10.29139709        -10.29139709         -6.84544420         -6.84544420         -6.84544420
  28.606         -9.68297195         -9.68297195         -9.68297195         -6.99314070         -6.99314070         -6.99314070
  28.659         -9.03852844         -9.03852844         -9.03852844         -7.14573765         -7.14573765         -7.14573765
  28.713         -8.38051128         -8.38051128         -8.38051128         -7.30053520         -7.30053520         -7.30053520
  28.767         -7.72791767         -7.72791767         -7.72791767         -7.45473766         -7.45473766         -7.45473766
  28.821         -7.09554386         -7.09554386         -7.09554386         -7.60553551         -7.60553551         -7.60553551
  28.874         -6.49471807         -6.49471807         -6.49471807         -7.75020742         -7.75020742         -7.75020742
  28.928         -5.93444967         -5.93444967         -5.93444967         -7.88620377         -7.88620377         -7.88620377
  28.982         -5.42274618         -5.42274618         -5.42274618         -8.01123428         -8.01123428         -8.01123428
  29.036         -4.96784401         -4.96784401         -4.96784401         -8.12332916         -8.12332916         -8.12332916
  29.090         -4.57846546         -4.57846546         -4.57846546         -8.22087669         -8.22087669         -8.22087669
  29.143         -4.26365757         -4.26365757         -4.26365757         -8.30262852         -8.30262852         -8.30262852
  29.197         -4.03192043         -4.03192043         -4.03192043         -8.36767864         -8.36767864         -8.36767864
  29.251         -3.89038920         -3.89038920         -3.89038920         -8.41542339         -8.41542339         -8.41542339
  29.305         -3.84390593         -3.84390593         -3.84390593         -8.44552898         -8.44552898         -8.44552898
  29.358         -3.89431453         -3.89431453         -3.89431453         -8.45789623         -8.45789623         -8.45789623
  29.412         -4.04018784         -4.04018784         -4.04018784         -8.45265388         -8.45265388         -8.45265388
  29.466         -4.27707052         -4.27707052         -4.27707052         -8.43015862         -8.43015862         -8.43015862
  29.520         -4.59802914         -4.59802914         -4.59802914         -8.39101315         -8.39101315         -8.39101315
  29.573         -4.99445963         -4.99445963         -4.99445963         -8.33610439         -8.33610439         -8.33610439
  29.627         -5.45717573         -5.45717573         -5.45717573         -8.26664925         -8.26664925         -8.26664925
  29.681         -5.97710848         -5.97710848         -5.97710848         -8.18422890         -8.18422890         -8.18422890
  29.735         -6.54576874         -6.54576874         -6.54576874         -8.09081650         -8.09081650         -8.09081650
  29.789         -7.15486860         -7.15486860         -7.15486860         -7.98877668         -7.98877668         -7.98877668
  29.842         -7.79575586         -7.79575586         -7.79575586         -7.88081646         -7.88081646         -7.88081646
  29.896         -8.45770073         -8.45770073         -8.45770073         -7.76991510         -7.76991510         -7.76991510
  29.950         -9.12672806         -9.12672806         -9.12672806         -7.65922499         -7.65922499         -7.65922499
  30.004         -9.78513527         -9.78513527         -9.78513527         -7.55196714         -7.55196714         -7.55196714
  30.057        -10.41140270        -10.41140270        -10.41140270         -7.45132971         -7.45132971         -7.45132971
  30.111        -10.98182869        -10.98182869        -10.98182869         -7.36037588         -7.36037588         -7.36037588
  30.165        -11.47280312        -11.47280312        -11.47280312         -7.28195429         -7.28195429         -7.28195429
  30.219        -11.86301613        -11.86301613        -11.86301613         -7.21861172         -7.21861172         -7.21861172
  30.272        -12.13517284        -12.13517284        -12.13517284         -7.17249060         -7.17249060         -7.17249060
  30.326        -12.27726841        -12.27726841        -12.27726841         -7.14522839         -7.14522839         -7.14522839
  30.380        -12.28317356        -12.28317356        -12.28317356         -7.13785982         -7.13785982         -7.13785982
  30.434        -12.15279961        -12.15279961        -12.15279961         -7.15075064         -7.15075064         -7.15075064
  30.488        -11.89167309        -11.89167309        -11.89167309         -7.18357372         -7.18357372         -7.18357372
  30.541        -11.51153469        -11.51153469        -11.51153469         -7.23533106         -7.23533106         -7.23533106
  30.595        -11.02919483        -11.02919483        -11.02919483         -7.30442524         -7.30442524         -7.30442524
  30.649        -10.46601009        -10.46601009        -10.46601009         -7.38875484         -7.38875484         -7.38875484
  30.703         -9.84549236         -9.84549236         -9.84549236         -7.48581553         -7.48581553         -7.48581553
  30.756         -9.19146919         -9.19146919         -9.19146919         -7.59280109         -7.59280109         -7.59280109
  30.810         -8.52582359         -8.52582359         -8.52582359         -7.70669365         -7.70669365         -7.70669365
  30.864         -7.86670780         -7.86670780         -7.86670780         -7.82434702         -7.82434702         -7.82434702
  30.918         -7.22847366         -7.22847366         -7.22847366         -7.94257307         -7.94257307         -7.94257307
  30.971         -6.62213373         -6.62213373         -6.62213373         -8.05824566         -8.05824566         -8.05824566
  31.025         -6.05643845         -6.05643845         -6.05643845         -8.16840076         -8.16840076         -8.16840076
  31.079         -5.53969240         -5.53969240         -5.53969240         -8.27034092         -8.27034092         -8.27034092
  31.133         -5.08031273         -5.08031273         -5.08031273         -8.36170292         -8.36170292         -8.36170292
  31.187         -4.68721771         -4.68721771         -4.68721771         -8.44052410         -8.44052410         -8.44052410
  31.240         -4.36955786         -4.36955786         -4.36955786         -8.50524044         -8.50524044         -8.50524044
  31.294         -4.13597870         -4.13597870         -4.13597870         -8.55467606         -8.55467606         -8.55467606
  31.348         -3.99344873         -3.99344873         -3.99344873         -8.58800411         -8.58800411         -8.58800411
  31.402         -3.94658613         -3.94658613         -3.94658613         -8.60470581         -8.60470581         -8.60470581
  31.455         -3.99695539         -3.99695539         -3.99695539         -8.60454273         -8.60454273         -8.60454273
  31.509         -4.14285946         -4.14285946         -4.14285946         -8.58753586         -8.58753586         -8.58753586
  31.563         -4.37954330         -4.37954330         -4.37954330         -8.55396748         -8.55396748         -8.55396748
  31.617         -4.69992542         -4.69992542         -4.69992542         -8.50439453         -8.50439453         -8.50439453
  31.671         -5.09536505         -5.09536505         -5.09536505         -8.43969154         -8.43969154         -8.43969154
  31.724         -5.55671406         -5.55671406         -5.55671406         -8.36107349         -8.36107349         -8.36107349
  31.778         -6.07500362         -6.07500362         -6.07500362         -8.27014160         -8.27014160         -8.27014160
  31.832         -6.64186096         -6.64186096         -6.64186096         -8.16889954         -8.16889954         -8.16889954
  31.886         -7.24904871         -7.24904871         -7.24904871         -8.05974197         -8.05974197         -8.05974197
  31.939         -7.88765907         -7.88765907         -7.88765907         -7.94539213         -7.94539213         -7.94539213
  31.993         -8.54660606         -8.54660606         -8.54660606         -7.82882977         -7.82882977         -7.82882977
  32.047         -9.21140575         -9.21140575         -9.21140575         -7.71319008         -7.71319008         -7.71319008
  32.101         -9.86351299         -9.86351299         -9.86351299         -7.60166025         -7.60166025         -7.60166025
  32.154        -10.48116684        -10.48116684        -10.48116684         -7.49737692         -7.49737692         -7.49737692
  32.208        -11.04036522        -11.04036522        -11.04036522         -7.40334034         -7.40334034         -7.40334034
  32.262        -11.51762009        -11.51762009        -11.51762009         -7.32233667         -7.32233667         -7.32233667
  32.316        -11.89177513        -11.89177513        -11.89177513         -7.25683784         -7.25683784         -7.25683784
  32.370        -12.14631844        -12.14631844        -12.14631844         -7.20890856         -7.20890856         -7.20890856
  32.423        -12.26985455        -12.26985455        -12.26985455         -7.18010426         -7.18010426         -7.18010426
  32.477        -12.25694466        -12.25694466        -12.25694466         -7.17137432         -7.17137432         -7.17137432
  32.531        -12.10823441        -12.10823441        -12.10823441         -7.18300295         -7.18300295         -7.18300295
  32.585        -11.83013821        -11.83013821        -11.83013821         -7.21458244         -7.21458244         -7.21458244
  32.638        -11.43498135        -11.43498135        -11.43498135         -7.26504612         -7.26504612         -7.26504612
  32.692        -10.94041729        -10.94041729        -10.94041729         -7.33273745         -7.33273745         -7.33273745
  32.746        -10.36802006        -10.36802006        -10.36802006         -7.41551161         -7.41551161         -7.41551161
  32.800         -9.74150085         -9.74150085         -9.74150085         -7.51083231         -7.51083231         -7.51083231
  32.853         -9.08471775         -9.08471775         -9.08471775         -7.61586952         -7.61586952         -7.61586952
  32.907         -8.41892242         -8.41892242         -8.41892242         -7.72759295         -7.72759295         -7.72759295
  32.961         -7.76190376         -7.76190376         -7.76190376         -7.84285307         -7.84285307         -7.84285307
  33.015         -7.12743187         -7.12743187         -7.12743187         -7.95847034         -7.95847034         -7.95847034
  33.069         -6.52613974         -6.52613974         -6.52613974         -8.07133389         -8.07133389         -8.07133389
  33.122         -5.96670198         -5.96670198         -5.96670198         -8.17851162         -8.17851162         -8.17851162
  33.176         -5.45731592         -5.45731592         -5.45731592         -8.27733994         -8.27733994         -8.27733994
  33.230         -5.00646067         -5.00646067         -5.00646067         -8.36550999         -8.36550999         -8.36550999
  33.284         -4.62318039         -4.62318039         -4.62318039         -8.44109917         -8.44109917         -8.44109917
  33.337         -4.31662083         -4.31662083         -4.31662083         -8.50259495         -8.50259495         -8.50259495
  33.391         -4.09515047         -4.09515047         -4.09515047         -8.54885578         -8.54885578         -8.54885578
  33.445         -3.96553636         -3.96553636         -3.96553636         -8.57908916         -8.57908916         -8.57908916
  33.499         -3.93202019         -3.93202019         -3.93202019         -8.59280014         -8.59280014         -8.59280014
  33.552         -3.99567676         -3.99567676         -3.99567676         -8.58977127         -8.58977127         -8.58977127
  33.606         -4.15436792         -4.15436792         -4.15436792         -8.57004452         -8.57004452         -8.57004452
  33.660         -4.40303469         -4.40303469         -4.40303469         -8.53392315         -8.53392315         -8.53392315
  33.714         -4.73426008         -4.73426008         -4.73426008         -8.48199081         -8.48199081         -8.48199081
  33.768         -5.13930225         -5.13930225         -5.13930225         -8.41514874         -8.41514874         -8.41514874
  33.821         -5.60901737         -5.60901737         -5.60901737         -8.33465004         -8.33465004         -8.33465004
  33.875         -6.13448858         -6.13448858         -6.13448858         -8.24213982         -8.24213982         -8.24213982
  33.929         -6.70742750         -6.70742750         -6.70742750         -8.13966465         -8.13966465         -8.13966465
  33.983         -7.31959629         -7.31959629         -7.31959629         -8.02965164         -8.02965164         -8.02965164
  34.036         -7.96177530         -7.96177530         -7.96177530         -7.91486168         -7.91486168         -7.91486168
  34.090         -8.62252617         -8.62252617         -8.62252617         -7.79829454         -7.79829454         -7.79829454
  34.144         -9.28678989         -9.28678989         -9.28678989         -7.68309307         -7.68309307         -7.68309307
  34.198         -9.93570518         -9.93570518         -9.93570518         -7.57243633         -7.57243633         -7.57243633
  34.251        -10.54691124        -10.54691124        -10.54691124         -7.46945095         -7.46945095         -7.46945095
  34.305        -11.09638691        -11.09638691        -11.09638691         -7.37710810         -7.37710810         -7.37710810
  34.359        -11.56076813        -11.56076813        -11.56076813         -7.29815626         -7.29815626         -7.29815626
  34.413        -11.91966820        -11.91966820        -11.91966820         -7.23501873         -7.23501873         -7.23501873
  34.467        -12.15691090        -12.15691090        -12.15691090         -7.18969345         -7.18969345         -7.18969345
  34.520        -12.26208591        -12.26208591        -12.26208591         -7.16366196         -7.16366196         -7.16366196
  34.574        -12.23062229        -12.23062229        -12.23062229         -7.15778589         -7.15778589         -7.15778589
  34.628        -12.06384277        -12.06384277        -12.06384277         -7.17225409         -7.17225409         -7.17225409
  34.682        -11.76906681        -11.76906681        -11.76906681         -7.20656776         -7.20656776         -7.20656776
  34.735        -11.35928249        -11.35928249        -11.35928249         -7.25957155         -7.25957155         -7.25957155
  34.789        -10.85282230        -10.85282230        -10.85282230         -7.32954168         -7.32954168         -7.32954168
  34.843        -10.27163124        -10.27163124        -10.27163124         -7.41426945         -7.41426945         -7.41426945
  34.897         -9.63975525         -9.63975525         -9.63975525         -7.51117229         -7.51117229         -7.51117229
  34.950         -8.98064804         -8.98064804         -8.98064804         -7.61739111         -7.61739111         -7.61739111
  35.004         -8.31523228         -8.31523228         -8.31523228         -7.72987270         -7.72987270         -7.72987270
  35.058         -7.66062593         -7.66062593         -7.66062593         -7.84545565         -7.84545565         -7.84545565
  35.112         -7.03024435         -7.03024435         -7.03024435         -7.96096516         -7.96096516         -7.96096516
  35.166         -6.43418312         -6.43418312         -6.43418312         -8.07330894         -8.07330894         -8.07330894
  35.219         -5.88117456         -5.88117456         -5.88117456         -8.17958546         -8.17958546         -8.17958546
  35.273         -5.37935734         -5.37935734         -5.37935734         -8.27717781         -8.27717781         -8.27717781
  35.327         -4.93728781         -4.93728781         -4.93728781         -8.36382389         -8.36382389         -8.36382389
  35.381         -4.56405210         -4.56405210         -4.56405210         -8.43766117         -8.43766117         -8.43766117
  35.434         -4.26868105         -4.26868105         -4.26868105         -8.49722576         -8.49722576         -8.49722576
  35.488         -4.05948353         -4.05948353         -4.05948353         -8.54143047         -8.54143047         -8.54143047
  35.542         -3.94288111         -3.94288111         -3.94288111         -8.56952095         -8.56952095         -8.56952095
  35.596         -3.92270207         -3.92270207         -3.92270207         -8.58104515         -8.58104515         -8.58104515
  35.649         -3.99959135         -3.99959135         -3.99959135         -8.57582092         -8.57582092         -8.57582092
  35.703         -4.17102575         -4.17102575         -4.17102575         -8.55392361         -8.55392361         -8.55392361
  35.757         -4.43149710         -4.43149710         -4.43149710         -8.51569366         -8.51569366         -8.51569366
  35.811         -4.77340364         -4.77340364         -4.77340364         -8.46175480         -8.46175480         -8.46175480
  35.865         -5.18787861         -5.18787861         -5.18787861         -8.39305687         -8.39305687         -8.39305687
  35.918         -5.66583920         -5.66583920         -5.66583920         -8.31090355         -8.31090355         -8.31090355
  35.972         -6.19834518         -6.19834518         -6.19834518         -8.21699333         -8.21699333         -8.21699333
  36.026         -6.77722597         -6.77722597         -6.77722597         -8.11342716         -8.11342716         -8.11342716
  36.080         -7.39412069         -7.39412069         -7.39412069         -8.00268173         -8.00268173         -8.00268173
  36.133         -8.03966141         -8.03966141         -8.03966141         -7.88755798         -7.88755798         -7.88755798
  36.187         -8.70196533         -8.70196533         -8.70196533         -7.77107811         -7.77107811         -7.77107811
  36.241         -9.36545944         -9.36545944         -9.36545944         -7.65639782         -7.65639782         -7.65639782
  36.295        -10.01069260        -10.01069260        -10.01069260         -7.54669571         -7.54669571         -7.54669571
  36.348        -10.61497211        -10.61497211        -10.61497211         -7.44507790         -7.44507790         -7.44507790
  36.402        -11.15420628        -11.15420628        -11.15420628         -7.35449505         -7.35449505         -7.35449505
  36.456        -11.60547829        -11.60547829        -11.60547829         -7.27765226         -7.27765226         -7.27765226
  36.510        -11.94868755        -11.94868755        -11.94868755         -7.21692419         -7.21692419         -7.21692419
  36.564        -12.16851616        -12.16851616        -12.16851616         -7.17424536         -7.17424536         -7.17424536
  36.617        -12.25530529        -12.25530529        -12.25530529         -7.15101576         -7.15101576         -7.15101576
  36.671        -12.20528412        -12.20528412        -12.20528412         -7.14800835         -7.14800835         -7.14800835
  36.725        -12.02049065        -12.02049065        -12.02049065         -7.16531563         -7.16531563         -7.16531563
  36.779        -11.70923996        -11.70923996        -11.70923996         -7.20234728         -7.20234728         -7.20234728
  36.832        -11.28518295        -11.28518295        -11.28518295         -7.25786877         -7.25786877         -7.25786877
  36.886        -10.76728344        -10.76728344        -10.76728344         -7.33007765         -7.33007765         -7.33007765
  36.940        -10.17787266        -10.17787266        -10.17787266         -7.41671276         -7.41671276         -7.41671276
  36.994         -9.54103565         -9.54103565         -9.54103565         -7.51514864         -7.51514864         -7.51514864
  37.047         -8.87997150         -8.87997150         -8.87997150         -7.62093019         -7.62093019         -7.62093019
  37.101         -8.21518612         -8.21518612         -8.21518612         -7.73254681         -7.73254681         -7.73254681
  37.155         -7.56327724         -7.56327724         -7.56327724         -7.84683228         -7.84683228         -7.84683228
  37.209         -6.93705940         -6.93705940         -6.93705940         -7.96061659         -7.96061659         -7.96061659
  37.263         -6.34653568         -6.34653568         -6.34653568         -8.07082462         -8.07082462         -8.07082462
  37.316         -5.80011415         -5.80011415         -5.80011415         -8.17459011         -8.17459011         -8.17459011
  37.370         -5.30600595         -5.30600595         -5.30600595         -8.26933956         -8.26933956         -8.26933956
  37.424         -4.87285662         -4.87285662         -4.87285662         -8.35286617         -8.35286617         -8.35286617
  37.478         -4.50978565         -4.50978565         -4.50978565         -8.42336082         -8.42336082         -8.42336082
  37.531         -4.22581673         -4.22581673         -4.22581673         -8.47941208         -8.47941208         -8.47941208
  37.585         -4.02899694         -4.02899694         -4.02899694         -8.51998138         -8.51998138         -8.51998138
  37.639         -3.92548656         -3.92548656         -3.92548656         -8.54435921         -8.54435921         -8.54435921
  37.693         -3.91865087         -3.91865087         -3.91865087         -8.55212975         -8.55212975         -8.55212975
  37.747         -4.00875521         -4.00875521         -4.00875521         -8.54314709         -8.54314709         -8.54314709
  37.800         -4.19277477         -4.19277477         -4.19277477         -8.51752186         -8.51752186         -8.51752186
  37.854         -4.46493435         -4.46493435         -4.46493435         -8.47563267         -8.47563267         -8.47563267
  37.908         -4.81735754         -4.81735754         -4.81735754         -8.41814613         -8.41814613         -8.41814613
  37.962         -5.24115944         -5.24115944         -5.24115944         -8.34605312         -8.34605312         -8.34605312
  38.015         -5.72711134         -5.72711134         -5.72711134         -8.26071262         -8.26071262         -8.26071262
  38.069         -6.26651955         -6.26651955         -6.26651955         -8.16387939         -8.16387939         -8.16387939
  38.123         -6.85115814         -6.85115814         -6.85115814         -8.05770683         -8.05770683         -8.05770683
  38.177         -7.47267723         -7.47267723         -7.47267723         -7.94472170         -7.94472170         -7.94472170
  38.230         -8.12136936         -8.12136936         -8.12136936         -7.82775545         -7.82775545         -7.82775545
  38.284         -8.78490829         -8.78490829         -8.78490829         -7.70985937         -7.70985937         -7.70985937
  38.338         -9.44722939         -9.44722939         -9.44722939         -7.59419775         -7.59419775         -7.59419775
  38.392        -10.08831406        -10.08831406        -10.08831406         -7.48394299         -7.48394299         -7.48394299
  38.446        -10.68527222        -10.68527222        -10.68527222         -7.38218594         -7.38218594         -7.38218594
  38.499        -11.21397877        -11.21397877        -11.21397877         -7.29184914         -7.29184914         -7.29184914
  38.553        -11.65159988        -11.65159988        -11.65159988         -7.21559906         -7.21559906         -7.21559906
  38.607        -11.97884274        -11.97884274        -11.97884274         -7.15575600         -7.15575600         -7.15575600
  38.661        -12.18107128        -12.18107128        -12.18107128         -7.11418533         -7.11418533         -7.11418533
