   Atom                     Volume(s)
  ------------------------------------------------------------------------
     1   ...     481  488  495  501  502  511  519  591  592  593  594  704  705  753  781  786  787  828  831  840  859  863 1080
     2   ...      83   84   85  112  115  127  129  133  139  148  149  442  443  450  455  606  659  661
     3   ...     482  489  491  498  503  512  517  597  657  696  700  743  751  754  782  802  813  829  832  833  834  842  843  844  860  864 1081
     4   ...      88   89   90  117  119  124  140  141  151  152  168  169  408  444  445  452  458  504  505  524  605  607  662
     5   ...    1270 1286 1295 1350 1351 1551 1594 1595 1608 1630 1650 1664 1665 1704 1837 1838 1904
     6   ...     841  868  870  874  876  881 1035 1053 1055 1160 1172 1224 1230 1248 1254 1371 1386
     7   ...    1271 1282 1289 1291 1348 1354 1557 1565 1584 1609 1617 1631 1651 1652 1656 1661 1706 1713 1733 1839 1905
     8   ...     845  866  871  882  890  891  910 1032 1038 1086 1089 1099 1107 1122 1129 1141 1161 1176 1203 1208 1225 1231 1249 1311 1360 1366 1367 1374 1375 1376 1388 1395 1512
     9   ...       1    2    3   47   48   49   59   61   71   76   77  106  111  114  383 1991 2009 2010 2011 2018 2019 2039 2040 2044 2261 2283 2312 2313 2314 2329
    10   ...    1711 1712 1729 1738 1742 1746 1845 1847 1919 1937 1977 2026 2047 2053 2058 2059 2206 2236
    11   ...       9   10   50   62   66   67   78   86   87  107  384 1994 2012 2016 2020 2022 2027 2041 2045 2234 2254 2262 2279 2284 2304 2315 2323 2330 2342
    12   ...    1714 1730 1739 1743 1747 1748 1756 1914 1923 1925 1938 1944 1979 1986 2028 2048 2052 2055 2061 2062 2063 2237
    13   ...     522  533  613  614  666  721  722  887  888  902  918  934  935 1034 1043 1044 1057 1067
    14   ...     196  197  220  229  241  245  251  265  266  286  314  388  390  414  459  463  471  473  549  617  684
    15   ...     523  529  530  534  535  618  737  739  746  773  775  804  889  905  909  921  922 1036 1037 1068
    16   ...     202  224  232  233  235  252  268  269  270  291  293  317  391  417  460  465  469  541  542  543  623  624  685
    17   ...    1305 1310 1315 1317 1322 1370 1385 1394 1403 1404 1405 1408 1430 1529 1626 1637 1670 1671 1858 1866 1867 1895
    18   ...     919  920  938  944  946  949  951  958  968 1095 1150 1193 1198 1234 1240 1264 1326 1406 1409 1424 1431 1445 1499 1501
    19   ...    1306 1313 1318 1372 1373 1387 1397 1413 1432 1530 1540 1545 1567 1586 1598 1601 1638 1644 1672 1754 1755 1764 1765 1852 1859 1860
    20   ...     923  939  954  960  970 1048 1094 1096 1101 1112 1118 1143 1145 1149 1151 1166 1194 1206 1235 1258 1265 1419 1433 1434 1447 1463 1521
    21   ...     147  171  176  179  188  195  218 2057 2074 2079 2086 2087 2090
    22   ...    1763 1777 1783 1797 1798 1811 1868 1872 1948 1967 1973 2091 2107 2108 2117 2118 2131 2135 2248
    23   ...     150  172  182  189  198  199  200  201  258 2060 2075 2080 2088 2092 2244 2246 2288 2308
    24   ...    1766 1767 1778 1784 1794 1796 1805 1809 1870 1873 1877 1916 1918 1927 1932 1949 1958 1961 1968 1981 2093 2101 2103 2109 2110 2120 2121 2122 2132 2136 2249
    25   ...     548  560  561  563  564  565  570  576  577  632  634  635  708  749  750  759  957  982  989 1004 1005 1013 1073
    26   ...       4    5    6    7    8   53  332  333  344  346  364  373  377  382  400  403  425  432  438  477  496  585  641  642  648  649
    27   ...     550  551  557  566  571  578  628  636  672  694  727  732  760  779  959  969  976  983  991  992 1007 1049 1050 1074
    28   ...      11   12   13   14   15   54   63  334  335  347  353  357  358  362  374  378  404  426  429  440  475  479  581  583  643  644  650  677
    29   ...    1330 1336 1341 1444 1474 1477 1581 1621 1622 1674 1675 1683 1815 1896 1897
    30   ...     811  812  990 1006 1017 1025 1059 1061 1115 1119 1135 1139 1189 1215 1221 1487 1489 1497 1508 1524
    31   ...    1331 1337 1342 1446 1465 1467 1475 1478 1570 1574 1603 1606 1616 1676 1677 1684 1799 1819 1820 1881 1898
    32   ...     814  815  993 1008 1018 1019 1078 1103 1105 1134 1137 1184 1190 1207 1216 1244 1246 1268 1490 1491 1492 1509 1543
    33   ...     264  308  309  311  312  313  327  352 2116 2142 2144 2151 2152 2155 2212 2213 2214 2252 2253 2277 2326 2327 2336 2337
    34   ...    1687 1818 1829 1887 1890 1893 1934 1954 1959 1965 1992 1993 2160 2161 2182 2194 2195 2202 2215 2230 2240
    35   ...     267  295  297  301  315  316  328  350  370 2119 2139 2145 2153 2156 2162 2163 2180 2216 2224 2226 2228 2266 2290 2292 2297 2332 2338 2345 2347
    36   ...    1688 1702 1821 1831 1835 1892 1912 1936 1963 1995 1996 1997 2164 2165 2175 2184 2185 2190 2196 2217 2232 2241
    37   ...     483  493  506  514  515  520  595  599  602  656  679  689  698  702  755  766  783  788  792  793  795  816  835  846 1082
    38   ...     526  536  611  615  619  681  771  790  806  892  893  911  924 1065 1069
    39   ...     552  567  572  629  633  670  671  711  761  791  798  808  984  987  994 1075
    40   ...    1272 1283 1292 1352 1356 1358 1552 1554 1597 1610 1632 1635 1660 1707 1840 1844 1906
    41   ...    1307 1319 1377 1399 1400 1416 1513 1549 1580 1627 1639 1668 1757 1758 1768 1861 1902
    42   ...    1332 1338 1345 1469 1471 1556 1571 1620 1623 1646 1649 1678 1816 1825 1883 1899
    43   ...      16   17   68   72   73   79   80   91  108  434 1998 2013 2023 2029 2030 2042 2203 2205 2263 2269 2275 2281 2285 2294 2303 2316 2322 2328 2350
    44   ...     153  173  180  183  190  259 2064 2081 2084 2094 2095 2223 2306
    45   ...     271  272  304  306  318  329  359 2123 2143 2146 2149 2157 2166 2173 2186 2218 2257 2273 2298 2302 2311 2325 2333 2339
    46   ...      92   93   94  125  134  142  154  155  164  185  406  603
    47   ...     203  204  216  221  225  237  246  253  273  305  412  544  626  667
    48   ...      18   19   20   21   22   55  336  337  366  368  586  587  639  654
    49   ...     847  848  877  878  899  903 1030 1109 1164 1174 1204 1226 1252 1361 1362 1389 1396 1531
    50   ...     925  940  952  961  971  977 1045 1047 1113 1124 1147 1152 1168 1179 1181 1213 1236 1242 1256 1262 1410 1423 1448 1449 1536
    51   ...     817  818 1014 1020 1027 1063 1156 1158 1182 1187 1201 1217 1346 1485
    52   ...    1715 1716 1717 1718 1719 1735 1752 1929 1941 1989 2031 2065 2076 2208
    53   ...    1769 1781 1787 1791 1792 1803 1806 1921 1946 1950 1969 1975 1984 1987 2105 2111 2210
    54   ...    1689 1690 1691 1692 1699 1705 1827 1956 1999 2177 2191 2197
    55   ...     121  131  137  165  177  193  239  247  260  409  610  674  730  736  765  776  907  912  936
    56   ...      23   24  274  275  287  298  319  398  421  431  486  723  741  988  995  996
    57   ...    1296 1297 1300 1302 1304 1420 1503 1517 1534 1550 1569 1578 1588 1596 1600 1624 1643 1658 1849 1853 1908
    58   ...    1273 1278 1280 1287 1479 1504 1507 1539 1559 1561 1563 1589 1604 1647 1879 1884 1888 1910
    59   ...     254  387  676  692  725  726  734  810 1085 1132 1170 1260 1261 1425 1435 1436 1450 1461
    60   ...     242  395  396  397  423  467  665  690  717  718  720 1021 1091 1092 1127 1200 1426 1437 1451 1452 1453 1537
    61   ...     416
    62   ...     418
    63   ...     240  289  419  436  437  693  707  710  796  800  801 1110 1121 1171 1211 1323 1324 1325 1327 1333 1427 1454 1505
    64   ...     255  683  688  691  709  715  719  728  809 1117 1131 1133 1169 1186 1197 1328 1428 1438 1439 1519
    65   ...     122  132  138  166  178  194  230  248  261  410  675  706  713  731  764  777  908  913  937
    66   ...      25   26   27  276  277  290  299  320  399  422  487  638  724  742  997  998
    67   ...    1298 1299 1301 1303 1359 1422 1516 1518 1520 1535 1542 1579 1613 1614 1625 1720 1850 1851 1854 1855 1856 1862 1909
    68   ...    1274 1275 1279 1281 1288 1455 1462 1480 1523 1526 1560 1562 1564 1591 1605 1629 1880 1885 1911
    69   ...      95   96   97  123  135  143  156  157  167  186  407  604
    70   ...     205  206  217  222  226  238  243  249  278  413  424  545  627  668
    71   ...      28   29   30   31   32   56  338  339  367  369  588  589  640  655
    72   ...     849  850  879  883  900  904 1031 1111 1165 1175 1177 1205 1227 1253 1363 1364 1390 1532
    73   ...     926  941  947  955  962  972  978 1046 1088 1100 1114 1125 1148 1153 1180 1214 1237 1243 1257 1263 1411 1421 1456 1506 1538
    74   ...     819  820 1015 1016 1028 1064 1157 1159 1183 1188 1202 1218 1347 1486
    75   ...    1721 1722 1723 1724 1736 1737 1753 1931 1942 1990 2032 2066 2077 2209
    76   ...    1770 1782 1788 1789 1793 1804 1807 1922 1947 1951 1970 1976 1985 1988 2106 2112 2211
    77   ...    1693 1694 1695 1696 1700 1828 1834 1930 1957 2000 2178 2192 2198
    78   ...     484  494  499  507  516  521  596  600  680  699  703  745  756  767  768  784  789  794  821  827  836  851  852  853  861 1029 1083
    79   ...      98   99  100  118  120  126  144  145  159  160  170  411  446  447  453  454  456  508  509  601  608  663
    80   ...     485  490  492  500  510  513  518  598  658  697  701  744  752  757  785  803  824  830  837  838  839  855  856  857  862  865 1084
    81   ...     103  104  105  113  116  128  130  136  146  162  163  448  449  451  457  609  660  664
    82   ...    1276 1284 1293 1353 1357 1527 1528 1547 1553 1577 1583 1593 1611 1633 1636 1653 1659 1662 1701 1708 1709 1841 1842
    83   ...     854  867  872  884  885  896  897  915 1033 1039 1087 1090 1108 1123 1130 1142 1162 1178 1209 1210 1228 1232 1250 1312 1365 1368 1369 1379 1380 1381 1391 1515
    84   ...    1277 1285 1290 1294 1349 1355 1558 1566 1585 1612 1618 1634 1654 1655 1657 1663 1710 1726 1734 1843 1907
    85   ...     858  869  873  875  880  886 1042 1054 1056 1163 1173 1229 1233 1251 1255 1384 1393
    86   ...      33   34   51   60   74   75   81  109  385  435 2001 2014 2024 2033 2034 2204 2260 2264 2268 2270 2282 2286 2295 2317 2319 2344 2349 2351
    87   ...    1725 1731 1740 1744 1749 1750 1760 1915 1924 1926 1939 1943 1980 2035 2036 2049 2051 2056 2068 2069 2070 2238
    88   ...      40   41   52   65   69   70   82  101  102  110  386 2005 2015 2017 2021 2025 2037 2043 2046 2235 2255 2265 2280 2287 2305 2318 2324 2331 2343
    89   ...    1727 1728 1732 1741 1745 1751 1846 1848 1920 1940 1978 2038 2050 2054 2072 2073 2207 2239
    90   ...     527  528  537  540  612  616  620  682  714  735  758  772  797  807  894  895  901  914  917  927  928 1058 1066 1070
    91   ...     209  227  228  234  236  256  280  281  282  292  294  323  392  420  461  466  468  470  546  547  562  625  686
    92   ...     525  531  532  538  539  621  738  740  747  774  778  805  898  906  916  930  931 1040 1041 1071
    93   ...     214  215  223  231  244  250  257  284  285  288  326  389  393  415  462  464  472  474  556  622  687
    94   ...    1308 1316 1320 1378 1401 1402 1417 1418 1514 1548 1555 1619 1628 1640 1642 1666 1667 1669 1759 1771 1863 1903
    95   ...     929  942  956  964  973  979 1072 1093 1097 1102 1126 1144 1146 1154 1167 1195 1212 1238 1259 1266 1414 1440 1441 1458 1464 1522
    96   ...    1309 1314 1321 1382 1383 1392 1398 1415 1442 1533 1541 1546 1568 1587 1599 1602 1641 1645 1673 1761 1762 1774 1775 1857 1864 1865
    97   ...     932  933  943  945  948  950  953  967  975 1098 1155 1196 1199 1239 1241 1267 1329 1407 1412 1429 1443 1460 1500 1502
    98   ...     158  174  181  187  191  207  208  219  262  394 2067 2082 2085 2096 2097 2256 2271 2272 2278 2296 2307 2320 2352
    99   ...    1772 1773 1779 1785 1790 1795 1808 1810 1871 1874 1876 1878 1917 1928 1933 1945 1952 1962 1971 1982 2098 2102 2104 2113 2125 2126 2127 2133 2137 2250
   100   ...     161  175  184  192  210  211  212  213  263 2071 2078 2083 2089 2099 2245 2247 2289 2309
   101   ...    1776 1780 1786 1801 1802 1812 1869 1875 1953 1972 1974 2100 2114 2115 2129 2130 2134 2138 2251
   102   ...     553  558  568  573  574  579  630  669  712  716  748  762  769  770  799  963  981  985  986  999 1009 1076
   103   ...      35   36   37   38   39   57   64  340  341  348  355  360  361  363  375  379  405  427  430  441  476  480  582  584  645  651  678
   104   ...     554  555  559  569  575  580  631  637  673  695  729  733  763  780  965  966  974  980 1001 1002 1011 1051 1052 1077
   105   ...      42   43   44   45   46   58  342  343  345  349  365  376  380  381  401  402  428  433  439  478  497  590  646  647  652  653
   106   ...    1334 1339 1344 1457 1470 1472 1473 1482 1483 1484 1572 1576 1582 1592 1648 1679 1680 1685 1813 1814 1817 1886 1900
   107   ...     822  823 1000 1010 1022 1023 1079 1104 1106 1128 1138 1185 1191 1219 1223 1245 1247 1269 1493 1494 1495 1510 1544
   108   ...    1335 1340 1343 1459 1466 1468 1476 1481 1573 1575 1590 1607 1615 1681 1682 1686 1800 1823 1826 1882 1901
   109   ...     825  826 1003 1012 1024 1026 1060 1062 1116 1120 1136 1140 1192 1220 1222 1488 1496 1498 1511 1525
   110   ...     279  302  307  310  321  322  330  354  356  371 2124 2140 2147 2150 2158 2167 2174 2187 2219 2258 2259 2274 2276 2299 2301 2310 2321 2334 2340
   111   ...    1697 1703 1822 1832 1833 1836 1913 1964 1983 2002 2003 2004 2168 2176 2179 2188 2189 2193 2199 2220 2233 2242
   112   ...     283  296  300  303  324  325  331  351  372 2128 2141 2148 2154 2159 2169 2170 2181 2221 2225 2227 2229 2267 2291 2293 2300 2335 2341 2346 2348
   113   ...    1698 1824 1830 1889 1891 1894 1935 1955 1960 1966 2006 2007 2008 2171 2172 2183 2200 2201 2222 2231 2243
  ------------------------------------------------------------------------
