   0.000        -15.25045490        -15.25045490         -8.81168270         -8.81168270         -8.81168270
   0.113        -14.87318611        -14.87318611         -8.81112003         -8.81112003         -8.81112003
   0.226        -13.81816387        -13.81816387         -8.92378139         -8.92378139         -8.92378139
   0.339        -12.29217911        -12.29217911         -9.13485813         -9.13485813         -9.13485813
   0.452        -10.55680370        -10.55680370         -9.41686153         -9.41686153         -9.41686153
   0.565         -8.83321476         -8.83321476         -9.73378086         -9.73378086         -9.73378086
   0.678         -7.27704191         -7.27704191        -10.04656410        -10.04656410        -10.04656410
   0.791         -6.01241446         -6.01241446        -10.31915569        -10.31915569        -10.31915569
   0.905         -5.15027905         -5.15027905        -10.52334023        -10.52334023        -10.52334023
   1.018         -4.77482462         -4.77482462        -10.64041805        -10.64041805        -10.64041805
   1.131         -4.92462730         -4.92462730        -10.66054058        -10.66054058        -10.66054058
   1.244         -5.58400822         -5.58400822        -10.58199215        -10.58199215        -10.58199215
   1.357         -6.68647099         -6.68647099        -10.41109371        -10.41109371        -10.41109371
   1.470         -8.12995148         -8.12995148        -10.16262817        -10.16262817        -10.16262817
   1.583         -9.79588223         -9.79588223         -9.86074543         -9.86074543         -9.86074543
   1.696        -11.54672527        -11.54672527         -9.53857803         -9.53857803         -9.53857803
   1.809        -13.19150639        -13.19150639         -9.23462105         -9.23462105         -9.23462105
   1.922        -14.47690868        -14.47690868         -8.98691082         -8.98691082         -8.98691082
   2.035        -15.16010761        -15.16010761         -8.82719231         -8.82719231         -8.82719231
   2.148        -15.10395908        -15.10395908         -8.77609444         -8.77609444         -8.77609444
   2.261        -14.31939316        -14.31939316         -8.84008217         -8.84008217         -8.84008217
   2.374        -12.96273232        -12.96273232         -9.01055622         -9.01055622         -9.01055622
   2.488        -11.28481483        -11.28481483         -9.26505661         -9.26505661         -9.26505661
   2.601         -9.53266621         -9.53266621         -9.57061195         -9.57061195         -9.57061195
   2.714         -7.88747120         -7.88747120         -9.88874340         -9.88874340         -9.88874340
   2.827         -6.48240280         -6.48240280        -10.18139362        -10.18139362        -10.18139362
   2.940         -5.43434954         -5.43434954        -10.41657448        -10.41657448        -10.41657448
   3.053         -4.84156895         -4.84156895        -10.57151413        -10.57151413        -10.57151413
   3.166         -4.76394176         -4.76394176        -10.63269520        -10.63269520        -10.63269520
   3.279         -5.20930433         -5.20930433        -10.59496117        -10.59496117        -10.59496117
   3.392         -6.13172865         -6.13172865        -10.46117496        -10.46117496        -10.46117496
   3.505         -7.44188595         -7.44188595        -10.24239445        -10.24239445        -10.24239445
   3.618         -9.02658939         -9.02658939         -9.95866680         -9.95866680         -9.95866680
   3.731        -10.75924873        -10.75924873         -9.63951969         -9.63951969         -9.63951969
   3.844        -12.47643280        -12.47643280         -9.32178783         -9.32178783         -9.32178783
   3.957        -13.94743824        -13.94743824         -9.04445457         -9.04445457         -9.04445457
   4.071        -14.91206932        -14.91206932         -8.84262466         -8.84262466         -8.84262466
   4.184        -15.17907143        -15.17907143         -8.74218273         -8.74218273         -8.74218273
   4.297        -14.69422531        -14.69422531         -8.75589275         -8.75589275         -8.75589275
   4.410        -13.55431938        -13.55431938         -8.88158226         -8.88158226         -8.88158226
   4.523        -11.98004913        -11.98004913         -9.10243893         -9.10243893         -9.10243893
   4.636        -10.23219585        -10.23219585         -9.38945961         -9.38945961         -9.38945961
   4.749         -8.52192402         -8.52192402         -9.70584106         -9.70584106         -9.70584106
   4.862         -6.99793148         -6.99793148        -10.01261330        -10.01261330        -10.01261330
   4.975         -5.78227377         -5.78227377        -10.27464199        -10.27464199        -10.27464199
   5.088         -4.98331356         -4.98331356        -10.46510506        -10.46510506        -10.46510506
   5.201         -4.67969656         -4.67969656        -10.56670570        -10.56670570        -10.56670570
   5.314         -4.90246487         -4.90246487        -10.57086563        -10.57086563        -10.57086563
   5.427         -5.62814999         -5.62814999        -10.47710228        -10.47710228        -10.47710228
   5.540         -6.78398275         -6.78398275        -10.29298115        -10.29298115        -10.29298115
   5.654         -8.26450920         -8.26450920        -10.03463459        -10.03463459        -10.03463459
   5.767         -9.94946194         -9.94946194         -9.72763157         -9.72763157         -9.72763157
   5.880        -11.69611549        -11.69611549         -9.40619373         -9.40619373         -9.40619373
   5.993        -13.30335045        -13.30335045         -9.10913563         -9.10913563         -9.10913563
   6.106        -14.51318550        -14.51318550         -8.87394714         -8.87394714         -8.87394714
   6.219        -15.09298801        -15.09298801         -8.73108196         -8.73108196         -8.73108196
   6.332        -14.92580318        -14.92580318         -8.69936848         -8.69936848         -8.69936848
   6.445        -14.04474735        -14.04474735         -8.78324509         -8.78324509         -8.78324509
   6.558        -12.62479877        -12.62479877         -8.97210884         -8.97210884         -8.97210884
   6.671        -10.92319012        -10.92319012         -9.24173450         -9.24173450         -9.24173450
   6.784         -9.17975140         -9.17975140         -9.55788517         -9.55788517         -9.55788517
   6.897         -7.56670713         -7.56670713         -9.88158035         -9.88158035         -9.88158035
   7.010         -6.21367693         -6.21367693        -10.17522144        -10.17522144        -10.17522144
   7.123         -5.23560047         -5.23560047        -10.40803719        -10.40803719        -10.40803719
   7.236         -4.72603130         -4.72603130        -10.55865192        -10.55865192        -10.55865192
   7.350         -4.73736477         -4.73736477        -10.61474419        -10.61474419        -10.61474419
   7.463         -5.26894188         -5.26894188        -10.57216930        -10.57216930        -10.57216930
   7.576         -6.26731682         -6.26731682        -10.43471909        -10.43471909        -10.43471909
   7.689         -7.63856840         -7.63856840        -10.21442127        -10.21442127        -10.21442127
   7.802         -9.26838684         -9.26838684         -9.93243217         -9.93243217         -9.93243217
   7.915        -11.02863026        -11.02863026         -9.61930180         -9.61930180         -9.61930180
   8.028        -12.74848080        -12.74848080         -9.31232166         -9.31232166         -9.31232166
   8.141        -14.18783951        -14.18783951         -9.05006886         -9.05006886         -9.05006886
   8.254        -15.08672810        -15.08672810         -8.86637306         -8.86637306         -8.86637306
   8.367        -15.26674843        -15.26674843         -8.78507137         -8.78507137         -8.78507137
   8.480        -14.69418621        -14.69418621         -8.81632900         -8.81632900         -8.81632900
   8.593        -13.48894882        -13.48894882         -8.95507145         -8.95507145         -8.95507145
   8.706        -11.88693047        -11.88693047         -9.18156815         -9.18156815         -9.18156815
   8.819        -10.14657497        -10.14657497         -9.46420956         -9.46420956         -9.46420956
   8.933         -8.46676445         -8.46676445         -9.76423550         -9.76423550         -9.76423550
   9.046         -6.98723698         -6.98723698        -10.04161453        -10.04161453        -10.04161453
   9.159         -5.82595730         -5.82595730        -10.26104927        -10.26104927        -10.26104927
   9.272         -5.08722258         -5.08722258        -10.39594841        -10.39594841        -10.39594841
   9.385         -4.84366798         -4.84366798        -10.42898464        -10.42898464        -10.42898464
   9.498         -5.11925316         -5.11925316        -10.35090542        -10.35090542        -10.35090542
   9.611         -5.88359308         -5.88359308        -10.15960789        -10.15960789        -10.15960789
   9.724         -7.05823612         -7.05823612         -9.85968304         -9.85968304         -9.85968304
   9.837         -8.53385639         -8.53385639         -9.46262074         -9.46262074         -9.46262074
   9.950        -10.18577766        -10.18577766         -8.98756599         -8.98756599         -8.98756599
  10.063        -11.86088371        -11.86088371         -8.46081257         -8.46081257         -8.46081257
  10.176        -13.34202194        -13.34202194         -7.91267538         -7.91267538         -7.91267538
  10.289        -14.36162090        -14.36162090         -7.37286282         -7.37286282         -7.37286282
  10.402        -14.69293404        -14.69293404         -6.86576319         -6.86576319         -6.86576319
  10.516        -14.23635387        -14.23635387         -6.40694284         -6.40694284         -6.40694284
  10.629        -13.04740810        -13.04740810         -6.00266218         -6.00266218         -6.00266218
  10.742        -11.32042122        -11.32042122         -5.65206099         -5.65206099         -5.65206099
  10.855         -9.31590080         -9.31590080         -5.34926605         -5.34926605         -5.34926605
  10.968         -7.25838947         -7.25838947         -5.08422279         -5.08422279         -5.08422279
  11.081         -5.29621840         -5.29621840         -4.84321833         -4.84321833         -4.84321833
  11.194         -3.52944613         -3.52944613         -4.60999584         -4.60999584         -4.60999584
  11.307         -2.03090644         -2.03090644         -4.36740971         -4.36740971         -4.36740971
  11.420         -0.83659106         -0.83659106         -4.09926891         -4.09926891         -4.09926891
  11.533          0.06379442          0.06379442         -3.79195547         -3.79195547         -3.79195547
  11.646          0.71586275          0.71586275         -3.43547058         -3.43547058         -3.43547058
  11.759          1.17738354          1.17738354         -3.02395415         -3.02395415         -3.02395415
  11.872          1.50019503          1.50019503         -2.55664110         -2.55664110         -2.55664110
  11.985          1.72402811          1.72402811         -2.03999853         -2.03999853         -2.03999853
  12.099          1.87769032          1.87769032         -1.48941088         -1.48941088         -1.48941088
  12.212          1.98184013          1.98184013         -0.92781931         -0.92781931         -0.92781931
  12.325          2.05127954          2.05127954         -0.38148490         -0.38148490         -0.38148490
  12.438          2.09659863          2.09659863          0.12518226          0.12518226          0.12518226
  12.551          2.12535024          2.12535024          0.57424951          0.57424951          0.57424951
  12.664          2.14289713          2.14289713          0.95646787          0.95646787          0.95646787
  12.777          2.15301323          2.15301323          1.27007306          1.27007306          1.27007306
  12.890          2.15832567          2.15832567          1.51824510          1.51824510          1.51824510
  13.003          2.16064095          2.16064095          1.70749927          1.70749927          1.70749927
  13.116          2.16116595          2.16116595          1.84677899          1.84677899          1.84677899
  13.229          2.16069245          2.16069245          1.94622719          1.94622719          1.94622719
  13.342          2.15971136          2.15971136          2.01564312          2.01564312          2.01564312
  13.455          2.15851188          2.15851188          2.06330657          2.06330657          2.06330657
  13.568          2.15725350          2.15725350          2.09557104          2.09557104          2.09557104
  13.681          2.15600753          2.15600753          2.11706257          2.11706257          2.11706257
  13.795          2.15481329          2.15481329          2.13108206          2.13108206          2.13108206
  13.908          2.15367889          2.15367889          2.13997054          2.13997054          2.13997054
  14.021          2.15260696          2.15260696          2.14538121          2.14538121          2.14538121
  14.134          2.15159678          2.15159678          2.14847231          2.14847231          2.14847231
  14.247          2.15064883          2.15064883          2.15005040          2.15005040          2.15005040
  14.360          2.14976645          2.14976645          2.15066981          2.15066981          2.15066981
  14.473          2.14894176          2.14894176          2.15070629          2.15070629          2.15070629
  14.586          2.14818144          2.14818144          2.15040898          2.15040898          2.15040898
  14.699          2.14748573          2.14748573          2.14994049          2.14994049          2.14994049
  14.812          2.14685130          2.14685130          2.14940310          2.14940310          2.14940310
  14.925          2.14627624          2.14627624          2.14885783          2.14885783          2.14885783
  15.038          2.14576745          2.14576745          2.14834094          2.14834094          2.14834094
  15.151          2.14531827          2.14531827          2.14787054          2.14787054          2.14787054
  15.264          2.14493585          2.14493585          2.14745665          2.14745665          2.14745665
  15.378          2.14461303          2.14461303          2.14710283          2.14710283          2.14710283
  15.491          2.14434958          2.14434958          2.14681125          2.14681125          2.14681125
  15.604          2.14415264          2.14415264          2.14658213          2.14658213          2.14658213
  15.717          2.14401531          2.14401531          2.14641523          2.14641523          2.14641523
  15.830          2.14394474          2.14394474          2.14631033          2.14631033          2.14631033
  15.943          2.14393330          2.14393330          2.14626837          2.14626837          2.14626837
  16.056          2.14398289          2.14398289          2.14628887          2.14628887          2.14628887
  16.169          2.14409781          2.14409781          2.14637136          2.14637136          2.14637136
  16.282          2.14427614          2.14427614          2.14651704          2.14651704          2.14651704
  16.395          2.14451289          2.14451289          2.14672446          2.14672446          2.14672446
  16.508          2.14481354          2.14481354          2.14699459          2.14699459          2.14699459
  16.621          2.14517903          2.14517903          2.14732671          2.14732671          2.14732671
  16.734          2.14560556          2.14560556          2.14772058          2.14772058          2.14772058
  16.847          2.14609170          2.14609170          2.14817333          2.14817333          2.14817333
  16.961          2.14664388          2.14664388          2.14867926          2.14867926          2.14867926
  17.074          2.14725614          2.14725614          2.14922547          2.14922547          2.14922547
  17.187          2.14793468          2.14793468          2.14978695          2.14978695          2.14978695
  17.300          2.14867234          2.14867234          2.15031815          2.15031815          2.15031815
  17.413          2.14947104          2.14947104          2.15074253          2.15074253          2.15074253
  17.526          2.15033484          2.15033484          2.15093541          2.15093541          2.15093541
  17.639          2.15125942          2.15125942          2.15069985          2.15069985          2.15069985
  17.752          2.15224862          2.15224862          2.14973879          2.14973879          2.14973879
  17.865          2.15329885          2.15329885          2.14760685          2.14760685          2.14760685
  17.978          2.15441155          2.15441155          2.14365268          2.14365268          2.14365268
  18.091          2.15558672          2.15558672          2.13693285          2.13693285          2.13693285
  18.204          2.15681934          2.15681934          2.12609720          2.12609720          2.12609720
  18.317          2.15808988          2.15808988          2.10922599          2.10922599          2.10922599
  18.430          2.15935135          2.15935135          2.08360505          2.08360505          2.08360505
  18.544          2.16049576          2.16049576          2.04541516          2.04541516          2.04541516
  18.657          2.16131949          2.16131949          1.98933661          1.98933661          1.98933661
  18.770          2.16145372          2.16145372          1.90818822          1.90818822          1.90818822
  18.883          2.16029406          2.16029406          1.79294288          1.79294288          1.79294288
  18.996          2.15688610          2.15688610          1.63347220          1.63347220          1.63347220
  19.109          2.14979267          2.14979267          1.41996300          1.41996300          1.41996300
  19.222          2.13688660          2.13688660          1.14439380          1.14439380          1.14439380
  19.335          2.11509657          2.11509657          0.80155385          0.80155385          0.80155385
  19.448          2.08002877          2.08002877          0.39010707          0.39010707          0.39010707
  19.561          2.02546930          2.02546930         -0.08528278         -0.08528278         -0.08528278
  19.674          1.94268298          1.94268298         -0.61160946         -0.61160946         -0.61160946
  19.787          1.81944394          1.81944394         -1.16770422         -1.16770422         -1.16770422
  19.900          1.63867450          1.63867450         -1.72773194         -1.72773194         -1.72773194
  20.013          1.37654948          1.37654948         -2.26623487         -2.26623487         -2.26623487
  20.126          0.99991387          0.99991387         -2.76311445         -2.76311445         -2.76311445
  20.240          0.46373147          0.46373147         -3.20685410         -3.20685410         -3.20685410
  20.353         -0.28780696         -0.28780696         -3.59438658         -3.59438658         -3.59438658
  20.466         -1.31010354         -1.31010354         -3.92885709         -3.92885709         -3.92885709
  20.579         -2.63618708         -2.63618708         -4.21795940         -4.21795940         -4.21795940
  20.692         -4.25660419         -4.25660419         -4.47332573         -4.47332573         -4.47332573
  20.805         -6.11760569         -6.11760569         -4.70984364         -4.70984364         -4.70984364
  20.918         -8.13486195         -8.13486195         -4.94433355         -4.94433355         -4.94433355
  21.031        -10.19214439        -10.19214439         -5.19378376         -5.19378376         -5.19378376
  21.144        -12.10944653        -12.10944653         -5.47353935         -5.47353935         -5.47353935
  21.257        -13.63650227        -13.63650227         -5.79584026         -5.79584026         -5.79584026
  21.370        -14.52843189        -14.52843189         -6.16900110         -6.16900110         -6.16900110
  21.483        -14.64524460        -14.64524460         -6.59691429         -6.59691429         -6.59691429
  21.596        -13.99826717        -13.99826717         -7.07771349         -7.07771349         -7.07771349
  21.709        -12.74829388        -12.74829388         -7.60131550         -7.60131550         -7.60131550
  21.823        -11.15283775        -11.15283775         -8.14810753         -8.14810753         -8.14810753
  21.936         -9.46548080         -9.46548080         -8.69088173         -8.69088173         -8.69088173
  22.049         -7.87280273         -7.87280273         -9.19907188         -9.19907188         -9.19907188
  22.162         -6.51161814         -6.51161814         -9.64356709         -9.64356709         -9.64356709
  22.275         -5.50068951         -5.50068951        -10.00090122        -10.00090122        -10.00090122
  22.388         -4.93865013         -4.93865013        -10.25527668        -10.25527668        -10.25527668
  22.501         -4.88490105         -4.88490105        -10.39824009        -10.39824009        -10.39824009
  22.614         -5.34661388         -5.34661388        -10.42804146        -10.42804146        -10.42804146
  22.727         -6.27758121         -6.27758121        -10.34977055        -10.34977055        -10.34977055
  22.840         -7.58900595         -7.58900595        -10.17598534        -10.17598534        -10.17598534
  22.953         -9.16935158         -9.16935158         -9.92787552         -9.92787552         -9.92787552
  23.066        -10.89471149        -10.89471149         -9.63602638         -9.63602638         -9.63602638
  23.179        -12.60453224        -12.60453224         -9.33842468         -9.33842468         -9.33842468
  23.292        -14.06938076        -14.06938076         -9.07532215         -9.07532215         -9.07532215
  23.406        -15.02722931        -15.02722931         -8.88309097         -8.88309097         -8.88309097
  23.519        -15.28328419        -15.28328419         -8.78873348         -8.78873348         -8.78873348
  23.632        -14.78198910        -14.78198910         -8.80591202         -8.80591202         -8.80591202
  23.745        -13.62266827        -13.62266827         -8.93311977         -8.93311977         -8.93311977
  23.858        -12.03013420        -12.03013420         -9.15401745         -9.15401745         -9.15401745
  23.971        -10.26743603        -10.26743603         -9.43992424         -9.43992424         -9.43992424
  24.084         -8.54550934         -8.54550934         -9.75427437         -9.75427437         -9.75427437
  24.197         -7.01165152         -7.01165152        -10.05828857        -10.05828857        -10.05828857
  24.310         -5.78672123         -5.78672123        -10.31701088        -10.31701088        -10.31701088
  24.423         -4.97860718         -4.97860718        -10.50379944        -10.50379944        -10.50379944
  24.536         -4.66614962         -4.66614962        -10.60153580        -10.60153580        -10.60153580
  24.649         -4.88099146         -4.88099146        -10.60179615        -10.60179615        -10.60179615
  24.762         -5.60039806         -5.60039806        -10.50419331        -10.50419331        -10.50419331
  24.875         -6.75219917         -6.75219917        -10.31631088        -10.31631088        -10.31631088
  24.989         -8.23132038         -8.23132038        -10.05421448        -10.05421448        -10.05421448
  25.102         -9.91758442         -9.91758442         -9.74339294         -9.74339294         -9.74339294
  25.215        -11.66817760        -11.66817760         -9.41806412         -9.41806412         -9.41806412
  25.328        -13.28171158        -13.28171158         -9.11717892         -9.11717892         -9.11717892
  25.441        -14.49972153        -14.49972153         -8.87840366         -8.87840366         -8.87840366
  25.554        -15.08882999        -15.08882999         -8.73225594         -8.73225594         -8.73225594
  25.667        -14.93120098        -14.93120098         -8.69744492         -8.69744492         -8.69744492
  25.780        -14.05906296        -14.05906296         -8.77817726         -8.77817726         -8.77817726
  25.893        -12.64655876        -12.64655876         -8.96364975         -8.96364975         -8.96364975
  26.006        -10.95027637        -10.95027637         -9.22959805         -9.22959805         -9.22959805
  26.119         -9.20968246         -9.20968246         -9.54191017         -9.54191017         -9.54191017
  26.232         -7.59681320         -7.59681320         -9.86178398         -9.86178398         -9.86178398
  26.345         -6.24127197         -6.24127197        -10.15170002        -10.15170002        -10.15170002
  26.458         -5.25821066         -5.25821066        -10.38083458        -10.38083458        -10.38083458
  26.571         -4.74166918         -4.74166918        -10.52772713        -10.52772713        -10.52772713
  26.685         -4.74471474         -4.74471474        -10.58001900        -10.58001900        -10.58001900
  26.798         -5.26739454         -5.26739454        -10.53361797        -10.53361797        -10.53361797
  26.911         -6.25672436         -6.25672436        -10.39244080        -10.39244080        -10.39244080
  27.024         -7.61871815         -7.61871815        -10.16868305        -10.16868305        -10.16868305
  27.137         -9.23825455         -9.23825455         -9.88367653         -9.88367653         -9.88367653
  27.250        -10.98578548        -10.98578548         -9.56815243         -9.56815243         -9.56815243
  27.363        -12.68938732        -12.68938732         -9.25958538         -9.25958538         -9.25958538
  27.476        -14.10971069        -14.10971069         -8.99675846         -8.99675846         -8.99675846
  27.589        -14.99009514        -14.99009514         -8.81376457         -8.81376457         -8.81376457
  27.702        -15.15605736        -15.15605736         -8.73482418         -8.73482418         -8.73482418
  27.815        -14.57484818        -14.57484818         -8.77065182         -8.77065182         -8.77065182
  27.928        -13.36361694        -13.36361694         -8.91693783         -8.91693783         -8.91693783
  28.041        -11.75505638        -11.75505638         -9.15494633         -9.15494633         -9.15494633
  28.154        -10.00714779        -10.00714779         -9.45426083         -9.45426083         -9.45426083
  28.268         -8.32098007         -8.32098007         -9.77740860         -9.77740860         -9.77740860
  28.381         -6.83927345         -6.83927345        -10.08558273        -10.08558273        -10.08558273
  28.494         -5.68227386         -5.68227386        -10.34458351        -10.34458351        -10.34458351
  28.607         -4.95543242         -4.95543242        -10.52888393        -10.52888393        -10.52888393
  28.720         -4.73152256         -4.73152256        -10.62241459        -10.62241459        -10.62241459
  28.833         -5.03400373         -5.03400373        -10.61768436        -10.61768436        -10.61768436
  28.946         -5.83183622         -5.83183622        -10.51525974        -10.51525974        -10.51525974
  29.059         -7.04637003         -7.04637003        -10.32380009        -10.32380009        -10.32380009
  29.172         -8.56923294         -8.56923294        -10.06066895        -10.06066895        -10.06066895
  29.285        -10.27838039        -10.27838039         -9.75274563         -9.75274563         -9.75274563
  29.398        -12.02511311        -12.02511311         -9.43519688         -9.43519688         -9.43519688
  29.511        -13.59825230        -13.59825230         -9.14701462         -9.14701462         -9.14701462
  29.624        -14.73703289        -14.73703289         -8.92500305         -8.92500305         -8.92500305
  29.737        -15.22074509        -15.22074509         -8.79816818         -8.79816818         -8.79816818
  29.851        -14.95262623        -14.95262623         -8.78332043         -8.78332043         -8.78332043
  29.964        -13.98687363        -13.98687363         -8.88262844         -8.88262844         -8.88262844
  30.077        -12.51473522        -12.51473522         -9.08332634         -9.08332634         -9.08332634
  30.190        -10.79642487        -10.79642487         -9.35952950         -9.35952950         -9.35952950
  30.303         -9.06263924         -9.06263924         -9.67613411         -9.67613411         -9.67613411
  30.416         -7.47680902         -7.47680902         -9.99415493         -9.99415493         -9.99415493
  30.529         -6.16552591         -6.16552591        -10.27675533        -10.27675533        -10.27675533
  30.642         -5.24197435         -5.24197435        -10.49440956        -10.49440956        -10.49440956
  30.755         -4.79548740         -4.79548740        -10.62707043        -10.62707043        -10.62707043
  30.868         -4.87199020         -4.87199020        -10.66367817        -10.66367817        -10.66367817
  30.981         -5.46364355         -5.46364355        -10.60136986        -10.60136986        -10.60136986
  31.094         -6.51057053         -6.51057053        -10.44530392        -10.44530392        -10.44530392
  31.207         -7.91451502         -7.91451502        -10.20899677        -10.20899677        -10.20899677
  31.320         -9.55858326         -9.55858326         -9.91522121         -9.91522121         -9.91522121
  31.434        -11.30960751        -11.30960751         -9.59596252         -9.59596252         -9.59596252
  31.547        -12.98639584        -12.98639584         -9.28928089         -9.28928089         -9.28928089
  31.660        -14.34193039        -14.34193039         -9.03365421         -9.03365421         -9.03365421
  31.773        -15.12537098        -15.12537098         -8.86205387         -8.86205387         -8.86205387
  31.886        -15.18039036        -15.18039036         -8.79693890         -8.79693890         -8.79693890
  31.999        -14.49606419        -14.49606419         -8.84691048         -8.84691048         -8.84691048
  32.112        -13.20953655        -13.20953655         -9.00550270         -9.00550270         -9.00550270
  32.225        -11.56363010        -11.56363010         -9.25208664         -9.25208664         -9.25208664
  32.338         -9.81165886         -9.81165886         -9.55491734         -9.55491734         -9.55491734
  32.451         -8.14460278         -8.14460278         -9.87595749         -9.87595749         -9.87595749
  32.564         -6.69999361         -6.69999361        -10.17671299        -10.17671299        -10.17671299
  32.677         -5.59640503         -5.59640503        -10.42405319        -10.42405319        -10.42405319
  32.790         -4.93589735         -4.93589735        -10.59382534        -10.59382534        -10.59382534
  32.903         -4.78496695         -4.78496695        -10.67124653        -10.67124653        -10.67124653
  33.017         -5.15929365         -5.15929365        -10.64999676        -10.64999676        -10.64999676
  33.130         -6.02030325         -6.02030325        -10.53179264        -10.53179264        -10.53179264
  33.243         -7.28380537         -7.28380537        -10.32648087        -10.32648087        -10.32648087
  33.356         -8.83884907         -8.83884907        -10.05276203        -10.05276203        -10.05276203
  33.469        -10.56130886        -10.56130886         -9.73885155         -9.73885155         -9.73885155
  33.582        -12.29555702        -12.29555702         -9.42080593         -9.42080593         -9.42080593
  33.695        -13.82041264        -13.82041264         -9.13767624         -9.13767624         -9.13767624
  33.808        -14.87431335        -14.87431335         -8.92547226         -8.92547226         -8.92547226
