 nl2g
     1        1        9
     2        2       10
     3        3       11
     4        4       12
     5        5       13
     6        6       14
     7        7       15
     8        8       16
     9       17       25
    10       18       26
    11       19       27
    12       20       28
    13       21       29
    14       22       30
    15       23       31
 nNode
     1    0
     2    0
     3    0
     4    0
     5    0
     6    0
     7    0
     8    0
     9    1
    10    1
    11    1
    12    1
    13    1
    14    1
    15    1
 nG2L (node 0)
     1    1
     2    2
     3    3
     4    4
     5    5
     6    6
     7    7
     8    8
     9    0
    10    0
    11    0
    12    0
    13    0
    14    0
    15    0
 nOrbPerNode
     0       8
     1       7
