 msvd2= -0.22184120998030668                5           5           8   1.0000000000000000E-008
 msvd2= -0.22141405031276010                5           5           8   1.0000000000000000E-008
 msvd2= -0.33208918618814598                5           5           8   1.0000000000000000E-008
 msvd2= -0.33166202652059940                5           5           8   1.0000000000000000E-008
 msvd2=  -8.8152757894543632E-002           5           5           8   1.0000000000000000E-008
 msvd2= -0.19840073410238290                5           5           8   1.0000000000000000E-008
 msvd2= -0.87360378595728316                5           5           8   1.0000000000000000E-008
 msvd2= -0.98385176216512238                5           5           8   1.0000000000000000E-008
 msvd2= -0.76039286774947390                5           5           8   1.0000000000000000E-008
 msvd2= -0.87064084395731312                5           5           8   1.0000000000000000E-008
 msvd2= -0.64718194954166464                5           5           8   1.0000000000000000E-008
 msvd2= -0.75742992574950385                5           5           8   1.0000000000000000E-008
 msvd2= -0.53397103133385537                5           5           8   1.0000000000000000E-008
 msvd2= -0.64421900754169459                5           5           8   1.0000000000000000E-008
 msvd2= -0.42076011312604611                5           5           8   1.0000000000000000E-008
 msvd2= -0.53100808933388532                5           5           8   1.0000000000000000E-008
 msvd2= -0.30754919491823685                5           5           8   1.0000000000000000E-008
 msvd2= -0.41779717112607606                5           5           8   1.0000000000000000E-008
 msvd2= -0.19433827671042753                5           5           8   1.0000000000000000E-008
 msvd2= -0.30458625291826680                5           5           8   1.0000000000000000E-008
 msvd2=  -8.1127358502618263E-002           5           5           8   1.0000000000000000E-008
 msvd2= -0.19137533471045753                5           5           8   1.0000000000000000E-008
 msvd2=   3.2083559705190993E-002           5           5           8   1.0000000000000000E-008
 msvd2=  -7.8164416502648271E-002           5           5           8   1.0000000000000000E-008
 msvd2=  0.14529447791300026                5           5           8   1.0000000000000000E-008
 msvd2=   3.5046501705160993E-002           5           5           8   1.0000000000000000E-008
 msvd2=  0.25850539612080953                5           5           8   1.0000000000000000E-008
 msvd2=  0.14825741991297026                5           5           8   1.0000000000000000E-008
 msvd2=  0.37171631432861874                5           5           8   1.0000000000000000E-008
 msvd2=  0.26146833812077952                5           5           8   1.0000000000000000E-008
 msvd2=  0.48492723253642800                5           5           8   1.0000000000000000E-008
 msvd2=  0.37467925632858878                5           5           8   1.0000000000000000E-008
