  -3.4015070392E+001   1.7635653430E-001
  -3.3860456436E+001   1.7656185773E-001
  -3.3705842479E+001   1.7716391063E-001
  -3.3551228523E+001   1.7812636798E-001
  -3.3396614567E+001   1.7941046199E-001
  -3.3242000610E+001   1.8101242669E-001
  -3.3087386654E+001   1.8302325265E-001
  -3.2932772698E+001   1.8572539434E-001
  -3.2778158741E+001   1.8976431882E-001
  -3.2623544785E+001   1.9648898952E-001
  -3.2468930829E+001   2.0865958706E-001
  -3.2314316872E+001   2.3179898828E-001
  -3.2159702916E+001   2.7631905331E-001
  -3.2005088960E+001   3.6039937221E-001
  -3.1850475003E+001   5.1585909692E-001
  -3.1695861047E+001   8.0393801726E-001
  -3.1541247091E+001   1.3210345839E+000
  -3.1386633134E+001   2.0638029744E+000
  -3.1232019178E+001   2.6369050402E+000
  -3.1077405222E+001   2.5049772909E+000
  -3.0922791265E+001   1.8055808998E+000
  -3.0768177309E+001   1.1180609964E+000
  -3.0613563353E+001   6.8754258981E-001
  -3.0458949396E+001   4.5318930917E-001
  -3.0304335440E+001   3.2640820755E-001
  -3.0149721484E+001   2.5818008369E-001
  -2.9995107527E+001   2.2235266413E-001
  -2.9840493571E+001   2.0373351785E-001
  -2.9685879615E+001   1.9381886439E-001
  -2.9531265658E+001   1.8820593914E-001
  -2.9376651702E+001   1.8471778163E-001
  -2.9222037746E+001   1.8229502080E-001
  -2.9067423789E+001   1.8043977178E-001
  -2.8912809833E+001   1.7894758274E-001
  -2.8758195877E+001   1.7776749012E-001
  -2.8603581920E+001   1.7692030386E-001
  -2.8448967964E+001   1.7644720965E-001
  -2.8294354008E+001   1.7637853260E-001
  -2.8139740052E+001   1.7671902299E-001
  -2.7985126095E+001   1.7744595494E-001
  -2.7830512139E+001   1.7851917674E-001
  -2.7675898183E+001   1.7990647345E-001
  -2.7521284226E+001   1.8162765296E-001
  -2.7366670270E+001   1.8382420073E-001
  -2.7212056314E+001   1.8687492916E-001
  -2.7057442357E+001   1.9160909055E-001
  -2.6902828401E+001   1.9974135430E-001
  -2.6748214445E+001   2.1476380685E-001
  -2.6593600488E+001   2.4355786342E-001
  -2.6438986532E+001   2.9875237046E-001
  -2.6284372576E+001   4.0209038351E-001
  -2.6129758619E+001   5.9284355976E-001
  -2.5975144663E+001   9.4623840889E-001
  -2.5820530707E+001   1.5529101535E+000
  -2.5665916750E+001   2.3055941847E+000
  -2.5511302794E+001   2.6831149630E+000
  -2.5356688838E+001   2.3055945546E+000
  -2.5202074881E+001   1.5529109187E+000
  -2.5047460925E+001   9.4623961411E-001
  -2.4892846969E+001   5.9284525920E-001
  -2.4738233012E+001   4.0209263180E-001
  -2.4583619056E+001   2.9875521651E-001
  -2.4429005100E+001   2.4356134727E-001
  -2.4274391143E+001   2.1476795821E-001
  -2.4119777187E+001   1.9974619082E-001
  -2.3965163231E+001   1.9161461483E-001
  -2.3810549274E+001   1.8688112415E-001
  -2.3655935318E+001   1.8383102425E-001
  -2.3501321362E+001   1.8163503156E-001
  -2.3346707405E+001   1.7991429569E-001
  -2.3192093449E+001   1.7852728601E-001
  -2.3037479493E+001   1.7745414186E-001
  -2.2882865536E+001   1.7672701717E-001
  -2.2728251580E+001   1.7638599388E-001
  -2.2573637624E+001   1.7645371934E-001
  -2.2419023667E+001   1.7692535629E-001
  -2.2264409711E+001   1.7777048478E-001
  -2.2109795755E+001   1.7894781794E-001
  -2.1955181798E+001   1.8043644056E-001
  -2.1800567842E+001   1.8228720934E-001
  -2.1645953886E+001   1.8470447082E-001
  -2.1491339929E+001   1.8818601048E-001
  -2.1336725973E+001   1.9379111167E-001
  -2.1182112017E+001   2.0369666691E-001
  -2.1027498060E+001   2.2230540264E-001
  -2.0872884104E+001   2.5812109729E-001
  -2.0718270148E+001   3.2633620698E-001
  -2.0563656191E+001   4.5310302955E-001
  -2.0409042235E+001   6.8744075438E-001
  -2.0254428279E+001   1.1179421915E+000
  -2.0099814323E+001   1.8054431125E+000
  -1.9945200366E+001   2.5048169072E+000
  -1.9790586410E+001   2.6367160149E+000
  -1.9635972454E+001   2.0635774529E+000
  -1.9481358497E+001   1.3207646472E+000
  -1.9326744541E+001   8.0361670458E-001
  -1.9172130585E+001   5.1548016827E-001
  -1.9017516628E+001   3.5995681988E-001
  -1.8862902672E+001   2.7580690692E-001
  -1.8708288716E+001   2.3121120831E-001
  -1.8553674759E+001   2.0798990146E-001
  -1.8399060803E+001   1.9573073106E-001
  -1.8244446847E+001   1.8891031165E-001
  -1.8089832890E+001   1.8476787221E-001
  -1.7935218934E+001   1.8195377408E-001
  -1.7780604978E+001   1.7982177094E-001
  -1.7625991021E+001   1.7808850934E-001
  -1.7471377065E+001   1.7666197796E-001
  -1.7316763109E+001   1.7554481558E-001
  -1.7162149152E+001   1.7477458791E-001
  -1.7007535196E+001   1.7438638785E-001
  -1.6852921240E+001   1.7439305973E-001
  -1.6698307283E+001   1.7477945506E-001
  -1.6543693327E+001   1.7550834269E-001
  -1.6389079371E+001   1.7654034672E-001
  -1.6234465414E+001   1.7787150554E-001
  -1.6079851458E+001   1.7959314996E-001
  -1.5925237502E+001   1.8198874964E-001
  -1.5770623545E+001   1.8570564865E-001
  -1.5616009589E+001   1.9209583819E-001
  -1.5461395633E+001   2.0392408824E-001
  -1.5306781676E+001   2.2671982514E-001
  -1.5152167720E+001   2.7090341098E-001
  -1.4997553764E+001   3.5466405872E-001
  -1.4842939807E+001   5.0983037356E-001
  -1.4688325851E+001   7.9765013791E-001
  -1.4533711895E+001   1.3145217279E+000
  -1.4379097938E+001   2.0570693752E+000
  -1.4224483982E+001   2.6298759561E+000
  -1.4069870026E+001   2.4974856813E+000
  -1.3915256069E+001   1.7974323449E+000
  -1.3760642113E+001   1.1091165451E+000
  -1.3606028157E+001   6.7773919721E-001
  -1.3451414200E+001   4.4251384088E-001
  -1.3296800244E+001   3.1487785082E-001
  -1.3142186288E+001   2.4583778229E-001
  -1.2987572331E+001   2.0926418580E-001
  -1.2832958375E+001   1.8998290257E-001
  -1.2678344419E+001   1.7950518207E-001
  -1.2523730462E+001   1.7344214975E-001
  -1.2369116506E+001   1.6963038331E-001
  -1.2214502550E+001   1.6702319278E-001
  -1.2059888594E+001   1.6513355937E-001
  -1.1905274637E+001   1.6376531154E-001
  -1.1750660681E+001   1.6287278316E-001
  -1.1596046725E+001   1.6247895992E-001
  -1.1441432768E+001   1.6262401094E-001
  -1.1286818812E+001   1.6333390836E-001
  -1.1132204856E+001   1.6460542480E-001
  -1.0977590899E+001   1.6640381321E-001
  -1.0822976943E+001   1.6867241790E-001
  -1.0668362987E+001   1.7135774608E-001
  -1.0513749030E+001   1.7445360235E-001
  -1.0359135074E+001   1.7807131264E-001
  -1.0204521118E+001   1.8255654912E-001
  -1.0049907161E+001   1.8870415141E-001
  -9.8952932049E+000   1.9819528559E-001
  -9.7406792486E+000   2.1449246178E-001
  -9.5860652923E+000   2.4445626038E-001
  -9.4314513359E+000   3.0071062966E-001
  -9.2768373796E+000   4.0501711674E-001
  -9.1222234233E+000   5.9669233873E-001
  -8.9676094670E+000   9.5102894364E-001
  -8.8129955106E+000   1.5587125949E+000
  -8.6583815543E+000   2.3123951090E+000
  -8.5037675980E+000   2.6906179724E+000
  -8.3491536417E+000   2.3133255338E+000
  -8.1945396853E+000   1.5606075897E+000
  -8.0399257290E+000   9.5393623966E-001
  -7.8853117727E+000   6.0065446175E-001
  -7.7306978164E+000   4.1006353573E-001
  -7.5760838600E+000   3.0685506418E-001
  -7.4214699037E+000   2.5169597227E-001
  -7.2668559474E+000   2.2280958348E-001
  -7.1122419910E+000   2.0755908910E-001
  -6.9576280347E+000   1.9907292884E-001
  -6.8030140784E+000   1.9387883927E-001
  -6.6484001221E+000   1.9028687484E-001
  -6.4937861657E+000   1.8749449489E-001
  -6.3391722094E+000   1.8514956137E-001
  -6.1845582531E+000   1.8313550940E-001
  -6.0299442968E+000   1.8145430600E-001
  -5.8753303404E+000   1.8015587035E-001
  -5.7207163841E+000   1.7929354296E-001
  -5.5661024278E+000   1.7889866289E-001
  -5.4114884714E+000   1.7897071459E-001
  -5.2568745151E+000   1.7947956116E-001
  -5.1022605588E+000   1.8038054870E-001
  -4.9476466025E+000   1.8164618783E-001
  -4.7930326461E+000   1.8331808922E-001
  -4.6384186898E+000   1.8558934640E-001
  -4.4838047335E+000   1.8894530305E-001
  -4.3291907772E+000   1.9443255392E-001
  -4.1745768208E+000   2.0421597564E-001
  -4.0199628645E+000   2.2268756012E-001
  -3.8653489082E+000   2.5834156840E-001
  -3.7107349518E+000   3.2636114274E-001
  -3.5561209955E+000   4.5288661131E-001
  -3.4015070392E+000   6.8691271280E-001
  -3.2468930829E+000   1.1169751324E+000
  -3.0922791265E+000   1.8038461587E+000
  -2.9376651702E+000   2.5025105730E+000
  -2.7830512139E+000   2.6339507930E+000
  -2.6284372576E+000   2.0606543921E+000
  -2.4738233012E+000   1.3176274420E+000
  -2.3192093449E+000   7.9999626294E-001
  -2.1645953886E+000   5.1115822911E-001
  -2.0099814323E+000   3.5480524266E-001
  -1.8553674759E+000   2.6975155179E-001
  -1.7007535196E+000   2.2421233048E-001
  -1.5461395633E+000   2.0003425848E-001
  -1.3915256069E+000   1.8682735775E-001
  -1.2369116506E+000   1.7908895807E-001
  -1.0822976943E+000   1.7407905156E-001
  -9.2768373796E-001   1.7046884190E-001
  -7.7306978164E-001   1.6763207247E-001
  -6.1845582531E-001   1.6530346206E-001
  -4.6384186898E-001   1.6340643468E-001
  -3.0922791265E-001   1.6195614910E-001
  -1.5461395633E-001   1.6099982273E-001
   0.0000000000E+000   1.6057953012E-001
   1.5461395633E-001   1.6071262328E-001
   3.0922791265E-001   1.6138607866E-001
   4.6384186898E-001   1.6256234392E-001
   6.1845582531E-001   1.6419905798E-001
   7.7306978164E-001   1.6628629415E-001
   9.2768373796E-001   1.6890614608E-001
   1.0822976943E+000   1.7232946935E-001
   1.2369116506E+000   1.7718781677E-001
   1.3915256069E+000   1.8481459918E-001
   1.5461395633E+000   1.9795323216E-001
   1.7007535196E+000   2.2210772383E-001
   1.8553674759E+000   2.6766589739E-001
   2.0099814323E+000   3.5277379219E-001
   2.1645953886E+000   5.0920350789E-001
   2.3192093449E+000   7.9812589890E-001
   2.4738233012E+000   1.3158407848E+000
   2.6284372576E+000   2.0589590651E+000
   2.7830512139E+000   2.6323720294E+000
   2.9376651702E+000   2.5010855565E+000
   3.0922791265E+000   1.8026215121E+000
   3.2468930829E+000   1.1159932095E+000
   3.4015070392E+000   6.8619637016E-001
   3.5561209955E+000   4.5244812685E-001
   3.7107349518E+000   3.2621529025E-001
   3.8653489082E+000   2.5850834962E-001
   4.0199628645E+000   2.2318881917E-001
   4.1745768208E+000   2.0507092682E-001
   4.3291907772E+000   1.9565429968E-001
   4.4838047335E+000   1.9053865804E-001
   4.6384186898E+000   1.8754968030E-001
   4.7930326461E+000   1.8563093434E-001
   4.9476466025E+000   1.8428748565E-001
   5.1022605588E+000   1.8331742855E-001
   5.2568745151E+000   1.8267150048E-001
   5.4114884714E+000   1.8237091046E-001
   5.5661024278E+000   1.8245547451E-001
   5.7207163841E+000   1.8295192271E-001
   5.8753303404E+000   1.8385876476E-001
   6.0299442968E+000   1.8514405492E-001
   6.1845582531E+000   1.8675528500E-001
   6.3391722094E+000   1.8864487041E-001
   6.4937861657E+000   1.9081472702E-001
   6.6484001221E+000   1.9338682135E-001
   6.8030140784E+000   1.9672005575E-001
   6.9576280347E+000   2.0162480404E-001
   7.1122419910E+000   2.0979947179E-001
   7.2668559474E+000   2.2472465905E-001
   7.4214699037E+000   2.5327862640E-001
   7.5760838600E+000   3.0810040736E-001
   7.7306978164E+000   4.1095992046E-001
   7.8853117727E+000   6.0116611512E-001
   8.0399257290E+000   9.5396939264E-001
   8.1945396853E+000   1.5599887195E+000
   8.3491536417E+000   2.3119526165E+000
   8.5037675980E+000   2.6887899308E+000
   8.6583815543E+000   2.3106578860E+000
   8.8129955106E+000   1.5572140016E+000
   8.9676094670E+000   9.4947785716E-001
   9.1222234233E+000   5.9477054032E-001
   9.2768373796E+000   4.0253868512E-001
   9.4314513359E+000   2.9759037892E-001
   9.5860652923E+000   2.4067218107E-001
   9.7406792486E+000   2.1006255594E-001
   9.8952932049E+000   1.9315976685E-001
   1.0049907161E+001   1.8311402089E-001
   1.0204521118E+001   1.7646835787E-001
   1.0359135074E+001   1.7154521189E-001
   1.0513749030E+001   1.6755220497E-001
   1.0668362987E+001   1.6414483963E-001
   1.0822976943E+001   1.6121157640E-001
   1.0977590899E+001   1.5875722884E-001
   1.1132204856E+001   1.5683316467E-001
   1.1286818812E+001   1.5549361521E-001
   1.1441432768E+001   1.5477093627E-001
   1.1596046725E+001   1.5466616218E-001
   1.1750660681E+001   1.5515132705E-001
   1.1905274637E+001   1.5618433895E-001
   1.2059888594E+001   1.5774014580E-001
   1.2214502550E+001   1.5986196442E-001
   1.2369116506E+001   1.6274295861E-001
   1.2523730462E+001   1.6686656280E-001
   1.2678344419E+001   1.7327549104E-001
   1.2832958375E+001   1.8412909704E-001
   1.2987572331E+001   2.0381220864E-001
   1.3142186288E+001   2.4080907882E-001
   1.3296800244E+001   3.1028784780E-001
   1.3451414200E+001   4.3836978070E-001
   1.3606028157E+001   6.7403875087E-001
   1.3760642113E+001   1.1058454481E+000
   1.3915256069E+001   1.7945541429E+000
   1.4069870026E+001   2.4949277531E+000
   1.4224483982E+001   2.6275385614E+000
   1.4379097938E+001   2.0548663882E+000
   1.4533711895E+001   1.3124130194E+000
   1.4688325851E+001   7.9563498411E-001
   1.4842939807E+001   5.0792298191E-001
   1.4997553764E+001   3.5287878805E-001
   1.5152167720E+001   2.6925096522E-001
   1.5306781676E+001   2.2520665626E-001
   1.5461395633E+001   2.0255230755E-001
   1.5616009589E+001   1.9086369523E-001
   1.5770623545E+001   1.8460840879E-001
   1.5925237502E+001   1.8101958611E-001
   1.6079851458E+001   1.7874385433E-001
   1.6234465414E+001   1.7713301061E-001
   1.6389079371E+001   1.7590312000E-001
   1.6543693327E+001   1.7496269808E-001
   1.6698307283E+001   1.7431580569E-001
   1.6852921240E+001   1.7400211907E-001
   1.7007535196E+001   1.7405932117E-001
   1.7162149152E+001   1.7450311765E-001
   1.7316763109E+001   1.7532128737E-001
   1.7471377065E+001   1.7647939472E-001
   1.7625991021E+001   1.7794054082E-001
   1.7780604978E+001   1.7970274581E-001
   1.7935218934E+001   1.8185866044E-001
   1.8089832890E+001   1.8469225098E-001
   1.8244446847E+001   1.8885034606E-001
   1.8399060803E+001   1.9568313471E-001
   1.8553674759E+001   2.0795190509E-001
   1.8708288716E+001   2.3118052226E-001
   1.8862902672E+001   2.7578167613E-001
   1.9017516628E+001   3.5993557483E-001
   1.9172130585E+001   5.1546178922E-001
   1.9326744541E+001   8.0360040087E-001
   1.9481358497E+001   1.3207498604E+000
   1.9635972454E+001   2.0635635752E+000
   1.9790586410E+001   2.6367021352E+000
   1.9945200366E+001   2.5048020197E+000
   2.0099814323E+001   1.8054266430E+000
   2.0254428279E+001   1.1179241751E+000
   2.0409042235E+001   6.8742154305E-001
   2.0563656191E+001   4.5308299028E-001
   2.0718270148E+001   3.2631563877E-001
   2.0872884104E+001   2.5810025333E-001
   2.1027498060E+001   2.2228451090E-001
   2.1182112017E+001   2.0367593632E-001
   2.1336725973E+001   1.9377073395E-001
   2.1491339929E+001   1.8816616105E-001
   2.1645953886E+001   1.8468530878E-001
   2.1800567842E+001   1.8226887661E-001
   2.1955181798E+001   1.8041906053E-001
   2.2109795755E+001   1.7893149441E-001
   2.2264409711E+001   1.7775530148E-001
   2.2419023667E+001   1.7691137699E-001
   2.2573637624E+001   1.7644098850E-001
   2.2728251580E+001   1.7637453771E-001
   2.2882865536E+001   1.7671684518E-001
   2.3037479493E+001   1.7744524834E-001
   2.3192093449E+001   1.7851965166E-001
   2.3346707405E+001   1.7990788925E-001
   2.3501321362E+001   1.8162981130E-001
   2.3655935318E+001   1.8382693934E-001
   2.3810549274E+001   1.8687811615E-001
   2.3965163231E+001   1.9161261930E-001
   2.4119777187E+001   1.9974513898E-001
   2.4274391143E+001   2.1476777856E-001
   2.4429005100E+001   2.4356196694E-001
   2.4583619056E+001   2.9875656175E-001
   2.4738233012E+001   4.0209462763E-001
   2.4892846969E+001   5.9284782872E-001
   2.5047460925E+001   9.4624267863E-001
   2.5202074881E+001   1.5529143993E+000
   2.5356688838E+001   2.3055983758E+000
   2.5511302794E+001   2.6831190570E+000
   2.5665916750E+001   2.3055984948E+000
   2.5820530707E+001   1.5529146354E+000
   2.5975144663E+001   9.4624302893E-001
   2.6129758619E+001   5.9284829225E-001
   2.6284372576E+001   4.0209520738E-001
   2.6438986532E+001   2.9875726688E-001
   2.6593600488E+001   2.4356281454E-001
   2.6748214445E+001   2.1476879544E-001
   2.6902828401E+001   1.9974636380E-001
   2.7057442357E+001   1.9161410530E-001
   2.7212056314E+001   1.8687993460E-001
   2.7366670270E+001   1.8382918345E-001
   2.7521284226E+001   1.8163260070E-001
   2.7675898183E+001   1.7991137510E-001
   2.7830512139E+001   1.7852402225E-001
   2.7985126095E+001   1.7745073524E-001
   2.8139740052E+001   1.7672372992E-001
   2.8294354008E+001   1.7638315883E-001
   2.8448967964E+001   1.7645174862E-001
   2.8603581920E+001   1.7692474963E-001
   2.8758195877E+001   1.7777183740E-001
   2.8912809833E+001   1.7895182679E-001
   2.9067423789E+001   1.8044390832E-001
   2.9222037746E+001   1.8229904601E-001
   2.9376651702E+001   1.8472169213E-001
   2.9531265658E+001   1.8820973190E-001
   2.9685879615E+001   1.9382253671E-001
   2.9840493571E+001   2.0373706738E-001
   2.9995107527E+001   2.2235608881E-001
   3.0149721484E+001   2.5818338172E-001
   3.0304335440E+001   3.2641137738E-001
   3.0458949396E+001   4.5319234950E-001
   3.0613563353E+001   6.8754549957E-001
   3.0768177309E+001   1.1180637747E+000
   3.0922791265E+001   1.8055835459E+000
   3.1077405222E+001   2.5049798043E+000
   3.1232019178E+001   2.6369074204E+000
   3.1386633134E+001   2.0638052212E+000
   3.1541247091E+001   1.3210366973E+000
   3.1695861047E+001   8.0393999705E-001
   3.1850475003E+001   5.1586094319E-001
   3.2005088960E+001   3.6040108509E-001
   3.2159702916E+001   2.7632063300E-001
   3.2314316872E+001   2.3180043499E-001
   3.2468930829E+001   2.0866090103E-001
   3.2623544785E+001   1.9649017105E-001
   3.2778158741E+001   1.8976536818E-001
   3.2932772698E+001   1.8572631180E-001
   3.3087386654E+001   1.8302403849E-001
   3.3242000610E+001   1.8101308115E-001
   3.3396614567E+001   1.7941098528E-001
   3.3551228523E+001   1.7812676028E-001
   3.3705842479E+001   1.7716417209E-001
   3.3860456436E+001   1.7656198844E-001
