  -3.4015070392E+001   1.7523852382E-001
  -3.3860456436E+001   1.7544291914E-001
  -3.3705842479E+001   1.7603558131E-001
  -3.3551228523E+001   1.7698063489E-001
  -3.3396614567E+001   1.7824004920E-001
  -3.3242000610E+001   1.7981105840E-001
  -3.3087386654E+001   1.8178587836E-001
  -3.2932772698E+001   1.8444836180E-001
  -3.2778158741E+001   1.8844548144E-001
  -3.2623544785E+001   1.9512773971E-001
  -3.2468930829E+001   2.0725681424E-001
  -3.2314316872E+001   2.3035696754E-001
  -3.2159702916E+001   2.7484127476E-001
  -3.2005088960E+001   3.5889033004E-001
  -3.1850475003E+001   5.1432410522E-001
  -3.1695861047E+001   8.0238326858E-001
  -3.1541247091E+001   1.3194676597E+000
  -3.1386633134E+001   2.0622326404E+000
  -3.1232019178E+001   2.6353379357E+000
  -3.1077405222E+001   2.5034158655E+000
  -3.0922791265E+001   1.8040287446E+000
  -3.0768177309E+001   1.1165259933E+000
  -3.0613563353E+001   6.8603335240E-001
  -3.0458949396E+001   4.5171295649E-001
  -3.0304335440E+001   3.2497068911E-001
  -3.0149721484E+001   2.5678655611E-001
  -2.9995107527E+001   2.2100743306E-001
  -2.9840493571E+001   2.0243983051E-001
  -2.9685879615E+001   1.9257870846E-001
  -2.9531265658E+001   1.8701989051E-001
  -2.9376651702E+001   1.8358491507E-001
  -2.9222037746E+001   1.8121289271E-001
  -2.9067423789E+001   1.7940447867E-001
  -2.8912809833E+001   1.7795389162E-001
  -2.8758195877E+001   1.7680903037E-001
  -2.8603581920E+001   1.7598980645E-001
  -2.8448967964E+001   1.7553677957E-001
  -2.8294354008E+001   1.7547994180E-001
  -2.8139740052E+001   1.7582401367E-001
  -2.7985126095E+001   1.7654654418E-001
  -2.7830512139E+001   1.7760795392E-001
  -2.7675898183E+001   1.7897688066E-001
  -2.7521284226E+001   1.8067423664E-001
  -2.7366670270E+001   1.8284282079E-001
  -2.7212056314E+001   1.8586291097E-001
  -2.7057442357E+001   1.9056530790E-001
  -2.6902828401E+001   1.9866623691E-001
  -2.6748214445E+001   2.1365927390E-001
  -2.6593600488E+001   2.4242719046E-001
  -2.6438986532E+001   2.9760000173E-001
  -2.6284372576E+001   4.0092171685E-001
  -2.6129758619E+001   5.9166480870E-001
  -2.5975144663E+001   9.4505681206E-001
  -2.5820530707E+001   1.5517345030E+000
  -2.5665916750E+001   2.3044337337E+000
  -2.5511302794E+001   2.6819755217E+000
  -2.5356688838E+001   2.3044788769E+000
  -2.5202074881E+001   1.5518248612E+000
  -2.5047460925E+001   9.4519252230E-001
  -2.4892846969E+001   5.9184606293E-001
  -2.4738233012E+001   4.0114875194E-001
  -2.4583619056E+001   2.9787309225E-001
  -2.4429005100E+001   2.4274664425E-001
  -2.4274391143E+001   2.1402542911E-001
  -2.4119777187E+001   1.9907945854E-001
  -2.3965163231E+001   1.9102598273E-001
  -2.3810549274E+001   1.8637144075E-001
  -2.3655935318E+001   1.8339961417E-001
  -2.3501321362E+001   1.8127970020E-001
  -2.3346707405E+001   1.7963140911E-001
  -2.3192093449E+001   1.7831191961E-001
  -2.3037479493E+001   1.7730028583E-001
  -2.2882865536E+001   1.7662782432E-001
  -2.2728251580E+001   1.7633405587E-001
  -2.2573637624E+001   1.7644135975E-001
  -2.2419023667E+001   1.7694493056E-001
  -2.2264409711E+001   1.7781467867E-001
  -2.2109795755E+001   1.7900993540E-001
  -2.1955181798E+001   1.8051067079E-001
  -2.1800567842E+001   1.8236886060E-001
  -2.1645953886E+001   1.8479015656E-001
  -2.1491339929E+001   1.8827377391E-001
  -2.1336725973E+001   1.9388047822E-001
  -2.1182112017E+001   2.0378862090E-001
  -2.1027498060E+001   2.2240229189E-001
  -2.0872884104E+001   2.5822647451E-001
  -2.0718270148E+001   3.2645462184E-001
  -2.0563656191E+001   4.5323981332E-001
  -2.0409042235E+001   6.8760195289E-001
  -2.0254428279E+001   1.1181349305E+000
  -2.0099814323E+001   1.8056758996E+000
  -1.9945200366E+001   2.5050973652E+000
  -1.9790586410E+001   2.6370472875E+000
  -1.9635972454E+001   2.0639613684E+000
  -1.9481358497E+001   1.3212071026E+000
  -1.9326744541E+001   8.0412562907E-001
  -1.9172130585E+001   5.1606219597E-001
  -1.9017516628E+001   3.6061706015E-001
  -1.8862902672E+001   2.7654944131E-001
  -1.8708288716E+001   2.3203913935E-001
  -1.8553674759E+001   2.0890515685E-001
  -1.8399060803E+001   1.9673384119E-001
  -1.8244446847E+001   1.9000022911E-001
  -1.8089832890E+001   1.8594185211E-001
  -1.7935218934E+001   1.8320732476E-001
  -1.7780604978E+001   1.8114868034E-001
  -1.7625991021E+001   1.7948094622E-001
  -1.7471377065E+001   1.7811066016E-001
  -1.7316763109E+001   1.7703923270E-001
  -1.7162149152E+001   1.7630326472E-001
  -1.7007535196E+001   1.7593717596E-001
  -1.6852921240E+001   1.7595344743E-001
  -1.6698307283E+001   1.7633688667E-001
  -1.6543693327E+001   1.7705053972E-001
  -1.6389079371E+001   1.7805562221E-001
  -1.6234465414E+001   1.7934906070E-001
  -1.6079851458E+001   1.8102333990E-001
  -1.5925237502E+001   1.8336330411E-001
  -1.5770623545E+001   1.8701783647E-001
  -1.5616009589E+001   1.9334057111E-001
  -1.5461395633E+001   2.0509796827E-001
  -1.5306781676E+001   2.2782113933E-001
  -1.5152167720E+001   2.7193206218E-001
  -1.4997553764E+001   3.5562140926E-001
  -1.4842939807E+001   5.1071904978E-001
  -1.4688325851E+001   7.9847401760E-001
  -1.4533711895E+001   1.3152860374E+000
  -1.4379097938E+001   2.0577789181E+000
  -1.4224483982E+001   2.6305292313E+000
  -1.4069870026E+001   2.4980721797E+000
  -1.3915256069E+001   1.7979414260E+000
  -1.3760642113E+001   1.1095450693E+000
  -1.3606028157E+001   6.7808908562E-001
  -1.3451414200E+001   4.4278847131E-001
  -1.3296800244E+001   3.1508134355E-001
  -1.3142186288E+001   2.4597514040E-001
  -1.2987572331E+001   2.0934107931E-001
  -1.2832958375E+001   1.9000519834E-001
  -1.2678344419E+001   1.7947853092E-001
  -1.2523730462E+001   1.7337172257E-001
  -1.2369116506E+001   1.6952070809E-001
  -1.2214502550E+001   1.6687803953E-001
  -1.2059888594E+001   1.6495585756E-001
  -1.1905274637E+001   1.6355711003E-001
  -1.1750660681E+001   1.6263526711E-001
  -1.1596046725E+001   1.6221253210E-001
  -1.1441432768E+001   1.6232843668E-001
  -1.1286818812E+001   1.6300851679E-001
  -1.1132204856E+001   1.6424935646E-001
  -1.0977590899E+001   1.6601630194E-001
  -1.0822976943E+001   1.6825308919E-001
  -1.0668362987E+001   1.7090690719E-001
  -1.0513749030E+001   1.7397249447E-001
  -1.0359135074E+001   1.7756229515E-001
  -1.0204521118E+001   1.8202319516E-001
  -1.0049907161E+001   1.8815124925E-001
  -9.8952932049E+000   1.9762872938E-001
  -9.7406792486E+000   2.1391892694E-001
  -9.5860652923E+000   2.4388238801E-001
  -9.4314513359E+000   3.0014134895E-001
  -9.2768373796E+000   4.0445299484E-001
  -9.1222234233E+000   5.9612618108E-001
  -8.9676094670E+000   9.5044167548E-001
  -8.8129955106E+000   1.5580727472E+000
  -8.6583815543E+000   2.3116803058E+000
  -8.5037675980E+000   2.6898562794E+000
  -8.3491536417E+000   2.3125822913E+000
  -8.1945396853E+000   1.5599130635E+000
  -8.0399257290E+000   9.5327103906E-001
  -7.8853117727E+000   5.9998960748E-001
  -7.7306978164E+000   4.0938142593E-001
  -7.5760838600E+000   3.0614877483E-001
  -7.4214699037E+000   2.5096506929E-001
  -7.2668559474E+000   2.2205679147E-001
  -7.1122419910E+000   2.0678778993E-001
  -6.9576280347E+000   1.9828562771E-001
  -6.8030140784E+000   1.9307646689E-001
  -6.6484001221E+000   1.8946857705E-001
  -6.4937861657E+000   1.8665765532E-001
  -6.3391722094E+000   1.8428995501E-001
  -6.1845582531E+000   1.8224756013E-001
  -6.0299442968E+000   1.8053142870E-001
  -5.8753303404E+000   1.7919086727E-001
  -5.7207163841E+000   1.7827902092E-001
  -5.5661024278E+000   1.7782744308E-001
  -5.4114884714E+000   1.7783621500E-001
  -5.2568745151E+000   1.7827614055E-001
  -5.1022605588E+000   1.7910380661E-001
  -4.9476466025E+000   1.8029321658E-001
  -4.7930326461E+000   1.8188767262E-001
  -4.6384186898E+000   1.8408210046E-001
  -4.4838047335E+000   1.8736375455E-001
  -4.3291907772E+000   1.9278115543E-001
  -4.1745768208E+000   2.0250105930E-001
  -4.0199628645E+000   2.2091723575E-001
  -3.8653489082E+000   2.5652557139E-001
  -3.7107349518E+000   3.2451064031E-001
  -3.5561209955E+000   4.5101401539E-001
  -3.4015070392E+000   6.8503168083E-001
  -3.2468930829E+000   1.1151008981E+000
  -3.0922791265E+000   1.8019948533E+000
  -2.9376651702E+000   2.5006942808E+000
  -2.7830512139E+000   2.6321726737E+000
  -2.6284372576E+000   2.0589163522E+000
  -2.4738233012E+000   1.3159406504E+000
  -2.3192093449E+000   7.9837796562E-001
  -2.1645953886E+000   5.0962483604E-001
  -2.0099814323E+000   3.5337057676E-001
  -1.8553674759E+000   2.6842726344E-001
  -1.7007535196E+000   2.2300812368E-001
  -1.5461395633E+000   1.9895790147E-001
  -1.3915256069E+000   1.8588465701E-001
  -1.2369116506E+000   1.7828371646E-001
  -1.0822976943E+000   1.7341302608E-001
  -9.2768373796E-001   1.6994173435E-001
  -7.7306978164E-001   1.6724157671E-001
  -6.1845582531E-001   1.6504537254E-001
  -4.6384186898E-001   1.6327480718E-001
  -3.0922791265E-001   1.6194349896E-001
  -1.5461395633E-001   1.6109734677E-001
   0.0000000000E+000   1.6077734195E-001
   1.5461395633E-001   1.6099999577E-001
   3.0922791265E-001   1.6175169008E-001
   4.6384186898E-001   1.6299452620E-001
   6.1845582531E-001   1.6468604606E-001
   7.7306978164E-001   1.6681647350E-001
   9.2768373796E-001   1.6946829155E-001
   1.0822976943E+000   1.7291296367E-001
   1.2369116506E+000   1.7778283329E-001
   1.3915256069E+000   1.8541223774E-001
   1.5461395633E+000   1.9854561944E-001
   1.7007535196E+000   2.2268812957E-001
   1.8553674759E+000   2.6822894676E-001
   2.0099814323E+000   3.5331581748E-001
   2.1645953886E+000   5.0972303124E-001
   2.3192093449E+000   7.9862446944E-001
   2.4738233012E+000   1.3163242163E+000
   2.6284372576E+000   2.0594350592E+000
   2.7830512139E+000   2.6328381588E+000
   2.9376651702E+000   2.5015232199E+000
   3.0922791265E+000   1.8030146604E+000
   3.2468930829E+000   1.1163413705E+000
   3.4015070392E+000   6.8650507592E-001
   3.5561209955E+000   4.5272047992E-001
   3.7107349518E+000   3.2645147516E-001
   3.8653489082E+000   2.5870671324E-001
   4.0199628645E+000   2.2334638207E-001
   4.1745768208E+000   2.0518358930E-001
   4.3291907772E+000   1.9571693871E-001
   4.4838047335E+000   1.9054516515E-001
   4.6384186898E+000   1.8749298618E-001
   4.7930326461E+000   1.8550306050E-001
   4.9476466025E+000   1.8407964524E-001
   5.1022605588E+000   1.8302018272E-001
   5.2568745151E+000   1.8227497070E-001
   5.4114884714E+000   1.8186504805E-001
   5.5661024278E+000   1.8183038958E-001
   5.7207163841E+000   1.8219827365E-001
   5.8753303404E+000   1.8296820859E-001
   6.0299442968E+000   1.8410975382E-001
   6.1845582531E+000   1.8557245054E-001
   6.3391722094E+000   1.8731130961E-001
   6.4937861657E+000   1.8933134013E-001
   6.6484001221E+000   1.9175799424E-001
   6.8030140784E+000   1.9495389861E-001
   6.9576280347E+000   1.9973321106E-001
   7.1122419910E+000   2.0779795882E-001
   7.2668559474E+000   2.2263178496E-001
   7.4214699037E+000   2.5111450513E-001
   7.5760838600E+000   3.0588363977E-001
   7.7306978164E+000   4.0870269934E-001
   7.8853117727E+000   5.9886771568E-001
   8.0399257290E+000   9.5160765340E-001
   8.1945396853E+000   1.5575175949E+000
   8.3491536417E+000   2.3093434590E+000
   8.5037675980E+000   2.6861143710E+000
   8.6583815543E+000   2.3080596239E+000
   8.8129955106E+000   1.5547603767E+000
   8.9676094670E+000   9.4713431013E-001
   9.1222234233E+000   5.9248570363E-001
   9.2768373796E+000   4.0028631044E-001
   9.4314513359E+000   2.9536700348E-001
   9.5860652923E+000   2.3848867675E-001
   9.7406792486E+000   2.0793753090E-001
   9.8952932049E+000   1.9111447145E-001
   1.0049907161E+001   1.8116910907E-001
   1.0204521118E+001   1.7464229555E-001
   1.0359135074E+001   1.6985362294E-001
   1.0513749030E+001   1.6600762182E-001
   1.0668362987E+001   1.6275665427E-001
   1.0822976943E+001   1.5998616091E-001
   1.0977590899E+001   1.5769821843E-001
   1.1132204856E+001   1.5594186810E-001
   1.1286818812E+001   1.5476949940E-001
   1.1441432768E+001   1.5421213205E-001
   1.1596046725E+001   1.5426994690E-001
   1.1750660681E+001   1.5491455456E-001
   1.1905274637E+001   1.5610379976E-001
   1.2059888594E+001   1.5781284613E-001
   1.2214502550E+001   1.6008531793E-001
   1.2369116506E+001   1.6311489426E-001
   1.2523730462E+001   1.6738556313E-001
   1.2678344419E+001   1.7394058192E-001
   1.2832958375E+001   1.8493980285E-001
   1.2987572331E+001   2.0476845342E-001
   1.3142186288E+001   2.4191096470E-001
   1.3296800244E+001   3.1153524738E-001
   1.3451414200E+001   4.3976184899E-001
   1.3606028157E+001   6.7557370844E-001
   1.3760642113E+001   1.1075206837E+000
   1.3915256069E+001   1.7963652240E+000
   1.4069870026E+001   2.4968644269E+000
   1.4224483982E+001   2.6295825455E+000
   1.4379097938E+001   2.0570000910E+000
   1.4533711895E+001   1.3146292546E+000
   1.4688325851E+001   7.9793404128E-001
   1.4842939807E+001   5.1030606624E-001
   1.4997553764E+001   3.5534586690E-001
   1.5152167720E+001   2.7180079052E-001
   1.5306781676E+001   2.2783676013E-001
   1.5461395633E+001   2.0525882202E-001
   1.5616009589E+001   1.9364122031E-001
   1.5770623545E+001   1.8744997360E-001
   1.5925237502E+001   1.8391667083E-001
   1.6079851458E+001   1.8168645726E-001
   1.6234465414E+001   1.8010976502E-001
   1.6389079371E+001   1.7890146683E-001
   1.6543693327E+001   1.7796911176E-001
   1.6698307283E+001   1.7731606255E-001
   1.6852921240E+001   1.7698159484E-001
   1.7007535196E+001   1.7700330455E-001
   1.7162149152E+001   1.7739712923E-001
   1.7316763109E+001   1.7815139569E-001
   1.7471377065E+001   1.7923252209E-001
   1.7625991021E+001   1.8060475042E-001
   1.7780604978E+001   1.8226750018E-001
   1.7935218934E+001   1.8431503913E-001
   1.8089832890E+001   1.8703311349E-001
   1.8244446847E+001   1.9107042736E-001
   1.8399060803E+001   1.9777906550E-001
   1.8553674759E+001   2.0992215581E-001
   1.8708288716E+001   2.3302527668E-001
   1.8862902672E+001   2.7750264459E-001
   1.9017516628E+001   3.6153576638E-001
   1.9172130585E+001   5.1694531036E-001
   1.9326744541E+001   8.0497249782E-001
   1.9481358497E+001   1.3220174109E+000
   1.9635972454E+001   2.0647348591E+000
   1.9790586410E+001   2.6377835020E+000
   1.9945200366E+001   2.5057958236E+000
   2.0099814323E+001   1.8063365864E+000
   2.0254428279E+001   1.1187584527E+000
   2.0409042235E+001   6.8818925557E-001
   2.0563656191E+001   4.5379189080E-001
   2.0718270148E+001   3.2697243855E-001
   2.0872884104E+001   2.5871098526E-001
   2.1027498060E+001   2.2285445921E-001
   2.1182112017E+001   2.0420941742E-001
   2.1336725973E+001   1.9427088441E-001
   2.1491339929E+001   1.8863477476E-001
   2.1645953886E+001   1.8512273766E-001
   2.1800567842E+001   1.8267400377E-001
   2.1955181798E+001   1.8078934954E-001
   2.2109795755E+001   1.7926311088E-001
   2.2264409711E+001   1.7804329665E-001
   2.2419023667E+001   1.7714991914E-001
   2.2573637624E+001   1.7662362784E-001
   2.2728251580E+001   1.7649449243E-001
   2.2882865536E+001   1.7676729811E-001
   2.3037479493E+001   1.7741964546E-001
   2.3192093449E+001   1.7841199376E-001
   2.3346707405E+001   1.7971300698E-001
   2.3501321362E+001   1.8134361193E-001
   2.3655935318E+001   1.8344661124E-001
   2.3810549274E+001   1.8640227661E-001
   2.3965163231E+001   1.9104139368E-001
   2.4119777187E+001   1.9908016469E-001
   2.4274391143E+001   2.1401213542E-001
   2.4429005100E+001   2.4272004132E-001
   2.4583619056E+001   2.9783385644E-001
   2.4738233012E+001   4.0109754454E-001
   2.4892846969E+001   5.9178352918E-001
   2.5047460925E+001   9.4511929119E-001
   2.5202074881E+001   1.5517415469E+000
   2.5356688838E+001   2.3043860819E+000
   2.5511302794E+001   2.6818738414E+000
   2.5665916750E+001   2.3043237592E+000
   2.5820530707E+001   1.5516168226E+000
   2.5975144663E+001   9.4493200935E-001
   2.6129758619E+001   5.9153345982E-001
   2.6284372576E+001   4.0078438715E-001
   2.6438986532E+001   2.9745724340E-001
   2.6593600488E+001   2.4227954130E-001
   2.6748214445E+001   2.1350725703E-001
   2.6902828401E+001   1.9851036087E-001
   2.7057442357E+001   1.9040606697E-001
   2.7212056314E+001   1.8570078550E-001
   2.7366670270E+001   1.8267827736E-001
   2.7521284226E+001   1.8050772821E-001
   2.7675898183E+001   1.7880884668E-001
   2.7830512139E+001   1.7743882048E-001
   2.7985126095E+001   1.7637672402E-001
   2.8139740052E+001   1.7565390632E-001
   2.8294354008E+001   1.7530993374E-001
   2.8448967964E+001   1.7536724429E-001
   2.8603581920E+001   1.7582110455E-001
   2.8758195877E+001   1.7664150975E-001
   2.8912809833E+001   1.7778788764E-001
   2.9067423789E+001   1.7924031424E-001
   2.9222037746E+001   1.8105087850E-001
   2.9376651702E+001   1.8342534971E-001
   2.9531265658E+001   1.8686306076E-001
   2.9685879615E+001   1.9242488932E-001
   2.9840493571E+001   2.0228928549E-001
   2.9995107527E+001   2.2086041437E-001
   3.0149721484E+001   2.5664330477E-001
   3.0304335440E+001   3.2483143520E-001
   3.0458949396E+001   4.5157791934E-001
   3.0613563353E+001   6.8590274072E-001
   3.0768177309E+001   1.1164000054E+000
   3.0922791265E+001   1.8039075684E+000
   3.1077405222E+001   2.5032996791E+000
   3.1232019178E+001   2.6352269071E+000
   3.1386633134E+001   2.0621269279E+000
   3.1541247091E+001   1.3193674119E+000
   3.1695861047E+001   8.0228862457E-001
   3.1850475003E+001   5.1423519483E-001
   3.2005088960E+001   3.5880727385E-001
   3.2159702916E+001   2.7476418424E-001
   3.2314316872E+001   2.3028594514E-001
   3.2468930829E+001   2.0719195350E-001
   3.2623544785E+001   1.9506912539E-001
   3.2778158741E+001   1.8839318959E-001
   3.2932772698E+001   1.8440245979E-001
   3.3087386654E+001   1.8174642500E-001
   3.3242000610E+001   1.7977810400E-001
   3.3396614567E+001   1.7821363560E-001
   3.3551228523E+001   1.7696079548E-001
   3.3705842479E+001   1.7602234115E-001
   3.3860456436E+001   1.7543629490E-001
