  -3.4015070392E+001   1.7635646934E-001
  -3.3860456436E+001   1.7656185549E-001
  -3.3705842479E+001   1.7716396533E-001
  -3.3551228523E+001   1.7812647401E-001
  -3.3396614567E+001   1.7941061406E-001
  -3.3242000610E+001   1.8101261993E-001
  -3.3087386654E+001   1.8302348274E-001
  -3.2932772698E+001   1.8572565761E-001
  -3.2778158741E+001   1.8976461230E-001
  -3.2623544785E+001   1.9648931092E-001
  -3.2468930829E+001   2.0865993466E-001
  -3.2314316872E+001   2.3179936077E-001
  -3.2159702916E+001   2.7631944954E-001
  -3.2005088960E+001   3.6039979093E-001
  -3.1850475003E+001   5.1585953668E-001
  -3.1695861047E+001   8.0393847722E-001
  -3.1541247091E+001   1.3210350663E+000
  -3.1386633134E+001   2.0638034847E+000
  -3.1232019178E+001   2.6369055768E+000
  -3.1077405222E+001   2.5049778380E+000
  -3.0922791265E+001   1.8055814459E+000
  -3.0768177309E+001   1.1180615448E+000
  -3.0613563353E+001   6.8754314710E-001
  -3.0458949396E+001   4.5318987840E-001
  -3.0304335440E+001   3.2640879020E-001
  -3.0149721484E+001   2.5818068163E-001
  -2.9995107527E+001   2.2235327998E-001
  -2.9840493571E+001   2.0373415475E-001
  -2.9685879615E+001   1.9381952569E-001
  -2.9531265658E+001   1.8820662817E-001
  -2.9376651702E+001   1.8471850153E-001
  -2.9222037746E+001   1.8229577437E-001
  -2.9067423789E+001   1.8044056147E-001
  -2.8912809833E+001   1.7894841069E-001
  -2.8758195877E+001   1.7776835819E-001
  -2.8603581920E+001   1.7692121372E-001
  -2.8448967964E+001   1.7644816288E-001
  -2.8294354008E+001   1.7637953072E-001
  -2.8139740052E+001   1.7672006752E-001
  -2.7985126095E+001   1.7744704747E-001
  -2.7830512139E+001   1.7852031899E-001
  -2.7675898183E+001   1.7990766731E-001
  -2.7521284226E+001   1.8162890059E-001
  -2.7366670270E+001   1.8382550464E-001
  -2.7212056314E+001   1.8687629221E-001
  -2.7057442357E+001   1.9161051596E-001
  -2.6902828401E+001   1.9974284555E-001
  -2.6748214445E+001   2.1476536753E-001
  -2.6593600488E+001   2.4355949696E-001
  -2.6438986532E+001   2.9875407989E-001
  -2.6284372576E+001   4.0209217114E-001
  -2.6129758619E+001   5.9284542727E-001
  -2.5975144663E+001   9.4624035859E-001
  -2.5820530707E+001   1.5529121910E+000
  -2.5665916750E+001   2.3055963161E+000
  -2.5511302794E+001   2.6831171821E+000
  -2.5356688838E+001   2.3055968442E+000
  -2.5202074881E+001   1.5529132721E+000
  -2.5047460925E+001   9.4624203593E-001
  -2.4892846969E+001   5.9284775301E-001
  -2.4738233012E+001   4.0209519725E-001
  -2.4583619056E+001   2.9875785192E-001
  -2.4429005100E+001   2.4356405102E-001
  -2.4274391143E+001   2.1477072880E-001
  -2.4119777187E+001   1.9974902663E-001
  -2.3965163231E+001   1.9161751386E-001
  -2.3810549274E+001   1.8688408385E-001
  -2.3655935318E+001   1.8383404137E-001
  -2.3501321362E+001   1.8163810213E-001
  -2.3346707405E+001   1.7991741504E-001
  -2.3192093449E+001   1.7853044888E-001
  -2.3037479493E+001   1.7745734250E-001
  -2.2882865536E+001   1.7673024949E-001
  -2.2728251580E+001   1.7638925155E-001
  -2.2573637624E+001   1.7645699595E-001
  -2.2419023667E+001   1.7692864541E-001
  -2.2264409711E+001   1.7777378011E-001
  -2.2109795755E+001   1.7895111342E-001
  -2.1955181798E+001   1.8043973047E-001
  -2.1800567842E+001   1.8229048846E-001
  -2.1645953886E+001   1.8470773454E-001
  -2.1491339929E+001   1.8818925487E-001
  -2.1336725973E+001   1.9379433348E-001
  -2.1182112017E+001   2.0369986349E-001
  -2.1027498060E+001   2.2230857181E-001
  -2.0872884104E+001   2.5812423711E-001
  -2.0718270148E+001   3.2633931549E-001
  -2.0563656191E+001   4.5310610455E-001
  -2.0409042235E+001   6.8744379380E-001
  -2.0254428279E+001   1.1179451953E+000
  -2.0099814323E+001   1.8054460848E+000
  -1.9945200366E+001   2.5048198492E+000
  -1.9790586410E+001   2.6367189134E+000
  -1.9635972454E+001   2.0635802907E+000
  -1.9481358497E+001   1.3207674219E+000
  -1.9326744541E+001   8.0361942121E-001
  -1.9172130585E+001   5.1548282918E-001
  -1.9017516628E+001   3.5995942465E-001
  -1.8862902672E+001   2.7580945486E-001
  -1.8708288716E+001   2.3121369922E-001
  -1.8553674759E+001   2.0799233546E-001
  -1.8399060803E+001   1.9573310825E-001
  -1.8244446847E+001   1.8891263185E-001
  -1.8089832890E+001   1.8477013469E-001
  -1.7935218934E+001   1.8195597747E-001
  -1.7780604978E+001   1.7982391309E-001
  -1.7625991021E+001   1.7809058734E-001
  -1.7471377065E+001   1.7666398822E-001
  -1.7316763109E+001   1.7554675387E-001
  -1.7162149152E+001   1.7477644947E-001
  -1.7007535196E+001   1.7438816746E-001
  -1.6852921240E+001   1.7439475183E-001
  -1.6698307283E+001   1.7478105386E-001
  -1.6543693327E+001   1.7550984225E-001
  -1.6389079371E+001   1.7654174115E-001
  -1.6234465414E+001   1.7787278918E-001
  -1.6079851458E+001   1.7959431757E-001
  -1.5925237502E+001   1.8198979662E-001
  -1.5770623545E+001   1.8570657123E-001
  -1.5616009589E+001   1.9209663357E-001
  -1.5461395633E+001   2.0392475473E-001
  -1.5306781676E+001   2.2672036221E-001
  -1.5152167720E+001   2.7090381931E-001
  -1.4997553764E+001   3.5466434010E-001
  -1.4842939807E+001   5.0983053084E-001
  -1.4688325851E+001   7.9765017560E-001
  -1.4533711895E+001   1.3145216539E+000
  -1.4379097938E+001   2.0570691984E+000
  -1.4224483982E+001   2.6298756710E+000
  -1.4069870026E+001   2.4974852602E+000
  -1.3915256069E+001   1.7974317617E+000
  -1.3760642113E+001   1.1091157934E+000
  -1.3606028157E+001   6.7773828035E-001
  -1.3451414200E+001   4.4251276277E-001
  -1.3296800244E+001   3.1487661588E-001
  -1.3142186288E+001   2.4583639686E-001
  -1.2987572331E+001   2.0926265808E-001
  -1.2832958375E+001   1.8998124195E-001
  -1.2678344419E+001   1.7950339844E-001
  -1.2523730462E+001   1.7344025322E-001
  -1.2369116506E+001   1.6962838401E-001
  -1.2214502550E+001   1.6702110074E-001
  -1.2059888594E+001   1.6513138447E-001
  -1.1905274637E+001   1.6376306342E-001
  -1.1750660681E+001   1.6287047119E-001
  -1.1596046725E+001   1.6247659324E-001
  -1.1441432768E+001   1.6262159847E-001
  -1.1286818812E+001   1.6333145891E-001
  -1.1132204856E+001   1.6460294707E-001
  -1.0977590899E+001   1.6640131594E-001
  -1.0822976943E+001   1.6866990985E-001
  -1.0668362987E+001   1.7135523609E-001
  -1.0513749030E+001   1.7445109937E-001
  -1.0359135074E+001   1.7806882564E-001
  -1.0204521118E+001   1.8255408698E-001
  -1.0049907161E+001   1.8870172282E-001
  -9.8952932049E+000   1.9819289880E-001
  -9.7406792486E+000   2.1449012429E-001
  -9.5860652923E+000   2.4445397832E-001
  -9.4314513359E+000   3.0070840675E-001
  -9.2768373796E+000   4.0501495270E-001
  -9.1222234233E+000   5.9669022765E-001
  -8.9676094670E+000   9.5102687280E-001
  -8.8129955106E+000   1.5587105462E+000
  -8.6583815543E+000   2.3123930685E+000
  -8.5037675980E+000   2.6906159450E+000
  -8.3491536417E+000   2.3133235395E+000
  -8.1945396853E+000   1.5606056400E+000
  -8.0399257290E+000   9.5393432896E-001
  -7.8853117727E+000   6.0065257749E-001
  -7.7306978164E+000   4.1006166734E-001
  -7.5760838600E+000   3.0685320449E-001
  -7.4214699037E+000   2.5169411655E-001
  -7.2668559474E+000   2.2280772833E-001
  -7.1122419910E+000   2.0755723158E-001
  -6.9576280347E+000   1.9907106594E-001
  -6.8030140784E+000   1.9387696771E-001
  -6.6484001221E+000   1.9028499103E-001
  -6.4937861657E+000   1.8749259504E-001
  -6.3391722094E+000   1.8514764163E-001
  -6.1845582531E+000   1.8313356610E-001
  -6.0299442968E+000   1.8145233588E-001
  -5.8753303404E+000   1.8015387075E-001
  -5.7207163841E+000   1.7929151203E-001
  -5.5661024278E+000   1.7889659972E-001
  -5.4114884714E+000   1.7896861923E-001
  -5.2568745151E+000   1.7947743468E-001
  -5.1022605588E+000   1.8037839313E-001
  -4.9476466025E+000   1.8164400610E-001
  -4.7930326461E+000   1.8331588504E-001
  -4.6384186898E+000   1.8558712413E-001
  -4.4838047335E+000   1.8894306749E-001
  -4.3291907772E+000   1.9443031005E-001
  -4.1745768208E+000   2.0421372831E-001
  -4.0199628645E+000   2.2268531390E-001
  -3.8653489082E+000   2.5833932791E-001
  -3.7107349518E+000   3.2635891386E-001
  -3.5561209955E+000   4.5288440353E-001
  -3.4015070392E+000   6.8691054314E-001
  -3.2468930829E+000   1.1169730320E+000
  -3.0922791265E+000   1.8038441716E+000
  -2.9376651702E+000   2.5025087197E+000
  -2.7830512139E+000   2.6339490260E+000
  -2.6284372576E+000   2.0606526464E+000
  -2.4738233012E+000   1.3176257150E+000
  -2.3192093449E+000   7.9999459454E-001
  -2.1645953886E+000   5.1115665364E-001
  -2.0099814323E+000   3.5480377862E-001
  -1.8553674759E+000   2.6975020805E-001
  -1.7007535196E+000   2.2421111098E-001
  -1.5461395633E+000   2.0003316492E-001
  -1.3915256069E+000   1.8682639104E-001
  -1.2369116506E+000   1.7908811888E-001
  -1.0822976943E+000   1.7407834029E-001
  -9.2768373796E-001   1.7046825842E-001
  -7.7306978164E-001   1.6763161585E-001
  -6.1845582531E-001   1.6530313041E-001
  -4.6384186898E-001   1.6340622497E-001
  -3.0922791265E-001   1.6195605708E-001
  -1.5461395633E-001   1.6099984291E-001
   0.0000000000E+000   1.6057965571E-001
   1.5461395633E-001   1.6071284634E-001
   3.0922791265E-001   1.6138639019E-001
   4.6384186898E-001   1.6256273413E-001
   6.1845582531E-001   1.6419951663E-001
   7.7306978164E-001   1.6628681099E-001
   9.2768373796E-001   1.6890671131E-001
   1.0822976943E+000   1.7233007413E-001
   1.2369116506E+000   1.7718845368E-001
   1.3915256069E+000   1.8481526266E-001
   1.5461395633E+000   1.9795391879E-001
   1.7007535196E+000   2.2210843212E-001
   1.8553674759E+000   2.6766662655E-001
   2.0099814323E+000   3.5277453936E-001
   2.1645953886E+000   5.0920426381E-001
   2.3192093449E+000   7.9812664198E-001
   2.4738233012E+000   1.3158414764E+000
   2.6284372576E+000   2.0589596644E+000
   2.7830512139E+000   2.6323725438E+000
   2.9376651702E+000   2.5010860572E+000
   3.0922791265E+000   1.8026220529E+000
   3.2468930829E+000   1.1159937743E+000
   3.4015070392E+000   6.8619691457E-001
   3.5561209955E+000   4.5244861974E-001
   3.7107349518E+000   3.2621571856E-001
   3.8653489082E+000   2.5850871224E-001
   4.0199628645E+000   2.2318912146E-001
   4.1745768208E+000   2.0507117659E-001
   4.3291907772E+000   1.9565450474E-001
   4.4838047335E+000   1.9053882526E-001
   4.6384186898E+000   1.8754981549E-001
   4.7930326461E+000   1.8563104241E-001
   4.9476466025E+000   1.8428757091E-001
   5.1022605588E+000   1.8331749496E-001
   5.2568745151E+000   1.8267155197E-001
   5.4114884714E+000   1.8237095116E-001
   5.5661024278E+000   1.8245550894E-001
   5.7207163841E+000   1.8295195593E-001
   5.8753303404E+000   1.8385880248E-001
   6.0299442968E+000   1.8514410347E-001
   6.1845582531E+000   1.8675535135E-001
   6.3391722094E+000   1.8864496218E-001
   6.4937861657E+000   1.9081485237E-001
   6.6484001221E+000   1.9338698901E-001
   6.8030140784E+000   1.9672027488E-001
   6.9576280347E+000   2.0162508413E-001
   7.1122419910E+000   2.0979982254E-001
   7.2668559474E+000   2.2472509011E-001
   7.4214699037E+000   2.5327914695E-001
   7.5760838600E+000   3.0810102539E-001
   7.7306978164E+000   4.1096064158E-001
   7.8853117727E+000   6.0116694131E-001
   8.0399257290E+000   9.5397032130E-001
   8.1945396853E+000   1.5599897444E+000
   8.3491536417E+000   2.3119537330E+000
   8.5037675980E+000   2.6887911438E+000
   8.6583815543E+000   2.3106592068E+000
   8.8129955106E+000   1.5572154354E+000
   8.9676094670E+000   9.4947939880E-001
   9.1222234233E+000   5.9477218081E-001
   9.2768373796E+000   4.0254041698E-001
   9.4314513359E+000   2.9759219722E-001
   9.5860652923E+000   2.4067408264E-001
   9.7406792486E+000   2.1006453821E-001
   9.8952932049E+000   1.9316182694E-001
   1.0049907161E+001   1.8311615504E-001
   1.0204521118E+001   1.7647056115E-001
   1.0359135074E+001   1.7154747809E-001
   1.0513749030E+001   1.6755452667E-001
   1.0668362987E+001   1.6414720822E-001
   1.0822976943E+001   1.6121398225E-001
   1.0977590899E+001   1.5875966147E-001
   1.1132204856E+001   1.5683561296E-001
   1.1286818812E+001   1.5549606753E-001
   1.1441432768E+001   1.5477338073E-001
   1.1596046725E+001   1.5466858677E-001
   1.1750660681E+001   1.5515371981E-001
   1.1905274637E+001   1.5618668823E-001
   1.2059888594E+001   1.5774244038E-001
   1.2214502550E+001   1.5986419378E-001
   1.2369116506E+001   1.6274511309E-001
   1.2523730462E+001   1.6686863375E-001
   1.2678344419E+001   1.7327747085E-001
   1.2832958375E+001   1.8413097914E-001
   1.2987572331E+001   2.0381398739E-001
   1.3142186288E+001   2.4081074931E-001
   1.3296800244E+001   3.1028940560E-001
   1.3451414200E+001   4.3837122173E-001
   1.3606028157E+001   6.7404007171E-001
   1.3760642113E+001   1.1058466480E+000
   1.3915256069E+001   1.7945552261E+000
   1.4069870026E+001   2.4949287221E+000
   1.4224483982E+001   2.6275394054E+000
   1.4379097938E+001   2.0548670931E+000
   1.4533711895E+001   1.3124135858E+000
   1.4688325851E+001   7.9563542034E-001
   1.4842939807E+001   5.0792329408E-001
   1.4997553764E+001   3.5287898024E-001
   1.5152167720E+001   2.6925104195E-001
   1.5306781676E+001   2.2520662319E-001
   1.5461395633E+001   2.0255217128E-001
   1.5616009589E+001   1.9086346294E-001
   1.5770623545E+001   1.8460808791E-001
   1.5925237502E+001   1.8101918406E-001
   1.6079851458E+001   1.7874337834E-001
   1.6234465414E+001   1.7713246760E-001
   1.6389079371E+001   1.7590251655E-001
   1.6543693327E+001   1.7496204046E-001
   1.6698307283E+001   1.7431509988E-001
   1.6852921240E+001   1.7400137077E-001
   1.7007535196E+001   1.7405853587E-001
   1.7162149152E+001   1.7450230066E-001
   1.7316763109E+001   1.7532044379E-001
   1.7471377065E+001   1.7647852949E-001
   1.7625991021E+001   1.7793965874E-001
   1.7780604978E+001   1.7970185161E-001
   1.7935218934E+001   1.8185775882E-001
   1.8089832890E+001   1.8469134661E-001
   1.8244446847E+001   1.8884944361E-001
   1.8399060803E+001   1.9568223875E-001
   1.8553674759E+001   2.0795101993E-001
   1.8708288716E+001   2.3117965176E-001
   1.8862902672E+001   2.7578082341E-001
   1.9017516628E+001   3.5993474198E-001
   1.9172130585E+001   5.1546097720E-001
   1.9326744541E+001   8.0359961027E-001
   1.9481358497E+001   1.3207490940E+000
   1.9635972454E+001   2.0635628380E+000
   1.9790586410E+001   2.6367014243E+000
   1.9945200366E+001   2.5048013171E+000
   2.0099814323E+001   1.8054259340E+000
   2.0254428279E+001   1.1179234590E+000
   2.0409042235E+001   6.8742082164E-001
   2.0563656191E+001   4.5308226099E-001
   2.0718270148E+001   3.2631489682E-001
   2.0872884104E+001   2.5809949371E-001
   2.1027498060E+001   2.2228372881E-001
   2.1182112017E+001   2.0367512698E-001
   2.1336725973E+001   1.9376989241E-001
   2.1491339929E+001   1.8816528200E-001
   2.1645953886E+001   1.8468438647E-001
   2.1800567842E+001   1.8226790479E-001
   2.1955181798E+001   1.8041803253E-001
   2.2109795755E+001   1.7893040323E-001
   2.2264409711E+001   1.7775413992E-001
   2.2419023667E+001   1.7691013784E-001
   2.2573637624E+001   1.7643966467E-001
   2.2728251580E+001   1.7637312239E-001
   2.2882865536E+001   1.7671533195E-001
   2.3037479493E+001   1.7744363131E-001
   2.3192093449E+001   1.7851792559E-001
   2.3346707405E+001   1.7990604967E-001
   2.3501321362E+001   1.8162785465E-001
   2.3655935318E+001   1.8382486311E-001
   2.3810549274E+001   1.8687591893E-001
   2.3965163231E+001   1.9161030084E-001
   2.4119777187E+001   1.9974270011E-001
   2.4274391143E+001   2.1476522104E-001
   2.4429005100E+001   2.4355929329E-001
   2.4583619056E+001   2.9875377496E-001
   2.4738233012E+001   4.0209173090E-001
   2.4892846969E+001   5.9284482549E-001
   2.5047460925E+001   9.4623957390E-001
   2.5202074881E+001   1.5529112023E+000
   2.5356688838E+001   2.3055950970E+000
   2.5511302794E+001   2.6831156956E+000
   2.5665916750E+001   2.3055950399E+000
   2.5820530707E+001   1.5529110870E+000
   2.5975144663E+001   9.4623939966E-001
   2.6129758619E+001   5.9284459408E-001
   2.6284372576E+001   4.0209144911E-001
   2.6438986532E+001   2.9875345665E-001
   2.6593600488E+001   2.4355896112E-001
   2.6748214445E+001   2.1476490825E-001
   2.6902828401E+001   1.9974245258E-001
   2.7057442357E+001   1.9161017984E-001
   2.7212056314E+001   1.8687600445E-001
   2.7366670270E+001   1.8382525774E-001
   2.7521284226E+001   1.8162868804E-001
   2.7675898183E+001   1.7990748352E-001
   2.7830512139E+001   1.7852015926E-001
   2.7985126095E+001   1.7744690784E-001
   2.8139740052E+001   1.7671994470E-001
   2.8294354008E+001   1.7637942201E-001
   2.8448967964E+001   1.7644806609E-001
   2.8603581920E+001   1.7692112703E-001
   2.8758195877E+001   1.7776828014E-001
   2.8912809833E+001   1.7894834010E-001
   2.9067423789E+001   1.8044049738E-001
   2.9222037746E+001   1.8229571598E-001
   2.9376651702E+001   1.8471844822E-001
   2.9531265658E+001   1.8820657943E-001
   2.9685879615E+001   1.9381948104E-001
   2.9840493571E+001   2.0373411384E-001
   2.9995107527E+001   2.2235324249E-001
   3.0149721484E+001   2.5818064729E-001
   3.0304335440E+001   3.2640875875E-001
   3.0458949396E+001   4.5318984963E-001
   3.0613563353E+001   6.8754312084E-001
   3.0768177309E+001   1.1180615208E+000
   3.0922791265E+001   1.8055814241E+000
   3.1077405222E+001   2.5049778182E+000
   3.1232019178E+001   2.6369055588E+000
   3.1386633134E+001   2.0638034684E+000
   3.1541247091E+001   1.3210350516E+000
   3.1695861047E+001   8.0393846400E-001
   3.1850475003E+001   5.1585952482E-001
   3.2005088960E+001   3.6039978032E-001
   3.2159702916E+001   2.7631944011E-001
   3.2314316872E+001   2.3179935242E-001
   3.2468930829E+001   2.0865992730E-001
   3.2623544785E+001   1.9648930450E-001
   3.2778158741E+001   1.8976460676E-001
   3.2932772698E+001   1.8572565287E-001
   3.3087386654E+001   1.8302347877E-001
   3.3242000610E+001   1.8101261669E-001
   3.3396614567E+001   1.7941061151E-001
   3.3551228523E+001   1.7812647212E-001
   3.3705842479E+001   1.7716396408E-001
   3.3860456436E+001   1.7656185487E-001
