  -3.4015070392E+001   1.7633489771E-001
  -3.3860456436E+001   1.7653897972E-001
  -3.3705842479E+001   1.7713991261E-001
  -3.3551228523E+001   1.7810137149E-001
  -3.3396614567E+001   1.7938458759E-001
  -3.3242000610E+001   1.8098579333E-001
  -3.3087386654E+001   1.8299597716E-001
  -3.2932772698E+001   1.8569759060E-001
  -3.2778158741E+001   1.8973609598E-001
  -3.2623544785E+001   1.9646044866E-001
  -3.2468930829E+001   2.0863081633E-001
  -3.2314316872E+001   2.3177005671E-001
  -3.2159702916E+001   2.7629000352E-001
  -3.2005088960E+001   3.6037021299E-001
  -3.1850475003E+001   5.1582980121E-001
  -3.1695861047E+001   8.0390854631E-001
  -3.1541247091E+001   1.3210049605E+000
  -3.1386633134E+001   2.0637732930E+000
  -3.1232019178E+001   2.6368751735E+000
  -3.1077405222E+001   2.5049467015E+000
  -3.0922791265E+001   1.8055491607E+000
  -3.0768177309E+001   1.1180281016E+000
  -3.0613563353E+001   6.8750862632E-001
  -3.0458949396E+001   4.5315427140E-001
  -3.0304335440E+001   3.2637205716E-001
  -3.0149721484E+001   2.5814280777E-001
  -2.9995107527E+001   2.2231428723E-001
  -2.9840493571E+001   2.0369409692E-001
  -2.9685879615E+001   1.9377848133E-001
  -2.9531265658E+001   1.8816469404E-001
  -2.9376651702E+001   1.8467578712E-001
  -2.9222037746E+001   1.8225239789E-001
  -2.9067423789E+001   1.8039664730E-001
  -2.8912809833E+001   1.7890408811E-001
  -2.8758195877E+001   1.7772376092E-001
  -2.8603581920E+001   1.7687647956E-001
  -2.8448967964E+001   1.7640343307E-001
  -2.8294354008E+001   1.7633494884E-001
  -2.8139740052E+001   1.7667577809E-001
  -2.7985126095E+001   1.7740319443E-001
  -2.7830512139E+001   1.7847704452E-001
  -2.7675898183E+001   1.7986511101E-001
  -2.7521284226E+001   1.8158719908E-001
  -2.7366670270E+001   1.8378479118E-001
  -2.7212056314E+001   1.8683669577E-001
  -2.7057442357E+001   1.9157215916E-001
  -2.6902828401E+001   1.9970584109E-001
  -2.6748214445E+001   2.1472981320E-001
  -2.6593600488E+001   2.4352546939E-001
  -2.6438986532E+001   2.9872162747E-001
  -2.6284372576E+001   4.0206130770E-001
  -2.6129758619E+001   5.9281613537E-001
  -2.5975144663E+001   9.4621262856E-001
  -2.5820530707E+001   1.5528860956E+000
  -2.5665916750E+001   2.3055719387E+000
  -2.5511302794E+001   2.6830942732E+000
  -2.5356688838E+001   2.3055748658E+000
  -2.5202074881E+001   1.5528919766E+000
  -2.5047460925E+001   9.4622151041E-001
  -2.4892846969E+001   5.9282807588E-001
  -2.4738233012E+001   4.0207636601E-001
  -2.4583619056E+001   2.9873985770E-001
  -2.4429005100E+001   2.4354691733E-001
  -2.4274391143E+001   2.1475451457E-001
  -2.4119777187E+001   1.9973381954E-001
  -2.3965163231E+001   1.9160342283E-001
  -2.3810549274E+001   1.8687123243E-001
  -2.3655935318E+001   1.8382256226E-001
  -2.3501321362E+001   1.8162813315E-001
  -2.3346707405E+001   1.7990909653E-001
  -2.3192093449E+001   1.7852392227E-001
  -2.3037479493E+001   1.7745274937E-001
  -2.2882865536E+001   1.7672773059E-001
  -2.2728251580E+001   1.7638894551E-001
  -2.2573637624E+001   1.7645903743E-001
  -2.2419023667E+001   1.7693316312E-001
  -2.2264409711E+001   1.7778089485E-001
  -2.2109795755E+001   1.7896093644E-001
  -2.1955181798E+001   1.8045236240E-001
  -2.1800567842E+001   1.8230601853E-001
  -2.1645953886E+001   1.8472623962E-001
  -2.1491339929E+001   1.8821079796E-001
  -2.1336725973E+001   1.9381896082E-001
  -2.1182112017E+001   2.0372760033E-001
  -2.1027498060E+001   2.2233941680E-001
  -2.0872884104E+001   2.5815815565E-001
  -2.0718270148E+001   3.2637623256E-001
  -2.0563656191E+001   4.5314589996E-001
  -2.0409042235E+001   6.8748631387E-001
  -2.0254428279E+001   1.1179903093E+000
  -2.0099814323E+001   1.8054937425E+000
  -1.9945200366E+001   2.5048699017E+000
  -1.9790586410E+001   2.6367707965E+000
  -1.9635972454E+001   2.0636333260E+000
  -1.9481358497E+001   1.3208213209E+000
  -1.9326744541E+001   8.0367410621E-001
  -1.9172130585E+001   5.1553815021E-001
  -1.9017516628E+001   3.6001517015E-001
  -1.8862902672E+001   2.7586542309E-001
  -1.8708288716E+001   2.3126972264E-001
  -1.8553674759E+001   2.0804827966E-001
  -1.8399060803E+001   1.9578886582E-001
  -1.8244446847E+001   1.8896811634E-001
  -1.8089832890E+001   1.8482527570E-001
  -1.7935218934E+001   1.8201071694E-001
  -1.7780604978E+001   1.7987820315E-001
  -1.7625991021E+001   1.7814438948E-001
  -1.7471377065E+001   1.7671727339E-001
  -1.7316763109E+001   1.7559950290E-001
  -1.7162149152E+001   1.7482865333E-001
  -1.7007535196E+001   1.7443982702E-001
  -1.6852921240E+001   1.7444587733E-001
  -1.6698307283E+001   1.7483166421E-001
  -1.6543693327E+001   1.7555996460E-001
  -1.6389079371E+001   1.7659141094E-001
  -1.6234465414E+001   1.7792205069E-001
  -1.6079851458E+001   1.7964322483E-001
  -1.5925237502E+001   1.8203841401E-001
  -1.5770623545E+001   1.8575497335E-001
  -1.5616009589E+001   1.9214490404E-001
  -1.5461395633E+001   2.0397298396E-001
  -1.5306781676E+001   2.2676864434E-001
  -1.5152167720E+001   2.7095224758E-001
  -1.4997553764E+001   3.5471299967E-001
  -1.4842939807E+001   5.0987949320E-001
  -1.4688325851E+001   7.9769951446E-001
  -1.4533711895E+001   1.3145714941E+000
  -1.4379097938E+001   2.0571196609E+000
  -1.4224483982E+001   2.6299264886E+000
  -1.4069870026E+001   2.4975355667E+000
  -1.3915256069E+001   1.7974807200E+000
  -1.3760642113E+001   1.1091630579E+000
  -1.3606028157E+001   6.7778372107E-001
  -1.3451414200E+001   4.4255623415E-001
  -1.3296800244E+001   3.1491797403E-001
  -1.3142186288E+001   2.4587554363E-001
  -1.2987572331E+001   2.0929954430E-001
  -1.2832958375E+001   1.9001585227E-001
  -1.2678344419E+001   1.7953573780E-001
  -1.2523730462E+001   1.7347033940E-001
  -1.2369116506E+001   1.6965624401E-001
  -1.2214502550E+001   1.6704676854E-001
  -1.2059888594E+001   1.6515489937E-001
  -1.1905274637E+001   1.6378446898E-001
  -1.1750660681E+001   1.6288981508E-001
  -1.1596046725E+001   1.6249392775E-001
  -1.1441432768E+001   1.6263698145E-001
  -1.1286818812E+001   1.6334495469E-001
  -1.1132204856E+001   1.6461462721E-001
  -1.0977590899E+001   1.6641125948E-001
  -1.0822976943E+001   1.6867820311E-001
  -1.0668362987E+001   1.7136197189E-001
  -1.0513749030E+001   1.7445637555E-001
  -1.0359135074E+001   1.7807274289E-001
  -1.0204521118E+001   1.8255674603E-001
  -1.0049907161E+001   1.8870322110E-001
  -9.8952932049E+000   1.9819332674E-001
  -9.7406792486E+000   2.1448956050E-001
  -9.5860652923E+000   2.4445248171E-001
  -9.4314513359E+000   3.0070600311E-001
  -9.2768373796E+000   4.0501161682E-001
  -9.1222234233E+000   5.9668586975E-001
  -8.9676094670E+000   9.5102134599E-001
  -8.8129955106E+000   1.5587036916E+000
  -8.6583815543E+000   2.3123847644E+000
  -8.5037675980E+000   2.6906060917E+000
  -8.3491536417E+000   2.3133121049E+000
  -8.1945396853E+000   1.5605927684E+000
  -8.0399257290E+000   9.5392023799E-001
  -7.8853117727E+000   6.0063742289E-001
  -7.7306978164E+000   4.1004556311E-001
  -7.5760838600E+000   3.0683626855E-001
  -7.4214699037E+000   2.5167648018E-001
  -7.2668559474E+000   2.2278953221E-001
  -7.1122419910E+000   2.0753862249E-001
  -6.9576280347E+000   1.9905219492E-001
  -6.8030140784E+000   1.9385798871E-001
  -6.6484001221E+000   1.9026605993E-001
  -6.4937861657E+000   1.8747386943E-001
  -6.3391722094E+000   1.8512928124E-001
  -6.1845582531E+000   1.8311573318E-001
  -6.0299442968E+000   1.8143519473E-001
  -5.8753303404E+000   1.8013758555E-001
  -5.7207163841E+000   1.7927624244E-001
  -5.5661024278E+000   1.7888249428E-001
  -5.4114884714E+000   1.7895580669E-001
  -5.2568745151E+000   1.7946601369E-001
  -5.1022605588E+000   1.8036842123E-001
  -4.9476466025E+000   1.8163548897E-001
  -4.7930326461E+000   1.8330876705E-001
  -4.6384186898E+000   1.8558128115E-001
  -4.4838047335E+000   1.8893830212E-001
  -4.3291907772E+000   1.9442634921E-001
  -4.1745768208E+000   2.0421022515E-001
  -4.0199628645E+000   2.2268186217E-001
  -3.8653489082E+000   2.5833550612E-001
  -3.7107349518E+000   3.2635437701E-001
  -3.5561209955E+000   4.5287902496E-001
  -3.4015070392E+000   6.8690461494E-001
  -3.2468930829E+000   1.1169675360E+000
  -3.0922791265E+000   1.8038406474E+000
  -2.9376651702E+000   2.5025074735E+000
  -2.7830512139E+000   2.6339471185E+000
  -2.6284372576E+000   2.0606463543E+000
  -2.4738233012E+000   1.3176143380E+000
  -2.3192093449E+000   7.9997957861E-001
  -2.1645953886E+000   5.1113929079E-001
  -2.0099814323E+000   3.5478464919E-001
  -1.8553674759E+000   2.6972942022E-001
  -1.7007535196E+000   2.2418852677E-001
  -1.5461395633E+000   2.0000855424E-001
  -1.3915256069E+000   1.8679953611E-001
  -1.2369116506E+000   1.7905886889E-001
  -1.0822976943E+000   1.7404663006E-001
  -9.2768373796E-001   1.7043410974E-001
  -7.7306978164E-001   1.6759513242E-001
  -6.1845582531E-001   1.6526448964E-001
  -4.6384186898E-001   1.6336566709E-001
  -3.0922791265E-001   1.6191387154E-001
  -1.5461395633E-001   1.6095635269E-001
   0.0000000000E+000   1.6053520067E-001
   1.5461395633E-001   1.6066776638E-001
   3.0922791265E-001   1.6134100944E-001
   4.6384186898E-001   1.6251734671E-001
   6.1845582531E-001   1.6415437485E-001
   7.7306978164E-001   1.6624211672E-001
   9.2768373796E-001   1.6886261113E-001
   1.0822976943E+000   1.7228665847E-001
   1.2369116506E+000   1.7714575977E-001
   1.3915256069E+000   1.8477328115E-001
   1.5461395633E+000   1.9791260486E-001
   1.7007535196E+000   2.2206772483E-001
   1.8553674759E+000   2.6762648231E-001
   2.0099814323E+000   3.5273498132E-001
   2.1645953886E+000   5.0916544129E-001
   2.3192093449E+000   7.9808890431E-001
   2.4738233012E+000   1.3158054461E+000
   2.6284372576E+000   2.0589259994E+000
   2.7830512139E+000   2.6323409871E+000
   2.9376651702E+000   2.5010550573E+000
   3.0922791265E+000   1.8025903418E+000
   3.2468930829E+000   1.1159614129E+000
   3.4015070392E+000   6.8616449232E-001
   3.5561209955E+000   4.5241653100E-001
   3.7107349518E+000   3.2618409225E-001
   3.8653489082E+000   2.5847749756E-001
   4.0199628645E+000   2.2315815579E-001
   4.1745768208E+000   2.0504024166E-001
   4.3291907772E+000   1.9562337058E-001
   4.4838047335E+000   1.9050727877E-001
   4.6384186898E+000   1.8751767751E-001
   4.7930326461E+000   1.8559817801E-001
   4.9476466025E+000   1.8425389541E-001
   5.1022605588E+000   1.8328297601E-001
   5.2568745151E+000   1.8263620780E-001
   5.4114884714E+000   1.8233484525E-001
   5.5661024278E+000   1.8241874185E-001
   5.7207163841E+000   1.8291465527E-001
   5.8753303404E+000   1.8382111204E-001
   6.0299442968E+000   1.8510617236E-001
   6.1845582531E+000   1.8671732405E-001
   6.3391722094E+000   1.8860696992E-001
   6.4937861657E+000   1.9077700633E-001
   6.6484001221E+000   1.9334937533E-001
   6.8030140784E+000   1.9668295147E-001
   6.9576280347E+000   2.0158807879E-001
   7.1122419910E+000   2.0976313247E-001
   7.2668559474E+000   2.2468868324E-001
   7.4214699037E+000   2.5324296626E-001
   7.5760838600E+000   3.0806499774E-001
   7.7306978164E+000   4.1092469086E-001
   7.8853117727E+000   6.0113100732E-001
   8.0399257290E+000   9.5393439722E-001
   8.1945396853E+000   1.5599539210E+000
   8.3491536417E+000   2.3119180799E+000
   8.5037675980E+000   2.6887553516E+000
   8.6583815543E+000   2.3106226517E+000
   8.8129955106E+000   1.5571777889E+000
   8.9676094670E+000   9.4944072343E-001
   9.1222234233E+000   5.9473259484E-001
   9.2768373796E+000   4.0249997461E-001
   9.4314513359E+000   2.9755092684E-001
   9.5860652923E+000   2.4063202008E-001
   9.7406792486E+000   2.1002174093E-001
   9.8952932049E+000   1.9311838154E-001
   1.0049907161E+001   1.8307218092E-001
   1.0204521118E+001   1.7642621107E-001
   1.0359135074E+001   1.7150293667E-001
   1.0513749030E+001   1.6751000791E-001
   1.0668362987E+001   1.6410295249E-001
   1.0822976943E+001   1.6117025276E-001
   1.0977590899E+001   1.5871674011E-001
   1.1132204856E+001   1.5679379566E-001
   1.1286818812E+001   1.5545565921E-001
   1.1441432768E+001   1.5473469014E-001
   1.1596046725E+001   1.5463192179E-001
   1.1750660681E+001   1.5511938327E-001
   1.1905274637E+001   1.5615497470E-001
   1.2059888594E+001   1.5771363384E-001
   1.2214502550E+001   1.5983856586E-001
   1.2369116506E+001   1.6272292144E-001
   1.2523730462E+001   1.6685011984E-001
   1.2678344419E+001   1.7326285675E-001
   1.2832958375E+001   1.8412046295E-001
   1.2987572331E+001   2.0380773737E-001
   1.3142186288E+001   2.4080889659E-001
   1.3296800244E+001   3.1029203561E-001
   1.3451414200E+001   4.3837836726E-001
   1.3606028157E+001   6.7405172242E-001
   1.3760642113E+001   1.1058628045E+000
   1.3915256069E+001   1.7945759541E+000
   1.4069870026E+001   2.4949539702E+000
   1.4224483982E+001   2.6275686940E+000
   1.4379097938E+001   2.0548998297E+000
   1.4533711895E+001   1.3124495789E+000
   1.4688325851E+001   7.9567469574E-001
   1.4842939807E+001   5.0796580146E-001
   1.4997553764E+001   3.5292459621E-001
   1.5152167720E+001   2.6929963723E-001
   1.5306781676E+001   2.2525808457E-001
   1.5461395633E+001   2.0260639922E-001
   1.5616009589E+001   1.9092036485E-001
   1.5770623545E+001   1.8466757223E-001
   1.5925237502E+001   1.8108115557E-001
   1.6079851458E+001   1.7880773495E-001
   1.6234465414E+001   1.7719909873E-001
   1.6389079371E+001   1.7597130300E-001
   1.6543693327E+001   1.7503285533E-001
   1.6698307283E+001   1.7438780989E-001
   1.6852921240E+001   1.7407583744E-001
   1.7007535196E+001   1.7413461628E-001
   1.7162149152E+001   1.7457984783E-001
   1.7316763109E+001   1.7539930688E-001
   1.7471377065E+001   1.7655855415E-001
   1.7625991021E+001   1.7802068784E-001
   1.7780604978E+001   1.7978372628E-001
   1.7935218934E+001   1.8194031972E-001
   1.8089832890E+001   1.8477443472E-001
   1.8244446847E+001   1.8893290001E-001
   1.8399060803E+001   1.9576590291E-001
   1.8553674759E+001   2.0803472641E-001
   1.8708288716E+001   2.3126322547E-001
   1.8862902672E+001   2.7586407383E-001
   1.9017516628E+001   3.6001745706E-001
   1.9172130585E+001   5.1554292235E-001
   1.9326744541E+001   8.0368055258E-001
   1.9481358497E+001   1.3208288736E+000
   1.9635972454E+001   2.0636413787E+000
   1.9790586410E+001   2.6367784507E+000
   1.9945200366E+001   2.5048761736E+000
   2.0099814323E+001   1.8054980871E+000
   2.0254428279E+001   1.1179927970E+000
   2.0409042235E+001   6.8748733793E-001
   2.0563656191E+001   4.5314587536E-001
   2.0718270148E+001   3.2637551269E-001
   2.0872884104E+001   2.5815705387E-001
   2.1027498060E+001   2.2233822641E-001
   2.1182112017E+001   2.0372659998E-001
   2.1336725973E+001   1.9381841562E-001
   2.1491339929E+001   1.8821095962E-001
   2.1645953886E+001   1.8472734573E-001
   2.1800567842E+001   1.8230829088E-001
   2.1955181798E+001   1.8045600502E-001
   2.2109795755E+001   1.7896613378E-001
   2.2264409711E+001   1.7778781070E-001
   2.2419023667E+001   1.7694194008E-001
   2.2573637624E+001   1.7646979692E-001
   2.2728251580E+001   1.7640178833E-001
   2.2882865536E+001   1.7674273790E-001
   2.3037479493E+001   1.7746998371E-001
   2.3192093449E+001   1.7854342874E-001
   2.3346707405E+001   1.7993090397E-001
   2.3501321362E+001   1.8165225527E-001
   2.3655935318E+001   1.8384899871E-001
   2.3810549274E+001   1.8689996990E-001
   2.3965163231E+001   1.9163443651E-001
   2.4119777187E+001   1.9976707446E-001
   2.4274391143E+001   2.1478996710E-001
   2.4429005100E+001   2.4358451632E-001
   2.4583619056E+001   2.9877954490E-001
   2.4738233012E+001   4.0211807564E-001
   2.4892846969E+001   5.9287173389E-001
   2.5047460925E+001   9.4626703453E-001
   2.5202074881E+001   1.5529392780E+000
   2.5356688838E+001   2.3056238528E+000
   2.5511302794E+001   2.6831448555E+000
   2.5665916750E+001   2.3056240311E+000
   2.5820530707E+001   1.5529396192E+000
   2.5975144663E+001   9.4626750922E-001
   2.6129758619E+001   5.9287230128E-001
   2.6284372576E+001   4.0211868618E-001
   2.6438986532E+001   2.9878014277E-001
   2.6593600488E+001   2.4358504167E-001
   2.6748214445E+001   2.1479035842E-001
   2.6902828401E+001   1.9976727132E-001
   2.7057442357E+001   1.9163438304E-001
   2.7212056314E+001   1.8689961902E-001
   2.7366670270E+001   1.8384831694E-001
   2.7521284226E+001   1.8165122818E-001
   2.7675898183E+001   1.7992954224E-001
   2.7830512139E+001   1.7854177493E-001
   2.7985126095E+001   1.7746811948E-001
   2.8139740052E+001   1.7674079188E-001
   2.8294354008E+001   1.7639994444E-001
   2.8448967964E+001   1.7646830264E-001
   2.8603581920E+001   1.7694111461E-001
   2.8758195877E+001   1.7778805258E-001
   2.8912809833E+001   1.7896792735E-001
   2.9067423789E+001   1.8045992516E-001
   2.9222037746E+001   1.8231500577E-001
   2.9376651702E+001   1.8473761701E-001
   2.9531265658E+001   1.8822563877E-001
   2.9685879615E+001   1.9383843479E-001
   2.9840493571E+001   2.0375295436E-001
   2.9995107527E+001   2.2237194547E-001
   3.0149721484E+001   2.5819916543E-001
   3.0304335440E+001   3.2642701487E-001
   3.0458949396E+001   4.5320773207E-001
   3.0613563353E+001   6.8756049533E-001
   3.0768177309E+001   1.1180782869E+000
   3.0922791265E+001   1.8055975733E+000
   3.1077405222E+001   2.5049932553E+000
   3.1232019178E+001   2.6369197858E+000
   3.1386633134E+001   2.0638158842E+000
   3.1541247091E+001   1.3210454548E+000
   3.1695861047E+001   8.0394687159E-001
   3.1850475003E+001   5.1586588912E-001
   3.2005088960E+001   3.6040399920E-001
   3.2159702916E+001   2.7632142780E-001
   3.2314316872E+001   2.3179906302E-001
   3.2468930829E+001   2.0865735295E-001
   3.2623544785E+001   1.9648446829E-001
   3.2778158741E+001   1.8975755581E-001
   3.2932772698E+001   1.8571645236E-001
   3.3087386654E+001   1.8301220724E-001
   3.3242000610E+001   1.8099936282E-001
   3.3396614567E+001   1.7939547231E-001
   3.3551228523E+001   1.7810955203E-001
   3.3705842479E+001   1.7714537441E-001
   3.3860456436E+001   1.7654171306E-001
