  -3.4015070392E+001   1.7635606967E-001
  -3.3860456436E+001   1.7656141660E-001
  -3.3705842479E+001   1.7716350168E-001
  -3.3551228523E+001   1.7812599942E-001
  -3.3396614567E+001   1.7941014142E-001
  -3.3242000610E+001   1.8101216087E-001
  -3.3087386654E+001   1.8302304735E-001
  -3.2932772698E+001   1.8572525414E-001
  -3.2778158741E+001   1.8976424706E-001
  -3.2623544785E+001   1.9648898813E-001
  -3.2468930829E+001   2.0865965657E-001
  -3.2314316872E+001   2.3179912780E-001
  -3.2159702916E+001   2.7631926059E-001
  -3.2005088960E+001   3.6039964375E-001
  -3.1850475003E+001   5.1585942813E-001
  -3.1695861047E+001   8.0393840227E-001
  -3.1541247091E+001   1.3210350148E+000
  -3.1386633134E+001   2.0638034407E+000
  -3.1232019178E+001   2.6369055332E+000
  -3.1077405222E+001   2.5049778061E+000
  -3.0922791265E+001   1.8055814314E+000
  -3.0768177309E+001   1.1180615341E+000
  -3.0613563353E+001   6.8754312350E-001
  -3.0458949396E+001   4.5318983101E-001
  -3.0304335440E+001   3.2640871134E-001
  -3.0149721484E+001   2.5818056418E-001
  -2.9995107527E+001   2.2235311704E-001
  -2.9840493571E+001   2.0373394001E-001
  -2.9685879615E+001   1.9381925379E-001
  -2.9531265658E+001   1.8820629503E-001
  -2.9376651702E+001   1.8471810446E-001
  -2.9222037746E+001   1.8229531217E-001
  -2.9067423789E+001   1.8044003433E-001
  -2.8912809833E+001   1.7894782003E-001
  -2.8758195877E+001   1.7776770643E-001
  -2.8603581920E+001   1.7692050402E-001
  -2.8448967964E+001   1.7644739890E-001
  -2.8294354008E+001   1.7637871630E-001
  -2.8139740052E+001   1.7671920651E-001
  -2.7985126095E+001   1.7744614341E-001
  -2.7830512139E+001   1.7851937489E-001
  -2.7675898183E+001   1.7990668539E-001
  -2.7521284226E+001   1.8162788203E-001
  -2.7366670270E+001   1.8382444933E-001
  -2.7212056314E+001   1.8687519858E-001
  -2.7057442357E+001   1.9160938088E-001
  -2.6902828401E+001   1.9974166437E-001
  -2.6748214445E+001   2.1476413421E-001
  -2.6593600488E+001   2.4355820435E-001
  -2.6438986532E+001   2.9875272006E-001
  -2.6284372576E+001   4.0209073587E-001
  -2.6129758619E+001   5.9284390804E-001
  -2.5975144663E+001   9.4623874495E-001
  -2.5820530707E+001   1.5529104670E+000
  -2.5665916750E+001   2.3055944639E+000
  -2.5511302794E+001   2.6831151996E+000
  -2.5356688838E+001   2.3055947437E+000
  -2.5202074881E+001   1.5529110523E+000
  -2.5047460925E+001   9.4623968115E-001
  -2.4892846969E+001   5.9284525028E-001
  -2.4738233012E+001   4.0209254006E-001
  -2.4583619056E+001   2.9875503669E-001
  -2.4429005100E+001   2.4356107535E-001
  -2.4274391143E+001   2.1476759149E-001
  -2.4119777187E+001   1.9974572810E-001
  -2.3965163231E+001   1.9161405643E-001
  -2.3810549274E+001   1.8688047197E-001
  -2.3655935318E+001   1.8383028175E-001
  -2.3501321362E+001   1.8163420364E-001
  -2.3346707405E+001   1.7991338859E-001
  -2.3192093449E+001   1.7852630717E-001
  -2.3037479493E+001   1.7745309971E-001
  -2.2882865536E+001   1.7672592095E-001
  -2.2728251580E+001   1.7638485342E-001
  -2.2573637624E+001   1.7645254487E-001
  -2.2419023667E+001   1.7692415818E-001
  -2.2264409711E+001   1.7776927336E-001
  -2.2109795755E+001   1.7894660324E-001
  -2.1955181798E+001   1.8043523212E-001
  -2.1800567842E+001   1.8228601599E-001
  -2.1645953886E+001   1.8470330046E-001
  -2.1491339929E+001   1.8818486995E-001
  -2.1336725973E+001   1.9379000658E-001
  -2.1182112017E+001   2.0369560155E-001
  -2.1027498060E+001   2.2230437994E-001
  -2.0872884104E+001   2.5812011878E-001
  -2.0718270148E+001   3.2633527290E-001
  -2.0563656191E+001   4.5310213894E-001
  -2.0409042235E+001   6.8743990500E-001
  -2.0254428279E+001   1.1179413792E+000
  -2.0099814323E+001   1.8054423305E+000
  -1.9945200366E+001   2.5048161482E+000
  -1.9790586410E+001   2.6367152756E+000
  -1.9635972454E+001   2.0635767311E+000
  -1.9481358497E+001   1.3207639358E+000
  -1.9326744541E+001   8.0361599456E-001
  -1.9172130585E+001   5.1547945256E-001
  -1.9017516628E+001   3.5995609306E-001
  -1.8862902672E+001   2.7580616440E-001
  -1.8708288716E+001   2.3121044622E-001
  -1.8553674759E+001   2.0798911675E-001
  -1.8399060803E+001   1.9572992168E-001
  -1.8244446847E+001   1.8890947663E-001
  -1.8089832890E+001   1.8476701168E-001
  -1.7935218934E+001   1.8195288930E-001
  -1.7780604978E+001   1.7982086423E-001
  -1.7625991021E+001   1.7808758402E-001
  -1.7471377065E+001   1.7666103828E-001
  -1.7316763109E+001   1.7554386657E-001
  -1.7162149152E+001   1.7477363529E-001
  -1.7007535196E+001   1.7438543788E-001
  -1.6852921240E+001   1.7439211910E-001
  -1.6698307283E+001   1.7477853078E-001
  -1.6543693327E+001   1.7550744191E-001
  -1.6389079371E+001   1.7653947666E-001
  -1.6234465414E+001   1.7787067331E-001
  -1.6079851458E+001   1.7959236246E-001
  -1.5925237502E+001   1.8198801340E-001
  -1.5770623545E+001   1.8570496974E-001
  -1.5616009589E+001   1.9209522210E-001
  -1.5461395633E+001   2.0392353977E-001
  -1.5306781676E+001   2.2671934830E-001
  -1.5152167720E+001   2.7090300888E-001
  -1.4997553764E+001   3.5466373352E-001
  -1.4842939807E+001   5.0983012638E-001
  -1.4688325851E+001   7.9764996836E-001
  -1.4533711895E+001   1.3145216332E+000
  -1.4379097938E+001   2.0570693504E+000
  -1.4224483982E+001   2.6298759997E+000
  -1.4069870026E+001   2.4974857984E+000
  -1.3915256069E+001   1.7974325394E+000
  -1.3760642113E+001   1.1091168142E+000
  -1.3606028157E+001   6.7773953564E-001
  -1.3451414200E+001   4.4251424420E-001
  -1.3296800244E+001   3.1487831531E-001
  -1.3142186288E+001   2.4583830436E-001
  -1.2987572331E+001   2.0926476194E-001
  -1.2832958375E+001   1.8998352952E-001
  -1.2678344419E+001   1.7950585691E-001
  -1.2523730462E+001   1.7344286997E-001
  -1.2369116506E+001   1.6963114679E-001
  -1.2214502550E+001   1.6702399774E-001
  -1.2059888594E+001   1.6513440444E-001
  -1.1905274637E+001   1.6376619566E-001
  -1.1750660681E+001   1.6287370561E-001
  -1.1596046725E+001   1.6247992028E-001
  -1.1441432768E+001   1.6262500897E-001
  -1.1286818812E+001   1.6333494391E-001
  -1.1132204856E+001   1.6460649762E-001
  -1.0977590899E+001   1.6640492274E-001
  -1.0822976943E+001   1.6867356293E-001
  -1.0668362987E+001   1.7135892447E-001
  -1.0513749030E+001   1.7445481070E-001
  -1.0359135074E+001   1.7807254597E-001
  -1.0204521118E+001   1.8255780067E-001
  -1.0049907161E+001   1.8870541252E-001
  -9.8952932049E+000   1.9819654571E-001
  -9.7406792486E+000   2.1449370879E-001
  -9.5860652923E+000   2.4445748167E-001
  -9.4314513359E+000   3.0071181464E-001
  -9.2768373796E+000   4.0501826090E-001
  -9.1222234233E+000   5.9669344918E-001
  -8.9676094670E+000   9.5103004590E-001
  -8.8129955106E+000   1.5587137338E+000
  -8.6583815543E+000   2.3123963136E+000
  -8.5037675980E+000   2.6906191905E+000
  -8.3491536417E+000   2.3133266549E+000
  -8.1945396853E+000   1.5606085628E+000
  -8.0399257290E+000   9.5393709636E-001
  -7.8853117727E+000   6.0065524985E-001
  -7.7306978164E+000   4.1006428442E-001
  -7.5760838600E+000   3.0685578482E-001
  -7.4214699037E+000   2.5169666515E-001
  -7.2668559474E+000   2.2281024332E-001
  -7.1122419910E+000   2.0755970915E-001
  -6.9576280347E+000   1.9907350339E-001
  -6.8030140784E+000   1.9387936478E-001
  -6.6484001221E+000   1.9028735025E-001
  -6.4937861657E+000   1.8749492163E-001
  -6.3391722094E+000   1.8514994320E-001
  -6.1845582531E+000   1.8313585212E-001
  -6.0299442968E+000   1.8145461706E-001
  -5.8753303404E+000   1.8015615836E-001
  -5.7207163841E+000   1.7929381720E-001
  -5.5661024278E+000   1.7889893281E-001
  -5.4114884714E+000   1.7897098928E-001
  -5.2568745151E+000   1.7947984891E-001
  -5.1022605588E+000   1.8038085655E-001
  -4.9476466025E+000   1.8164652124E-001
  -4.7930326461E+000   1.8331845170E-001
  -4.6384186898E+000   1.8558973938E-001
  -4.4838047335E+000   1.8894572568E-001
  -4.3291907772E+000   1.9443300318E-001
  -4.1745768208E+000   2.0421644649E-001
  -4.0199628645E+000   2.2268804592E-001
  -3.8653489082E+000   2.5834206182E-001
  -3.7107349518E+000   3.2636163718E-001
  -3.5561209955E+000   4.5288710280E-001
  -3.4015070392E+000   6.8691320179E-001
  -3.2468930829E+000   1.1169756247E+000
  -3.0922791265E+000   1.8038466621E+000
  -2.9376651702E+000   2.5025110832E+000
  -2.7830512139E+000   2.6339512817E+000
  -2.6284372576E+000   2.0606548241E+000
  -2.4738233012E+000   1.3176278022E+000
  -2.3192093449E+000   7.9999655465E-001
  -2.1645953886E+000   5.1115845885E-001
  -2.0099814323E+000   3.5480541315E-001
  -1.8553674759E+000   2.6975166177E-001
  -1.7007535196E+000   2.2421237618E-001
  -1.5461395633E+000   2.0003423520E-001
  -1.3915256069E+000   1.8682726115E-001
  -1.2369116506E+000   1.7908878498E-001
  -1.0822976943E+000   1.7407880033E-001
  -9.2768373796E-001   1.7046851247E-001
  -7.7306978164E-001   1.6763166634E-001
  -6.1845582531E-001   1.6530298211E-001
  -4.6384186898E-001   1.6340588491E-001
  -3.0922791265E-001   1.6195553434E-001
  -1.5461395633E-001   1.6099914841E-001
   0.0000000000E+000   1.6057880204E-001
   1.5461395633E-001   1.6071184754E-001
   3.0922791265E-001   1.6138526166E-001
   4.6384186898E-001   1.6256149251E-001
   6.1845582531E-001   1.6419817971E-001
   7.7306978164E-001   1.6628539758E-001
   9.2768373796E-001   1.6890524105E-001
   1.0822976943E+000   1.7232856722E-001
   1.2369116506E+000   1.7718693050E-001
   1.3915256069E+000   1.8481374331E-001
   1.5461395633E+000   1.9795242247E-001
   1.7007535196E+000   2.2210697610E-001
   1.8553674759E+000   2.6766522453E-001
   2.0099814323E+000   3.5277319903E-001
   2.1645953886E+000   5.0920298390E-001
   2.3192093449E+000   7.9812540861E-001
   2.4738233012E+000   1.3158402594E+000
   2.6284372576E+000   2.0589584300E+000
   2.7830512139E+000   2.6323713037E+000
   2.9376651702E+000   2.5010848882E+000
   3.0922791265E+000   1.8026210159E+000
   3.2468930829E+000   1.1159928601E+000
   3.4015070392E+000   6.8619608560E-001
   3.5561209955E+000   4.5244784753E-001
   3.7107349518E+000   3.2621498778E-001
   3.8653489082E+000   2.5850801659E-001
   4.0199628645E+000   2.2318846044E-001
   4.1745768208E+000   2.0507055300E-001
   4.3291907772E+000   1.9565392274E-001
   4.4838047335E+000   1.9053828912E-001
   4.6384186898E+000   1.8754932892E-001
   4.7930326461E+000   1.8563060817E-001
   4.9476466025E+000   1.8428719057E-001
   5.1022605588E+000   1.8331716877E-001
   5.2568745151E+000   1.8267127880E-001
   5.4114884714E+000   1.8237072861E-001
   5.5661024278E+000   1.8245533339E-001
   5.7207163841E+000   1.8295182268E-001
   5.8753303404E+000   1.8385870582E-001
   6.0299442968E+000   1.8514403674E-001
   6.1845582531E+000   1.8675530695E-001
   6.3391722094E+000   1.8864493149E-001
   6.4937861657E+000   1.9081482573E-001
   6.6484001221E+000   1.9338695562E-001
   6.8030140784E+000   1.9672022287E-001
   6.9576280347E+000   2.0162500060E-001
   7.1122419910E+000   2.0979969374E-001
   7.2668559474E+000   2.2472490178E-001
   7.4214699037E+000   2.5327888486E-001
   7.5760838600E+000   3.0810067624E-001
   7.7306978164E+000   4.1096019431E-001
   7.8853117727E+000   6.0116638829E-001
   8.0399257290E+000   9.5396965871E-001
   8.1945396853E+000   1.5599889700E+000
   8.3491536417E+000   2.3119528413E+000
   8.5037675980E+000   2.6887901232E+000
   8.6583815543E+000   2.3106580439E+000
   8.8129955106E+000   1.5572141220E+000
   8.9676094670E+000   9.4947793533E-001
   9.1222234233E+000   5.9477057315E-001
   9.2768373796E+000   4.0253867148E-001
   9.4314513359E+000   2.9759031849E-001
   9.5860652923E+000   2.4067207386E-001
   9.7406792486E+000   2.1006240228E-001
   9.8952932049E+000   1.9315956762E-001
   1.0049907161E+001   1.8311377778E-001
   1.0204521118E+001   1.7646807347E-001
   1.0359135074E+001   1.7154488978E-001
   1.0513749030E+001   1.6755184972E-001
   1.0668362987E+001   1.6414445674E-001
   1.0822976943E+001   1.6121117217E-001
   1.0977590899E+001   1.5875681026E-001
   1.1132204856E+001   1.5683273920E-001
   1.1286818812E+001   1.5549319055E-001
   1.1441432768E+001   1.5477052015E-001
   1.1596046725E+001   1.5466576210E-001
   1.1750660681E+001   1.5515095003E-001
   1.1905274637E+001   1.5618399135E-001
   1.2059888594E+001   1.5773983306E-001
   1.2214502550E+001   1.5986169094E-001
   1.2369116506E+001   1.6274272757E-001
   1.2523730462E+001   1.6686637606E-001
   1.2678344419E+001   1.7327534907E-001
   1.2832958375E+001   1.8412899886E-001
   1.2987572331E+001   2.0381215184E-001
   1.3142186288E+001   2.4080905963E-001
   1.3296800244E+001   3.1028786124E-001
   1.3451414200E+001   4.3836982089E-001
   1.3606028157E+001   6.7403881101E-001
   1.3760642113E+001   1.1058455201E+000
   1.3915256069E+001   1.7945542167E+000
   1.4069870026E+001   2.4949278197E+000
   1.4224483982E+001   2.6275386170E+000
   1.4379097938E+001   2.0548664294E+000
   1.4533711895E+001   1.3124130369E+000
   1.4688325851E+001   7.9563496553E-001
   1.4842939807E+001   5.0792291670E-001
   1.4997553764E+001   3.5287866761E-001
   1.5152167720E+001   2.6925078229E-001
   1.5306781676E+001   2.2520640482E-001
   1.5461395633E+001   2.0255198298E-001
   1.5616009589E+001   1.9086329443E-001
   1.5770623545E+001   1.8460793026E-001
   1.5925237502E+001   1.8101902994E-001
   1.6079851458E+001   1.7874322215E-001
   1.6234465414E+001   1.7713230553E-001
   1.6389079371E+001   1.7590234648E-001
   1.6543693327E+001   1.7496186185E-001
   1.6698307283E+001   1.7431491353E-001
   1.6852921240E+001   1.7400117867E-001
   1.7007535196E+001   1.7405834093E-001
   1.7162149152E+001   1.7450210654E-001
   1.7316763109E+001   1.7532025470E-001
   1.7471377065E+001   1.7647834996E-001
   1.7625991021E+001   1.7793949341E-001
   1.7780604978E+001   1.7970170493E-001
   1.7935218934E+001   1.8185763489E-001
   1.8089832890E+001   1.8469124892E-001
   1.8244446847E+001   1.8884937491E-001
   1.8399060803E+001   1.9568220102E-001
   1.8553674759E+001   2.0795101445E-001
   1.8708288716E+001   2.3117967926E-001
   1.8862902672E+001   2.7578088438E-001
   1.9017516628E+001   3.5993483702E-001
   1.9172130585E+001   5.1546110718E-001
   1.9326744541E+001   8.0359977539E-001
   1.9481358497E+001   1.3207492903E+000
   1.9635972454E+001   2.0635630571E+000
   1.9790586410E+001   2.6367016672E+000
   1.9945200366E+001   2.5048016042E+000
   2.0099814323E+001   1.8054262810E+000
   2.0254428279E+001   1.1179238632E+000
   2.0409042235E+001   6.8742127743E-001
   2.0563656191E+001   4.5308276948E-001
   2.0718270148E+001   3.2631546256E-001
   2.0872884104E+001   2.5810012212E-001
   2.1027498060E+001   2.2228442569E-001
   2.1182112017E+001   2.0367589879E-001
   2.1336725973E+001   1.9377074653E-001
   2.1491339929E+001   1.8816622692E-001
   2.1645953886E+001   1.8468543185E-001
   2.1800567842E+001   1.8226906141E-001
   2.1955181798E+001   1.8041931213E-001
   2.2109795755E+001   1.7893181825E-001
   2.2264409711E+001   1.7775570319E-001
   2.2419023667E+001   1.7691186226E-001
   2.2573637624E+001   1.7644156283E-001
   2.2728251580E+001   1.7637520629E-001
   2.2882865536E+001   1.7671761265E-001
   2.3037479493E+001   1.7744611867E-001
   2.3192093449E+001   1.7852062794E-001
   2.3346707405E+001   1.7990897353E-001
   2.3501321362E+001   1.8163100445E-001
   2.3655935318E+001   1.8382824091E-001
   2.3810549274E+001   1.8687952425E-001
   2.3965163231E+001   1.9161413055E-001
   2.4119777187E+001   1.9974674843E-001
   2.4274391143E+001   2.1476947974E-001
   2.4429005100E+001   2.4356375190E-001
   2.4583619056E+001   2.9875842119E-001
   2.4738233012E+001   4.0209655110E-001
   2.4892846969E+001   5.9284980471E-001
   2.5047460925E+001   9.4624469423E-001
   2.5202074881E+001   1.5529164394E+000
   2.5356688838E+001   2.3056004238E+000
   2.5511302794E+001   2.6831210997E+000
   2.5665916750E+001   2.3056005226E+000
   2.5820530707E+001   1.5529166353E+000
   2.5975144663E+001   9.4624498528E-001
   2.6129758619E+001   5.9285019094E-001
   2.6284372576E+001   4.0209703697E-001
   2.6438986532E+001   2.9875901762E-001
   2.6593600488E+001   2.4356447804E-001
   2.6748214445E+001   2.1477036476E-001
   2.6902828401E+001   1.9974783357E-001
   2.7057442357E+001   1.9161547188E-001
   2.7212056314E+001   1.8688119601E-001
   2.7366670270E+001   1.8383033943E-001
   2.7521284226E+001   1.8163365258E-001
   2.7675898183E+001   1.7991232570E-001
   2.7830512139E+001   1.7852487573E-001
   2.7985126095E+001   1.7745149690E-001
   2.8139740052E+001   1.7672440603E-001
   2.8294354008E+001   1.7638375643E-001
   2.8448967964E+001   1.7645227528E-001
   2.8603581920E+001   1.7692521325E-001
   2.8758195877E+001   1.7777224599E-001
   2.8912809833E+001   1.7895218826E-001
   2.9067423789E+001   1.8044423027E-001
   2.9222037746E+001   1.8229933551E-001
   2.9376651702E+001   1.8472195554E-001
   2.9531265658E+001   1.8820997472E-001
   2.9685879615E+001   1.9382276343E-001
   2.9840493571E+001   2.0373728140E-001
   2.9995107527E+001   2.2235629241E-001
   3.0149721484E+001   2.5818357606E-001
   3.0304335440E+001   3.2641156258E-001
   3.0458949396E+001   4.5319252474E-001
   3.0613563353E+001   6.8754566307E-001
   3.0768177309E+001   1.1180639230E+000
   3.0922791265E+001   1.8055836734E+000
   3.1077405222E+001   2.5049799049E+000
   3.1232019178E+001   2.6369074927E+000
   3.1386633134E+001   2.0638052647E+000
   3.1541247091E+001   1.3210367072E+000
   3.1695861047E+001   8.0393996696E-001
   3.1850475003E+001   5.1586086887E-001
   3.2005088960E+001   3.6040096422E-001
   3.2159702916E+001   2.7632046435E-001
   3.2314316872E+001   2.3180021824E-001
   3.2468930829E+001   2.0866063689E-001
   3.2623544785E+001   1.9648986135E-001
   3.2778158741E+001   1.8976501593E-001
   3.2932772698E+001   1.8572592119E-001
   3.3087386654E+001   1.8302361480E-001
   3.3242000610E+001   1.8101263070E-001
   3.3396614567E+001   1.7941051527E-001
   3.3551228523E+001   1.7812627863E-001
   3.3705842479E+001   1.7716368725E-001
   3.3860456436E+001   1.7656150922E-001
