  -3.4015070392E+001   1.7635593797E-001
  -3.3860456436E+001   1.7656129616E-001
  -3.3705842479E+001   1.7716338835E-001
  -3.3551228523E+001   1.7812588950E-001
  -3.3396614567E+001   1.7941003177E-001
  -3.3242000610E+001   1.8101204910E-001
  -3.3087386654E+001   1.8302293193E-001
  -3.2932772698E+001   1.8572513457E-001
  -3.2778158741E+001   1.8976412379E-001
  -3.2623544785E+001   1.9648886258E-001
  -3.2468930829E+001   2.0865953092E-001
  -3.2314316872E+001   2.3179900485E-001
  -3.2159702916E+001   2.7631914336E-001
  -3.2005088960E+001   3.6039953517E-001
  -3.1850475003E+001   5.1585933082E-001
  -3.1695861047E+001   8.0393831922E-001
  -3.1541247091E+001   1.3210349520E+000
  -3.1386633134E+001   2.0638034081E+000
  -3.1232019178E+001   2.6369055336E+000
  -3.1077405222E+001   2.5049778276E+000
  -3.0922791265E+001   1.8055814661E+000
  -3.0768177309E+001   1.1180615889E+000
  -3.0613563353E+001   6.8754320730E-001
  -3.0458949396E+001   4.5318994835E-001
  -3.0304335440E+001   3.2640886468E-001
  -3.0149721484E+001   2.5818075601E-001
  -2.9995107527E+001   2.2235335008E-001
  -2.9840493571E+001   2.0373421694E-001
  -2.9685879615E+001   1.9381957693E-001
  -2.9531265658E+001   1.8820666601E-001
  -2.9376651702E+001   1.8471852401E-001
  -2.9222037746E+001   1.8229578008E-001
  -2.9067423789E+001   1.8044054940E-001
  -2.8912809833E+001   1.7894838006E-001
  -2.8758195877E+001   1.7776830837E-001
  -2.8603581920E+001   1.7692114415E-001
  -2.8448967964E+001   1.7644807290E-001
  -2.8294354008E+001   1.7637941947E-001
  -2.8139740052E+001   1.7671993393E-001
  -2.7985126095E+001   1.7744689009E-001
  -2.7830512139E+001   1.7852013586E-001
  -2.7675898183E+001   1.7990745594E-001
  -2.7521284226E+001   1.8162865786E-001
  -2.7366670270E+001   1.8382522663E-001
  -2.7212056314E+001   1.8687597411E-001
  -2.7057442357E+001   1.9161015209E-001
  -2.6902828401E+001   1.9974242929E-001
  -2.6748214445E+001   2.1476489137E-001
  -2.6593600488E+001   2.4355895269E-001
  -2.6438986532E+001   2.9875345885E-001
  -2.6284372576E+001   4.0209146441E-001
  -2.6129758619E+001   5.9284462578E-001
  -2.5975144663E+001   9.4623945295E-001
  -2.5820530707E+001   1.5529111707E+000
  -2.5665916750E+001   2.3055951708E+000
  -2.5511302794E+001   2.6831159057E+000
  -2.5356688838E+001   2.3055954352E+000
  -2.5202074881E+001   1.5529117286E+000
  -2.5047460925E+001   9.4624035737E-001
  -2.4892846969E+001   5.9284594709E-001
  -2.4738233012E+001   4.0209328386E-001
  -2.4583619056E+001   2.9875586550E-001
  -2.4429005100E+001   2.4356204356E-001
  -2.4274391143E+001   2.1476877355E-001
  -2.4119777187E+001   1.9974722250E-001
  -2.3965163231E+001   1.9161599075E-001
  -2.3810549274E+001   1.8688300896E-001
  -2.3655935318E+001   1.8383362621E-001
  -2.3501321362E+001   1.8163861033E-001
  -2.3346707405E+001   1.7991917121E-001
  -2.3192093449E+001   1.7853384827E-001
  -2.3037479493E+001   1.7746286126E-001
  -2.2882865536E+001   1.7673845569E-001
  -2.2728251580E+001   1.7640081655E-001
  -2.2573637624E+001   1.7647270525E-001
  -2.2419023667E+001   1.7694940851E-001
  -2.2264409711E+001   1.7780063858E-001
  -2.2109795755E+001   1.7898524581E-001
  -2.1955181798E+001   1.8048245286E-001
  -2.1800567842E+001   1.8234324989E-001
  -2.1645953886E+001   1.8477210608E-001
  -2.1491339929E+001   1.8826691020E-001
  -2.1336725973E+001   1.9388701783E-001
  -2.1182112017E+001   2.0380934585E-001
  -2.1027498060E+001   2.2243657641E-001
  -2.0872884104E+001   2.5827236048E-001
  -2.0718270148E+001   3.2650895546E-001
  -2.0563656191E+001   4.5329843255E-001
  -2.0409042235E+001   6.8765977785E-001
  -2.0254428279E+001   1.1181857758E+000
  -2.0099814323E+001   1.8057130123E+000
  -1.9945200366E+001   2.5051176170E+000
  -1.9790586410E+001   2.6370563731E+000
  -1.9635972454E+001   2.0639693755E+000
  -1.9481358497E+001   1.3212196389E+000
  -1.9326744541E+001   8.0414382612E-001
  -1.9172130585E+001   5.1608652250E-001
  -1.9017516628E+001   3.6064850112E-001
  -1.8862902672E+001   2.7658930803E-001
  -1.8708288716E+001   2.3208911513E-001
  -1.8553674759E+001   2.0896768980E-001
  -1.8399060803E+001   1.9681256259E-001
  -1.8244446847E+001   1.9010023304E-001
  -1.8089832890E+001   1.8606984837E-001
  -1.7935218934E+001   1.8337172176E-001
  -1.7780604978E+001   1.8135962804E-001
  -1.7625991021E+001   1.7975033904E-001
  -1.7471377065E+001   1.7845208803E-001
  -1.7316763109E+001   1.7746787003E-001
  -1.7162149152E+001   1.7683569342E-001
  -1.7007535196E+001   1.7659114480E-001
  -1.6852921240E+001   1.7674757074E-001
  -1.6698307283E+001   1.7729028342E-001
  -1.6543693327E+001   1.7818241344E-001
  -1.6389079371E+001   1.7938478417E-001
  -1.6234465414E+001   1.8089340088E-001
  -1.6079851458E+001   1.8279925180E-001
  -1.5925237502E+001   1.8538506369E-001
  -1.5770623545E+001   1.8929690909E-001
  -1.5616009589E+001   1.9588477415E-001
  -1.5461395633E+001   2.0791039401E-001
  -1.5306781676E+001   2.3089883291E-001
  -1.5152167720E+001   2.7526472883E-001
  -1.4997553764E+001   3.5919069382E-001
  -1.4842939807E+001   5.1449852634E-001
  -1.4688325851E+001   8.0242952825E-001
  -1.4533711895E+001   1.3193805805E+000
  -1.4379097938E+001   2.0619961276E+000
  -1.4224483982E+001   2.6349163374E+000
  -1.4069870026E+001   2.5027535257E+000
  -1.3915256069E+001   1.8030613560E+000
  -1.3760642113E+001   1.1151988255E+000
  -1.3606028157E+001   6.8431171177E-001
  -1.3451414200E+001   4.4957993513E-001
  -1.3296800244E+001   3.2242280719E-001
  -1.3142186288E+001   2.5383196278E-001
  -1.2987572331E+001   2.1766460166E-001
  -1.2832958375E+001   1.9873614364E-001
  -1.2678344419E+001   1.8854957762E-001
  -1.2523730462E+001   1.8270845826E-001
  -1.2369116506E+001   1.7904187817E-001
  -1.2214502550E+001   1.7649605236E-001
  -1.2059888594E+001   1.7457790257E-001
  -1.1905274637E+001   1.7308677523E-001
  -1.1750660681E+001   1.7197440044E-001
  -1.1596046725E+001   1.7126316793E-001
  -1.1441432768E+001   1.7099473729E-001
  -1.1286818812E+001   1.7119877168E-001
  -1.1132204856E+001   1.7187812234E-001
  -1.0977590899E+001   1.7300674839E-001
  -1.0822976943E+001   1.7453953855E-001
  -1.0668362987E+001   1.7643745360E-001
  -1.0513749030E+001   1.7871148899E-001
  -1.0359135074E+001   1.8149241537E-001
  -1.0204521118E+001   1.8514681985E-001
  -1.0049907161E+001   1.9049092485E-001
  -9.8952932049E+000   1.9922645132E-001
  -9.7406792486E+000   2.1483343852E-001
  -9.5860652923E+000   2.4418270526E-001
  -9.4314513359E+000   2.9989430909E-001
  -9.2768373796E+000   4.0370471414E-001
  -9.1222234233E+000   5.9488015047E-001
  -8.9676094670E+000   9.4863454630E-001
  -8.8129955106E+000   1.5555703639E+000
  -8.6583815543E+000   2.3084001955E+000
  -8.5037675980E+000   2.6860134033E+000
  -8.3491536417E+000   2.3086221969E+000
  -8.1945396853E+000   1.5560865224E+000
  -8.0399257290E+000   9.4953555752E-001
  -7.8853117727E+000   5.9623604920E-001
  -7.7306978164E+000   4.0556076268E-001
  -7.5760838600E+000   3.0227546773E-001
  -7.4214699037E+000   2.4709532765E-001
  -7.2668559474E+000   2.1826802746E-001
  -7.1122419910E+000   2.0316185117E-001
  -6.9576280347E+000   1.9489761491E-001
  -6.8030140784E+000   1.8998860624E-001
  -6.6484001221E+000   1.8672726728E-001
  -6.4937861657E+000   1.8429232795E-001
  -6.3391722094E+000   1.8231319669E-001
  -6.1845582531E+000   1.8065629257E-001
  -6.0299442968E+000   1.7930892861E-001
  -5.8753303404E+000   1.7830933271E-001
  -5.7207163841E+000   1.7770239753E-001
  -5.5661024278E+000   1.7751429326E-001
  -5.4114884714E+000   1.7774249477E-001
  -5.2568745151E+000   1.7835781899E-001
  -5.1022605588E+000   1.7931929499E-001
  -4.9476466025E+000   1.8060555856E-001
  -4.7930326461E+000   1.8226640937E-001
  -4.6384186898E+000   1.8450469338E-001
  -4.4838047335E+000   1.8781644080E-001
  -4.3291907772E+000   1.9325913624E-001
  -4.1745768208E+000   2.0300795520E-001
  -4.0199628645E+000   2.2146372326E-001
  -3.8653489082E+000   2.5712705201E-001
  -3.7107349518E+000   3.2518393698E-001
  -3.5561209955E+000   4.5177410418E-001
  -3.4015070392E+000   6.8589224899E-001
  -3.2468930829E+000   1.1160848272E+000
  -3.0922791265E+000   1.8031455335E+000
  -2.9376651702E+000   2.5020413015E+000
  -2.7830512139E+000   2.6336750642E+000
  -2.6284372576E+000   2.0605293221E+000
  -2.4738233012E+000   1.3177111262E+000
  -2.3192093449E+000   8.0039447511E-001
  -2.1645953886E+000   5.1195284585E-001
  -2.0099814323E+000   3.5605403904E-001
  -1.8553674759E+000   2.7150292259E-001
  -1.7007535196E+000   2.2650927905E-001
  -1.5461395633E+000   2.0291317210E-001
  -1.3915256069E+000   1.9031610757E-001
  -1.2369116506E+000   1.8320522050E-001
  -1.0822976943E+000   1.7882902874E-001
  -9.2768373796E-001   1.7584660761E-001
  -7.7306978164E-001   1.7361968398E-001
  -6.1845582531E-001   1.7187178248E-001
  -4.6384186898E-001   1.7051644690E-001
  -3.0922791265E-001   1.6956047867E-001
  -1.5461395633E-001   1.6904421953E-001
   0.0000000000E+000   1.6900414643E-001
   1.5461395633E-001   1.6945301870E-001
   3.0922791265E-001   1.7037396007E-001
   4.6384186898E-001   1.7172611805E-001
   6.1845582531E-001   1.7346432720E-001
   7.7306978164E-001   1.7557644438E-001
   9.2768373796E-001   1.7814314813E-001
   1.0822976943E+000   1.8143493249E-001
   1.2369116506E+000   1.8608421626E-001
   1.3915256069E+000   1.9342660533E-001
   1.5461395633E+000   2.0620949389E-001
   1.7007535196E+000   2.2994444583E-001
   1.8553674759E+000   2.7503445382E-001
   2.0099814323E+000   3.5965375333E-001
   2.1645953886E+000   5.1562006082E-001
   2.3192093449E+000   8.0417252706E-001
   2.4738233012E+000   1.3217001148E+000
   2.6284372576E+000   2.0648358090E+000
   2.7830512139E+000   2.6382400019E+000
   2.9376651702E+000   2.5065835690E+000
   3.0922791265E+000   1.8074474144E+000
   3.2468930829E+000   1.1201767085E+000
   3.4015070392E+000   6.8990604899E-001
   3.5561209955E+000   4.5580444994E-001
   3.7107349518E+000   3.2927088337E-001
   3.8653489082E+000   2.6127337492E-001
   4.0199628645E+000   2.2565051993E-001
   4.1745768208E+000   2.0720723753E-001
   4.3291907772E+000   1.9744264547E-001
   4.4838047335E+000   1.9196040560E-001
   4.6384186898E+000   1.8859189033E-001
   4.7930326461E+000   1.8628691278E-001
   4.9476466025E+000   1.8455684184E-001
   5.1022605588E+000   1.8320584110E-001
   5.2568745151E+000   1.8219026302E-001
   5.4114884714E+000   1.8153635763E-001
   5.5661024278E+000   1.8128840639E-001
   5.7207163841E+000   1.8147712082E-001
   5.8753303404E+000   1.8210464428E-001
   6.0299442968E+000   1.8314244189E-001
   6.1845582531E+000   1.8454126111E-001
   6.3391722094E+000   1.8625660459E-001
   6.4937861657E+000   1.8829321054E-001
   6.6484001221E+000   1.9077543868E-001
   6.8030140784E+000   1.9406395586E-001
   6.9576280347E+000   1.9897007236E-001
   7.1122419910E+000   2.0719214771E-001
   7.2668559474E+000   2.2220977587E-001
   7.4214699037E+000   2.5089979149E-001
   7.5760838600E+000   3.0590097808E-001
   7.7306978164E+000   4.0898773123E-001
   7.8853117727E+000   5.9948757597E-001
   8.0399257290E+000   9.5270519053E-001
   8.1945396853E+000   1.5593446959E+000
   8.3491536417E+000   2.3120714953E+000
   8.5037675980E+000   2.6894034165E+000
   8.6583815543E+000   2.3112419309E+000
   8.8129955106E+000   1.5576655849E+000
   8.9676094670E+000   9.5014689194E-001
   9.1222234233E+000   5.9602183522E-001
   9.2768373796E+000   4.0459430379E-001
   9.4314513359E+000   3.0057086079E-001
   9.5860652923E+000   2.4463614987E-001
   9.7406792486E+000   2.1502714738E-001
   9.8952932049E+000   1.9911500082E-001
   1.0049907161E+001   1.9003157517E-001
   1.0204521118E+001   1.8430508598E-001
   1.0359135074E+001   1.8024418282E-001
   1.0513749030E+001   1.7704365414E-001
   1.0668362987E+001   1.7434791334E-001
   1.0822976943E+001   1.7203669182E-001
   1.0977590899E+001   1.7010854165E-001
   1.1132204856E+001   1.6861074624E-001
   1.1286818812E+001   1.6759517162E-001
   1.1441432768E+001   1.6709309479E-001
   1.1596046725E+001   1.6710546383E-001
   1.1750660681E+001   1.6760510452E-001
   1.1905274637E+001   1.6855165107E-001
   1.2059888594E+001   1.6992289777E-001
   1.2214502550E+001   1.7176626076E-001
   1.2369116506E+001   1.7428060734E-001
   1.2523730462E+001   1.7795650280E-001
   1.2678344419E+001   1.8384483431E-001
   1.2832958375E+001   1.9411360912E-001
   1.2987572331E+001   2.1315650878E-001
   1.3142186288E+001   2.4946746610E-001
   1.3296800244E+001   3.1822671183E-001
   1.3451414200E+001   4.4557107657E-001
   1.3606028157E+001   6.8050244658E-001
   1.3760642113E+001   1.1115930555E+000
   1.3915256069E+001   1.7996425369E+000
   1.4069870026E+001   2.4994672533E+000
   1.4224483982E+001   2.6316782802E+000
   1.4379097938E+001   2.0587354840E+000
   1.4533711895E+001   1.3160742993E+000
   1.4688325851E+001   7.9909378946E-001
   1.4842939807E+001   5.1116184271E-001
   1.4997553764E+001   3.5587900544E-001
   1.5152167720E+001   2.7199885501E-001
   1.5306781676E+001   2.2769498035E-001
   1.5461395633E+001   2.0478062382E-001
   1.5616009589E+001   1.9283766380E-001
   1.5770623545E+001   1.8633843005E-001
   1.5925237502E+001   1.8251939623E-001
   1.6079851458E+001   1.8002938842E-001
   1.6234465414E+001   1.7822154898E-001
   1.6389079371E+001   1.7681263350E-001
   1.6543693327E+001   1.7571132288E-001
   1.6698307283E+001   1.7492141566E-001
   1.6852921240E+001   1.7448198648E-001
   1.7007535196E+001   1.7442986208E-001
   1.7162149152E+001   1.7477971508E-001
   1.7316763109E+001   1.7551818085E-001
   1.7471377065E+001   1.7660962249E-001
   1.7625991021E+001   1.7801592099E-001
   1.7780604978E+001   1.7973388436E-001
   1.7935218934E+001   1.8185497738E-001
   1.8089832890E+001   1.8466201913E-001
   1.8244446847E+001   1.8880074056E-001
   1.8399060803E+001   1.9562029267E-001
   1.8553674759E+001   2.0788099401E-001
   1.8708288716E+001   2.3110581182E-001
   1.8862902672E+001   2.7570660348E-001
   1.9017516628E+001   3.5986279388E-001
   1.9172130585E+001   5.1539320462E-001
   1.9326744541E+001   8.0353720489E-001
   1.9481358497E+001   1.3206926031E+000
   1.9635972454E+001   2.0635122888E+000
   1.9790586410E+001   2.6366565077E+000
   1.9945200366E+001   2.5047615924E+000
   2.0099814323E+001   1.8053909923E+000
   2.0254428279E+001   1.1178930047E+000
   2.0409042235E+001   6.8739467261E-001
   2.0563656191E+001   4.5306029418E-001
   2.0718270148E+001   3.2629698262E-001
   2.0872884104E+001   2.5808545096E-001
   2.1027498060E+001   2.2227330915E-001
   2.1182112017E+001   2.0366802185E-001
   2.1336725973E+001   1.9376575113E-001
   2.1491339929E+001   1.8816373183E-001
   2.1645953886E+001   1.8468505011E-001
   2.1800567842E+001   1.8227041406E-001
   2.1955181798E+001   1.8042203861E-001
   2.2109795755E+001   1.7893558395E-001
   2.2264409711E+001   1.7776020454E-001
   2.2419023667E+001   1.7691682970E-001
   2.2573637624E+001   1.7644676201E-001
   2.2728251580E+001   1.7638043778E-001
   2.2882865536E+001   1.7672271057E-001
   2.3037479493E+001   1.7745094855E-001
   2.3192093449E+001   1.7852508424E-001
   2.3346707405E+001   1.7991297691E-001
   2.3501321362E+001   1.8163449906E-001
   2.3655935318E+001   1.8383119170E-001
   2.3810549274E+001   1.8688191429E-001
   2.3965163231E+001   1.9161595831E-001
   2.4119777187E+001   1.9974802504E-001
   2.4274391143E+001   2.1477022634E-001
   2.4429005100E+001   2.4356399734E-001
   2.4583619056E+001   2.9875820033E-001
   2.4738233012E+001   4.0209590387E-001
   2.4892846969E+001   5.9284877586E-001
   2.5047460925E+001   9.4624333400E-001
   2.5202074881E+001   1.5529148047E+000
   2.5356688838E+001   2.3055985728E+000
   2.5511302794E+001   2.6831190749E+000
   2.5665916750E+001   2.3055983489E+000
   2.5820530707E+001   1.5529143407E+000
   2.5975144663E+001   9.4624260210E-001
   2.6129758619E+001   5.9284774496E-001
   2.6284372576E+001   4.0209454689E-001
   2.6438986532E+001   2.9875649967E-001
   2.6593600488E+001   2.4356194808E-001
   2.6748214445E+001   2.1476783846E-001
   2.6902828401E+001   1.9974532589E-001
   2.7057442357E+001   1.9161299652E-001
   2.7212056314E+001   1.8687876504E-001
   2.7366670270E+001   1.8382796297E-001
   2.7521284226E+001   1.8163133876E-001
   2.7675898183E+001   1.7991008062E-001
   2.7830512139E+001   1.7852270362E-001
   2.7985126095E+001   1.7744940032E-001
   2.8139740052E+001   1.7672238605E-001
   2.8294354008E+001   1.7638181290E-001
   2.8448967964E+001   1.7645040705E-001
   2.8603581920E+001   1.7692341848E-001
   2.8758195877E+001   1.7777052233E-001
   2.8912809833E+001   1.7895053309E-001
   2.9067423789E+001   1.8044264099E-001
   2.9222037746E+001   1.8229780971E-001
   2.9376651702E+001   1.8472049116E-001
   2.9531265658E+001   1.8820857020E-001
   2.9685879615E+001   1.9382141772E-001
   2.9840493571E+001   2.0373599391E-001
   2.9995107527E+001   2.2235506282E-001
   3.0149721484E+001   2.5818240416E-001
   3.0304335440E+001   3.2641044793E-001
   3.0458949396E+001   4.5319146639E-001
   3.0613563353E+001   6.8754465987E-001
   3.0768177309E+001   1.1180629758E+000
   3.0922791265E+001   1.8055827872E+000
   3.1077405222E+001   2.5049790826E+000
   3.1232019178E+001   2.6369067224E+000
   3.1386633134E+001   2.0638045308E+000
   3.1541247091E+001   1.3210360084E+000
   3.1695861047E+001   8.0393930928E-001
   3.1850475003E+001   5.1586025456E-001
   3.2005088960E+001   3.6040039262E-001
   3.2159702916E+001   2.7631993452E-001
   3.2314316872E+001   2.3179972976E-001
   3.2468930829E+001   2.0866018966E-001
   3.2623544785E+001   1.9648945519E-001
   3.2778158741E+001   1.8976465034E-001
   3.2932772698E+001   1.8572559513E-001
   3.3087386654E+001   1.8302332656E-001
   3.3242000610E+001   1.8101237784E-001
   3.3396614567E+001   1.7941029469E-001
   3.3551228523E+001   1.7812608666E-001
   3.3705842479E+001   1.7716351978E-001
   3.3860456436E+001   1.7656136186E-001
