  -3.4015070392E+001   1.7456137825E-001
  -3.3860456436E+001   1.7477993989E-001
  -3.3705842479E+001   1.7542034081E-001
  -3.3551228523E+001   1.7644502360E-001
  -3.3396614567E+001   1.7781323396E-001
  -3.3242000610E+001   1.7951855657E-001
  -3.3087386654E+001   1.8164878193E-001
  -3.2932772698E+001   1.8448273345E-001
  -3.2778158741E+001   1.8866193379E-001
  -3.2623544785E+001   1.9553119952E-001
  -3.2468930829E+001   2.0784646605E-001
  -3.2314316872E+001   2.3112636034E-001
  -3.2159702916E+001   2.7577856062E-001
  -3.2005088960E+001   3.5997860159E-001
  -3.1850475003E+001   5.1554191747E-001
  -3.1695861047E+001   8.0370588914E-001
  -3.1541247091E+001   1.3208698307E+000
  -3.1386633134E+001   2.0636902513E+000
  -3.1232019178E+001   2.6368218899E+000
  -3.1077405222E+001   2.5048874136E+000
  -3.0922791265E+001   1.8054517478E+000
  -3.0768177309E+001   1.1178740876E+000
  -3.0613563353E+001   6.8728220997E-001
  -3.0458949396E+001   4.5283706000E-001
  -3.0304335440E+001   3.2594609794E-001
  -3.0149721484E+001   2.5759315957E-001
  -2.9995107527E+001   2.2162985540E-001
  -2.9840493571E+001   2.0286786240E-001
  -2.9685879615E+001   1.9280761265E-001
  -2.9531265658E+001   1.8705060093E-001
  -2.9376651702E+001   1.8342409189E-001
  -2.9222037746E+001   1.8087280743E-001
  -2.9067423789E+001   1.7890271697E-001
  -2.8912809833E+001   1.7731287106E-001
  -2.8758195877E+001   1.7605533749E-001
  -2.8603581920E+001   1.7515336795E-001
  -2.8448967964E+001   1.7464989376E-001
  -2.8294354008E+001   1.7457620765E-001
  -2.8139740052E+001   1.7493720234E-001
  -2.7985126095E+001   1.7570946210E-001
  -2.7830512139E+001   1.7685134742E-001
  -2.7675898183E+001   1.7832842898E-001
  -2.7521284226E+001   1.8015767330E-001
  -2.7366670270E+001   1.8247721339E-001
  -2.7212056314E+001   1.8566211819E-001
  -2.7057442357E+001   1.9053762125E-001
  -2.6902828401E+001   1.9881420646E-001
  -2.6748214445E+001   2.1397970939E-001
  -2.6593600488E+001   2.4291131735E-001
  -2.6438986532E+001   2.9823373602E-001
  -2.6284372576E+001   4.0168604180E-001
  -2.6129758619E+001   5.9253644658E-001
  -2.5975144663E+001   9.4600993752E-001
  -2.5820530707E+001   1.5527437746E+000
  -2.5665916750E+001   2.3054739016E+000
  -2.5511302794E+001   2.6830134105E+000
  -2.5356688838E+001   2.3054741921E+000
  -2.5202074881E+001   1.5527444057E+000
  -2.5047460925E+001   9.4601100489E-001
  -2.4892846969E+001   5.9253808425E-001
  -2.4738233012E+001   4.0168841640E-001
  -2.4583619056E+001   2.9823704406E-001
  -2.4429005100E+001   2.4291578597E-001
  -2.4274391143E+001   2.1398559919E-001
  -2.4119777187E+001   1.9882181490E-001
  -2.3965163231E+001   1.9054728574E-001
  -2.3810549274E+001   1.8567421869E-001
  -2.3655935318E+001   1.8249217514E-001
  -2.3501321362E+001   1.8017596990E-001
  -2.3346707405E+001   1.7835058600E-001
  -2.3192093449E+001   1.7687794658E-001
  -2.3037479493E+001   1.7574114584E-001
  -2.2882865536E+001   1.7497467854E-001
  -2.2728251580E+001   1.7462025427E-001
  -2.2573637624E+001   1.7470136310E-001
  -2.2419023667E+001   1.7521319032E-001
  -2.2264409711E+001   1.7612452358E-001
  -2.2109795755E+001   1.7739251281E-001
  -2.1955181798E+001   1.7899398619E-001
  -2.1800567842E+001   1.8097695177E-001
  -2.1645953886E+001   1.8354242740E-001
  -2.1491339929E+001   1.8718450028E-001
  -2.1336725973E+001   1.9295848705E-001
  -2.1182112017E+001   2.0303713426E-001
  -2.1027498060E+001   2.2181891959E-001
  -2.0872884104E+001   2.5780333590E-001
  -2.0718270148E+001   3.2617858654E-001
  -2.0563656191E+001   4.5309291290E-001
  -2.0409042235E+001   6.8756231900E-001
  -2.0254428279E+001   1.1181792404E+000
  -2.0099814323E+001   1.8057830245E+000
  -1.9945200366E+001   2.5052471633E+000
  -1.9790586410E+001   2.6372145533E+000
  -1.9635972454E+001   2.0641216786E+000
  -1.9481358497E+001   1.3213454400E+000
  -1.9326744541E+001   8.0422961107E-001
  -1.9172130585E+001   5.1611646094E-001
  -1.9017516628E+001   3.6060593431E-001
  -1.8862902672E+001   2.7646002187E-001
  -1.8708288716E+001   2.3186264417E-001
  -1.8553674759E+001   2.0863765147E-001
  -1.8399060803E+001   1.9637677834E-001
  -1.8244446847E+001   1.8956078666E-001
  -1.8089832890E+001   1.8543306796E-001
  -1.7935218934E+001   1.8264806615E-001
  -1.7780604978E+001   1.8056346827E-001
  -1.7625991021E+001   1.7889962794E-001
  -1.7471377065E+001   1.7756791105E-001
  -1.7316763109E+001   1.7657387470E-001
  -1.7162149152E+001   1.7595740542E-001
  -1.7007535196E+001   1.7575519162E-001
  -1.6852921240E+001   1.7598084537E-001
  -1.6698307283E+001   1.7661908781E-001
  -1.6543693327E+001   1.7763162401E-001
  -1.6389079371E+001   1.7897707936E-001
  -1.6234465414E+001   1.8064858289E-001
  -1.6079851458E+001   1.8273368344E-001
  -1.5925237502E+001   1.8551122917E-001
  -1.5770623545E+001   1.8962309827E-001
  -1.5616009589E+001   1.9641488736E-001
  -1.5461395633E+001   2.0864386512E-001
  -1.5306781676E+001   2.3183066006E-001
  -1.5152167720E+001   2.7638557578E-001
  -1.4997553764E+001   3.6048701381E-001
  -1.4842939807E+001   5.1595283655E-001
  -1.4688325851E+001   8.0402158590E-001
  -1.4533711895E+001   1.3210902684E+000
  -1.4379097938E+001   2.0638037738E+000
  -1.4224483982E+001   2.6367914832E+000
  -1.4069870026E+001   2.5046476811E+000
  -1.3915256069E+001   1.8049278256E+000
  -1.3760642113E+001   1.1170059303E+000
  -1.3606028157E+001   6.8603227020E-001
  -1.3451414200E+001   4.5118495146E-001
  -1.3296800244E+001   3.2388387923E-001
  -1.3142186288E+001   2.5512373109E-001
  -1.2987572331E+001   2.1876548471E-001
  -1.2832958375E+001   1.9962842638E-001
  -1.2678344419E+001   1.8921946694E-001
  -1.2523730462E+001   1.8314619300E-001
  -1.2369116506E+001   1.7924181975E-001
  -1.2214502550E+001   1.7645669181E-001
  -1.2059888594E+001   1.7430176214E-001
  -1.1905274637E+001   1.7258020811E-001
  -1.1750660681E+001   1.7124730037E-001
  -1.1596046725E+001   1.7032860333E-001
  -1.1441432768E+001   1.6986852777E-001
  -1.1286818812E+001   1.6989902877E-001
  -1.1132204856E+001   1.7042477931E-001
  -1.0977590899E+001   1.7142110274E-001
  -1.0822976943E+001   1.7284382115E-001
  -1.0668362987E+001   1.7465442388E-001
  -1.0513749030E+001   1.7686404073E-001
  -1.0359135074E+001   1.7960316830E-001
  -1.0204521118E+001   1.8323767472E-001
  -1.0049907161E+001   1.8858257311E-001
  -9.8952932049E+000   1.9733781730E-001
  -9.7406792486E+000   2.1298093277E-001
  -9.5860652923E+000   2.4237897756E-001
  -9.4314513359E+000   2.9814610429E-001
  -9.2768373796E+000   4.0200982847E-001
  -9.1222234233E+000   5.9322422500E-001
  -8.9676094670E+000   9.4698884543E-001
  -8.8129955106E+000   1.5538951614E+000
  -8.6583815543E+000   2.3066670883E+000
  -8.5037675980E+000   2.6842397924E+000
  -8.3491536417E+000   2.3068588896E+000
  -8.1945396853E+000   1.5543574184E+000
  -8.0399257290E+000   9.4782117028E-001
  -7.8853117727E+000   5.9450465863E-001
  -7.7306978164E+000   4.0378984047E-001
  -7.5760838600E+000   3.0045500999E-001
  -7.4214699037E+000   2.4522566301E-001
  -7.2668559474E+000   2.1635687323E-001
  -7.1122419910E+000   2.0122166474E-001
  -6.9576280347E+000   1.9294375508E-001
  -6.8030140784E+000   1.8803825537E-001
  -6.6484001221E+000   1.8479879372E-001
  -6.4937861657E+000   1.8240485016E-001
  -6.3391722094E+000   1.8048624853E-001
  -6.1845582531E+000   1.7890955073E-001
  -6.0299442968E+000   1.7766196784E-001
  -5.8753303404E+000   1.7678137142E-001
  -5.7207163841E+000   1.7631200839E-001
  -5.5661024278E+000   1.7627907319E-001
  -5.4114884714E+000   1.7667870967E-001
  -5.2568745151E+000   1.7748005219E-001
  -5.1022605588E+000   1.7864013145E-001
  -4.9476466025E+000   1.8013532725E-001
  -4.7930326461E+000   1.8201298974E-001
  -4.6384186898E+000   1.8447337296E-001
  -4.4838047335E+000   1.8800979809E-001
  -4.3291907772E+000   1.9367691919E-001
  -4.1745768208E+000   2.0364691103E-001
  -4.0199628645E+000   2.2231727222E-001
  -3.8653489082E+000   2.5818458628E-001
  -3.7107349518E+000   3.2642949927E-001
  -3.5561209955E+000   4.5318442924E-001
  -3.4015070392E+000   6.8743443822E-001
  -3.2468930829E+000   1.1177149907E+000
  -3.0922791265E+000   1.8048159322E+000
  -2.9376651702E+000   2.5037266796E+000
  -2.7830512139E+000   2.6353921421E+000
  -2.6284372576E+000   2.0622987254E+000
  -2.4738233012E+000   1.3195075835E+000
  -2.3192093449E+000   8.0215795213E-001
  -2.1645953886E+000   5.1362277182E-001
  -2.0099814323E+000   3.5758295212E-001
  -1.8553674759E+000   2.7285659025E-001
  -1.7007535196E+000   2.2766425788E-001
  -1.5461395633E+000   2.0385414939E-001
  -1.3915256069E+000   1.9103372158E-001
  -1.2369116506E+000   1.8369475795E-001
  -1.0822976943E+000   1.7908979362E-001
  -9.2768373796E-001   1.7588157138E-001
  -7.7306978164E-001   1.7343517952E-001
  -6.1845582531E-001   1.7147717471E-001
  -4.6384186898E-001   1.6992378745E-001
  -3.0922791265E-001   1.6878415818E-001
  -1.5461395633E-001   1.6810062064E-001
   0.0000000000E+000   1.6791129518E-001
   1.5461395633E-001   1.6823023385E-001
   3.0922791265E-001   1.6904150316E-001
   4.6384186898E-001   1.7030484603E-001
   6.1845582531E-001   1.7197534213E-001
   7.7306978164E-001   1.7404072402E-001
   9.2768373796E-001   1.7658113679E-001
   1.0822976943E+000   1.7986607796E-001
   1.2369116506E+000   1.8452645653E-001
   1.3915256069E+000   1.9189580928E-001
   1.5461395633E+000   2.0471878357E-001
   1.7007535196E+000   2.2850314416E-001
   1.8553674759E+000   2.7364624762E-001
   2.0099814323E+000   3.5831391798E-001
   2.1645953886E+000   5.1431244120E-001
   2.3192093449E+000   8.0286760556E-001
   2.4738233012E+000   1.3203565310E+000
   2.6284372576E+000   2.0634129205E+000
   2.7830512139E+000   2.6367249199E+000
   2.9376651702E+000   2.5050010992E+000
   3.0922791265E+000   1.8058256597E+000
   3.2468930829E+000   1.1185160846E+000
   3.4015070392E+000   6.8818819114E-001
   3.5561209955E+000   4.5401120059E-001
   3.7107349518E+000   3.2739167922E-001
   3.8653489082E+000   2.5930514563E-001
   4.0199628645E+000   2.2359571440E-001
   4.1745768208E+000   2.0507183731E-001
   4.3291907772E+000   1.9523470514E-001
   4.4838047335E+000   1.8968915155E-001
   4.6384186898E+000   1.8626720068E-001
   4.7930326461E+000   1.8391903180E-001
   4.9476466025E+000   1.8215625172E-001
   5.1022605588E+000   1.8078323314E-001
   5.2568745151E+000   1.7975654079E-001
   5.4114884714E+000   1.7910260593E-001
   5.5661024278E+000   1.7886578321E-001
   5.7207163841E+000   1.7907666330E-001
   5.8753303404E+000   1.7973701093E-001
   6.0299442968E+000   1.8081763487E-001
   6.1845582531E+000   1.8226837962E-001
   6.3391722094E+000   1.8404367214E-001
   6.4937861657E+000   1.8614709669E-001
   6.6484001221E+000   1.8870186514E-001
   6.8030140784E+000   1.9206754483E-001
   6.9576280347E+000   1.9705437965E-001
   7.1122419910E+000   2.0535962815E-001
   7.2668559474E+000   2.2046163063E-001
   7.4214699037E+000   2.4923560426E-001
   7.5760838600E+000   3.0431796661E-001
   7.7306978164E+000   4.0747942543E-001
   7.8853117727E+000   5.9804181684E-001
   8.0399257290E+000   9.5130194580E-001
   8.1945396853E+000   1.5579585311E+000
   8.3491536417E+000   2.3106901786E+000
   8.5037675980E+000   2.6880522629E+000
   8.6583815543E+000   2.3099610044E+000
   8.8129955106E+000   1.5564516448E+000
   8.9676094670E+000   9.4894899880E-001
   9.1222234233E+000   5.9478081009E-001
   9.2768373796E+000   4.0326550707E-001
   9.4314513359E+000   2.9912705063E-001
   9.5860652923E+000   2.4306527633E-001
   9.7406792486E+000   2.1332924314E-001
   9.8952932049E+000   1.9729909281E-001
   1.0049907161E+001   1.8811350287E-001
   1.0204521118E+001   1.8230626627E-001
   1.0359135074E+001   1.7819082793E-001
   1.0513749030E+001   1.7496603919E-001
   1.0668362987E+001   1.7227955748E-001
   1.0822976943E+001   1.7001348128E-001
   1.0977590899E+001   1.6816785781E-001
   1.1132204856E+001   1.6679063562E-001
   1.1286818812E+001   1.6593356437E-001
   1.1441432768E+001   1.6562706078E-001
   1.1596046725E+001   1.6587049058E-001
   1.1750660681E+001   1.6663438401E-001
   1.1905274637E+001   1.6787536763E-001
   1.2059888594E+001   1.6956751574E-001
   1.2214502550E+001   1.7175382488E-001
   1.2369116506E+001   1.7462809503E-001
   1.2523730462E+001   1.7867530175E-001
   1.2678344419E+001   1.8494043694E-001
   1.2832958375E+001   1.9558557009E-001
   1.2987572331E+001   2.1499855963E-001
   1.3142186288E+001   2.5166746904E-001
   1.3296800244E+001   3.2076611628E-001
   1.3451414200E+001   4.4842412119E-001
   1.3606028157E+001   6.8363630173E-001
   1.3760642113E+001   1.1149693296E+000
   1.3915256069E+001   1.8032157179E+000
   1.4069870026E+001   2.5031730886E+000
   1.4224483982E+001   2.6354271090E+000
   1.4379097938E+001   2.0624417122E+000
   1.4533711895E+001   1.3196889735E+000
   1.4688325851E+001   8.0259461227E-001
   1.4842939807E+001   5.1453215670E-001
   1.4997553764E+001   3.5910217589E-001
   1.5152167720E+001   2.7505957134E-001
   1.5306781676E+001   2.3058016162E-001
   1.5461395633E+001   2.0747967464E-001
   1.5616009589E+001   1.9534283218E-001
   1.5770623545E+001   1.8864530403E-001
   1.5925237502E+001   1.8462732710E-001
   1.6079851458E+001   1.8194172346E-001
   1.6234465414E+001   1.7994566222E-001
   1.6389079371E+001   1.7835977733E-001
   1.6543693327E+001   1.7709631859E-001
   1.6698307283E+001   1.7616219234E-001
   1.6852921240E+001   1.7559898061E-001
   1.7007535196E+001   1.7544530054E-001
   1.7162149152E+001   1.7571681586E-001
   1.7316763109E+001   1.7640031423E-001
   1.7471377065E+001   1.7745947833E-001
   1.7625991021E+001   1.7885472505E-001
   1.7780604978E+001   1.8058069877E-001
   1.7935218934E+001   1.8272610883E-001
   1.8089832890E+001   1.8557054528E-001
   1.8244446847E+001   1.8975615475E-001
   1.8399060803E+001   1.9662826201E-001
   1.8553674759E+001   2.0894322442E-001
   1.8708288716E+001   2.3222000799E-001
   1.8862902672E+001   2.7686649919E-001
   1.9017516628E+001   3.6105823709E-001
   1.9172130585E+001   5.1661045579E-001
   1.9326744541E+001   8.0476021312E-001
   1.9481358497E+001   1.3219062294E+000
   1.9635972454E+001   2.0647036818E+000
   1.9790586410E+001   2.6378055982E+000
   1.9945200366E+001   2.5058344584E+000
   2.0099814323E+001   1.8063576294E+000
   2.0254428279E+001   1.1187376886E+000
   2.0409042235E+001   6.8810455409E-001
   2.0563656191E+001   4.5361982557E-001
   2.0718270148E+001   3.2669095340E-001
   2.0872884104E+001   2.5830160456E-001
   2.1027498060E+001   2.2230318629E-001
   2.1182112017E+001   2.0350718340E-001
   2.1336725973E+001   1.9341388399E-001
   2.1491339929E+001   1.8762469802E-001
   2.1645953886E+001   1.8396685440E-001
   2.1800567842E+001   1.8138507290E-001
   2.1955181798E+001   1.7938534223E-001
   2.2109795755E+001   1.7776674493E-001
   2.2264409711E+001   1.7648138734E-001
   2.2419023667E+001   1.7555256154E-001
   2.2573637624E+001   1.7502323749E-001
   2.2728251580E+001   1.7492474171E-001
   2.2882865536E+001   1.7526199360E-001
   2.3037479493E+001   1.7601159608E-001
   2.3192093449E+001   1.7713191972E-001
   2.3346707405E+001   1.7858853660E-001
   2.3501321362E+001   1.8039840652E-001
   2.3655935318E+001   1.8269964848E-001
   2.3810549274E+001   1.8586731061E-001
   2.3965163231E+001   1.9072659954E-001
   2.4119777187E+001   1.9898796686E-001
   2.4274391143E+001   2.1413921130E-001
   2.4429005100E+001   2.4305747966E-001
   2.4583619056E+001   2.9836743495E-001
   2.4738233012E+001   4.0180811013E-001
   2.4892846969E+001   5.9264767297E-001
   2.5047460925E+001   9.4611106451E-001
   2.5202074881E+001   1.5528354939E+000
   2.5356688838E+001   2.3055568468E+000
   2.5511302794E+001   2.6830881490E+000
   2.5665916750E+001   2.3055412198E+000
   2.5820530707E+001   1.5528041469E+000
   2.5975144663E+001   9.4606381706E-001
   2.6129758619E+001   5.9258426517E-001
   2.6284372576E+001   4.0172821050E-001
   2.6438986532E+001   2.9827064571E-001
   2.6593600488E+001   2.4294333926E-001
   2.6748214445E+001   2.1400719577E-001
   2.6902828401E+001   1.9883749137E-001
   2.7057442357E+001   1.9055702127E-001
   2.7212056314E+001   1.8567793304E-001
   2.7366670270E+001   1.8248972675E-001
   2.7521284226E+001   1.8016715355E-001
   2.7675898183E+001   1.7833512985E-001
   2.7830512139E+001   1.7685550869E-001
   2.7985126095E+001   1.7571131032E-001
   2.8139740052E+001   1.7493695148E-001
   2.8294354008E+001   1.7457405967E-001
   2.8448967964E+001   1.7464603925E-001
   2.8603581920E+001   1.7514798674E-001
   2.8758195877E+001   1.7604859915E-001
   2.8912809833E+001   1.7730493543E-001
   2.9067423789E+001   1.7889373469E-001
   2.9222037746E+001   1.8086292040E-001
   2.9376651702E+001   1.8341343368E-001
   2.9531265658E+001   1.8703929726E-001
   2.9685879615E+001   1.9279578179E-001
   2.9840493571E+001   2.0285561552E-001
   2.9995107527E+001   2.2161729693E-001
   3.0149721484E+001   2.5758038755E-001
   3.0304335440E+001   3.2593320435E-001
   3.0458949396E+001   4.5282413102E-001
   3.0613563353E+001   6.8726932631E-001
   3.0768177309E+001   1.1178613248E+000
   3.0922791265E+001   1.8054391763E+000
   3.1077405222E+001   2.5048750991E+000
   3.1232019178E+001   2.6368098938E+000
   3.1386633134E+001   2.0636786304E+000
   3.1541247091E+001   1.3208586378E+000
   3.1695861047E+001   8.0369517306E-001
   3.1850475003E+001   5.1553172323E-001
   3.2005088960E+001   3.5996897056E-001
   3.2159702916E+001   2.7576953065E-001
   3.2314316872E+001   2.3111796590E-001
   3.2468930829E+001   2.0783873840E-001
   3.2623544785E+001   1.9552416669E-001
   3.2778158741E+001   1.8865562075E-001
   3.2932772698E+001   1.8447716223E-001
   3.3087386654E+001   1.8164397161E-001
   3.3242000610E+001   1.7951452339E-001
   3.3396614567E+001   1.7780999137E-001
   3.3551228523E+001   1.7644258236E-001
   3.3705842479E+001   1.7541870889E-001
   3.3860456436E+001   1.7477912259E-001
