              -2681.1449821528
         -0.000499856      -0.000000000      -0.000000001
         -0.000000000      -0.000499856      -0.000000000
         -0.000000001      -0.000000000      -0.000263801
          32
  1    79       0.000000295       0.000000442       0.000000690  Au
  1    79       0.000000264       0.000000046       0.000000588  Au
  1    79       0.000000024      -0.000000008       0.000000673  Au
  1    79      -0.000000181      -0.000000034       0.000000466  Au
  1    79       0.000000042       0.000000358       0.000000793  Au
  1    79       0.000000111      -0.000000019       0.000000617  Au
  1    79       0.000000191       0.000000000       0.000000622  Au
  1    79       0.000000011      -0.000000051       0.000000520  Au
  1    79       0.000000491      -0.000000045       0.000000187  Au
  1    79       0.000000208       0.000000325       0.000000159  Au
  1    79      -0.000000027       0.000000428       0.000000317  Au
  1    79      -0.000000169       0.000000046       0.000000409  Au
  1    79      -0.000000254      -0.000000062       0.000000379  Au
  1    79      -0.000000241       0.000000106       0.000000143  Au
  1    79       0.000000306       0.000000273       0.000000225  Au
  1    79       0.000000276       0.000000018       0.000000230  Au
  1    79       0.000000640       0.000000559       0.000000092  Au
  1    79       0.000000458       0.000000024       0.000000263  Au
  1    79      -0.000000126      -0.000000008       0.000000429  Au
  1    79      -0.000000197       0.000000036       0.000000153  Au
  1    79      -0.000000070       0.000000359       0.000000378  Au
  1    79      -0.000000231       0.000000040       0.000000253  Au
  1    79       0.000000201       0.000000000       0.000000346  Au
  1    79       0.000000047      -0.000000034       0.000000122  Au
  1    79      -0.000000024      -0.000000051       0.000000404  Au
  1    79      -0.000000089       0.000000163       0.000000207  Au
  1    79      -0.000000150      -0.000000009       0.000000469  Au
  1    79      -0.000000146       0.000000031       0.000000574  Au
  1    79      -0.000000225      -0.000000039       0.000000521  Au
  1    79      -0.000000251       0.000000110       0.000000283  Au
  1    79       0.000000287      -0.000000014       0.000000526  Au
  1    79       0.000000274       0.000000009       0.000000322  Au
