 bulk                           8           1         616 -2.00816948396929040E-001  1.85575379116600958E-003           3           3         216
          76           0
          76          76
          78         152
          78         230
          78         308
          78         386
          76         464
          76         540
           1
           2
           3
           4
           5
           6
           7
           8
           1
           2
           3
           4
           5
           6
           7
           8
           1
           2
           3
           4
           5
           6
           7
           8
           1
           2
           3
           4
           5
           6
           7
           8
           1
           2
           3
           4
           5
           6
           7
           8
           1
           2
           3
           4
           5
           6
           7
           8
           1
           2
           3
           4
           5
           6
           7
           8
           1
           2
           3
           4
           5
           6
           7
           8
           1
           2
           3
           4
           5
           6
           7
           8
           1
           2
           3
           4
           5
           6
           7
           8
           1
           2
           3
           4
           5
           6
           7
           8
           1
           2
           3
           4
           5
           6
           7
           8
           1
           2
           3
           4
           5
           6
           7
           8
           1
           2
           3
           4
           5
           6
           7
           8
           1
           2
           3
           4
           5
           6
           7
           8
           1
           2
           3
           4
           5
           6
           7
           8
           1
           2
           3
           4
           5
           6
           7
           8
           1
           2
           3
           4
           5
           6
           7
           8
           1
           2
           3
           4
           5
           6
           7
           8
           1
           2
           3
           4
           5
           6
           7
           8
           1
           2
           3
           4
           5
           6
           7
           8
           1
           2
           3
           4
           5
           6
           7
           8
           1
           2
           3
           4
           5
           6
           7
           8
           1
           2
           3
           4
           5
           6
           7
           8
           1
           2
           3
           4
           5
           6
           7
           8
           1
           2
           3
           4
           5
           6
           7
           8
           1
           2
           3
           4
           5
           6
           7
           8
           1
   0.0000000000000000        0.0000000000000000        0.0000000000000000
           2
   0.0000000000000000        0.0000000000000000        0.0000000000000000
           3
   0.0000000000000000        0.0000000000000000        5.6691783986569284
           4
   0.0000000000000000        0.0000000000000000        5.6691783986569284
           5
   0.0000000000000000        0.0000000000000000       11.3383567973138568
           6
   0.0000000000000000        0.0000000000000000       11.3383567973138568
           7
   0.0000000000000000        0.0000000000000000       17.0075351959707888
           8
   0.0000000000000000        0.0000000000000000       17.0075351959707888
           9
  22.6767135946277136        0.0000000000000000        0.0000000000000000
          10
  22.6767135946277136        0.0000000000000000        0.0000000000000000
          11
  22.6767135946277136        0.0000000000000000        5.6691783986569284
          12
  22.6767135946277136        0.0000000000000000        5.6691783986569284
          13
  22.6767135946277136        0.0000000000000000       11.3383567973138568
          14
  22.6767135946277136        0.0000000000000000       11.3383567973138568
          15
  22.6767135946277136        0.0000000000000000       17.0075351959707888
          16
  22.6767135946277136        0.0000000000000000       17.0075351959707888
          17
 -22.6767135946277136        0.0000000000000000        0.0000000000000000
          18
 -22.6767135946277136        0.0000000000000000        0.0000000000000000
          19
 -22.6767135946277136        0.0000000000000000        5.6691783986569284
          20
 -22.6767135946277136        0.0000000000000000        5.6691783986569284
          21
 -22.6767135946277136        0.0000000000000000       11.3383567973138568
          22
 -22.6767135946277136        0.0000000000000000       11.3383567973138568
          23
 -22.6767135946277136        0.0000000000000000       17.0075351959707888
          24
 -22.6767135946277136        0.0000000000000000       17.0075351959707888
          25
   0.0000000000000000       22.6767135946277136        0.0000000000000000
          26
   0.0000000000000000       22.6767135946277136        0.0000000000000000
          27
   0.0000000000000000       22.6767135946277136        5.6691783986569284
          28
   0.0000000000000000       22.6767135946277136        5.6691783986569284
          29
   0.0000000000000000       22.6767135946277136       11.3383567973138568
          30
   0.0000000000000000       22.6767135946277136       11.3383567973138568
          31
   0.0000000000000000       22.6767135946277136       17.0075351959707888
          32
   0.0000000000000000       22.6767135946277136       17.0075351959707888
          49
   0.0000000000000000      -22.6767135946277136        0.0000000000000000
          50
   0.0000000000000000      -22.6767135946277136        0.0000000000000000
          51
   0.0000000000000000      -22.6767135946277136        5.6691783986569284
          52
   0.0000000000000000      -22.6767135946277136        5.6691783986569284
          53
   0.0000000000000000      -22.6767135946277136       11.3383567973138568
          54
   0.0000000000000000      -22.6767135946277136       11.3383567973138568
          55
   0.0000000000000000      -22.6767135946277136       17.0075351959707888
          56
   0.0000000000000000      -22.6767135946277136       17.0075351959707888
          73
   0.0000000000000000        0.0000000000000000       22.6767135946277136
          74
   0.0000000000000000        0.0000000000000000       22.6767135946277136
          75
   0.0000000000000000        0.0000000000000000       28.3458919932846456
          76
   0.0000000000000000        0.0000000000000000       28.3458919932846456
         145
   0.0000000000000000        0.0000000000000000      -22.6767135946277136
         146
   0.0000000000000000        0.0000000000000000      -22.6767135946277136
         147
   0.0000000000000000        0.0000000000000000      -17.0075351959707852
         148
   0.0000000000000000        0.0000000000000000      -17.0075351959707852
         149
   0.0000000000000000        0.0000000000000000      -11.3383567973138568
         150
   0.0000000000000000        0.0000000000000000      -11.3383567973138568
         151
   0.0000000000000000        0.0000000000000000       -5.6691783986569266
         152
   0.0000000000000000        0.0000000000000000       -5.6691783986569266
         155
  22.6767135946277136        0.0000000000000000      -17.0075351959707852
         156
  22.6767135946277136        0.0000000000000000      -17.0075351959707852
         157
  22.6767135946277136        0.0000000000000000      -11.3383567973138568
         158
  22.6767135946277136        0.0000000000000000      -11.3383567973138568
         159
  22.6767135946277136        0.0000000000000000       -5.6691783986569266
         160
  22.6767135946277136        0.0000000000000000       -5.6691783986569266
         163
 -22.6767135946277136        0.0000000000000000      -17.0075351959707852
         164
 -22.6767135946277136        0.0000000000000000      -17.0075351959707852
         165
 -22.6767135946277136        0.0000000000000000      -11.3383567973138568
         166
 -22.6767135946277136        0.0000000000000000      -11.3383567973138568
         167
 -22.6767135946277136        0.0000000000000000       -5.6691783986569266
         168
 -22.6767135946277136        0.0000000000000000       -5.6691783986569266
         171
   0.0000000000000000       22.6767135946277136      -17.0075351959707852
         172
   0.0000000000000000       22.6767135946277136      -17.0075351959707852
         173
   0.0000000000000000       22.6767135946277136      -11.3383567973138568
         174
   0.0000000000000000       22.6767135946277136      -11.3383567973138568
         175
   0.0000000000000000       22.6767135946277136       -5.6691783986569266
         176
   0.0000000000000000       22.6767135946277136       -5.6691783986569266
         195
   0.0000000000000000      -22.6767135946277136      -17.0075351959707852
         196
   0.0000000000000000      -22.6767135946277136      -17.0075351959707852
         197
   0.0000000000000000      -22.6767135946277136      -11.3383567973138568
         198
   0.0000000000000000      -22.6767135946277136      -11.3383567973138568
         199
   0.0000000000000000      -22.6767135946277136       -5.6691783986569266
         200
   0.0000000000000000      -22.6767135946277136       -5.6691783986569266
           1
   0.0000000000000000        0.0000000000000000        0.0000000000000000
           2
   0.0000000000000000        0.0000000000000000        0.0000000000000000
           3
   0.0000000000000000        0.0000000000000000        5.6691783986569284
           4
   0.0000000000000000        0.0000000000000000        5.6691783986569284
           5
   0.0000000000000000        0.0000000000000000       11.3383567973138568
           6
   0.0000000000000000        0.0000000000000000       11.3383567973138568
           7
   0.0000000000000000        0.0000000000000000       17.0075351959707888
           8
   0.0000000000000000        0.0000000000000000       17.0075351959707888
           9
  22.6767135946277136        0.0000000000000000        0.0000000000000000
          10
  22.6767135946277136        0.0000000000000000        0.0000000000000000
          11
  22.6767135946277136        0.0000000000000000        5.6691783986569284
          12
  22.6767135946277136        0.0000000000000000        5.6691783986569284
          13
  22.6767135946277136        0.0000000000000000       11.3383567973138568
          14
  22.6767135946277136        0.0000000000000000       11.3383567973138568
          15
  22.6767135946277136        0.0000000000000000       17.0075351959707888
          16
  22.6767135946277136        0.0000000000000000       17.0075351959707888
          17
 -22.6767135946277136        0.0000000000000000        0.0000000000000000
          18
 -22.6767135946277136        0.0000000000000000        0.0000000000000000
          19
 -22.6767135946277136        0.0000000000000000        5.6691783986569284
          20
 -22.6767135946277136        0.0000000000000000        5.6691783986569284
          21
 -22.6767135946277136        0.0000000000000000       11.3383567973138568
          22
 -22.6767135946277136        0.0000000000000000       11.3383567973138568
          23
 -22.6767135946277136        0.0000000000000000       17.0075351959707888
          24
 -22.6767135946277136        0.0000000000000000       17.0075351959707888
          25
   0.0000000000000000       22.6767135946277136        0.0000000000000000
          26
   0.0000000000000000       22.6767135946277136        0.0000000000000000
          27
   0.0000000000000000       22.6767135946277136        5.6691783986569284
          28
   0.0000000000000000       22.6767135946277136        5.6691783986569284
          29
   0.0000000000000000       22.6767135946277136       11.3383567973138568
          30
   0.0000000000000000       22.6767135946277136       11.3383567973138568
          31
   0.0000000000000000       22.6767135946277136       17.0075351959707888
          32
   0.0000000000000000       22.6767135946277136       17.0075351959707888
          49
   0.0000000000000000      -22.6767135946277136        0.0000000000000000
          50
   0.0000000000000000      -22.6767135946277136        0.0000000000000000
          51
   0.0000000000000000      -22.6767135946277136        5.6691783986569284
          52
   0.0000000000000000      -22.6767135946277136        5.6691783986569284
          53
   0.0000000000000000      -22.6767135946277136       11.3383567973138568
          54
   0.0000000000000000      -22.6767135946277136       11.3383567973138568
          55
   0.0000000000000000      -22.6767135946277136       17.0075351959707888
          56
   0.0000000000000000      -22.6767135946277136       17.0075351959707888
          73
   0.0000000000000000        0.0000000000000000       22.6767135946277136
          74
   0.0000000000000000        0.0000000000000000       22.6767135946277136
          75
   0.0000000000000000        0.0000000000000000       28.3458919932846456
          76
   0.0000000000000000        0.0000000000000000       28.3458919932846456
         145
   0.0000000000000000        0.0000000000000000      -22.6767135946277136
         146
   0.0000000000000000        0.0000000000000000      -22.6767135946277136
         147
   0.0000000000000000        0.0000000000000000      -17.0075351959707852
         148
   0.0000000000000000        0.0000000000000000      -17.0075351959707852
         149
   0.0000000000000000        0.0000000000000000      -11.3383567973138568
         150
   0.0000000000000000        0.0000000000000000      -11.3383567973138568
         151
   0.0000000000000000        0.0000000000000000       -5.6691783986569266
         152
   0.0000000000000000        0.0000000000000000       -5.6691783986569266
         155
  22.6767135946277136        0.0000000000000000      -17.0075351959707852
         156
  22.6767135946277136        0.0000000000000000      -17.0075351959707852
         157
  22.6767135946277136        0.0000000000000000      -11.3383567973138568
         158
  22.6767135946277136        0.0000000000000000      -11.3383567973138568
         159
  22.6767135946277136        0.0000000000000000       -5.6691783986569266
         160
  22.6767135946277136        0.0000000000000000       -5.6691783986569266
         163
 -22.6767135946277136        0.0000000000000000      -17.0075351959707852
         164
 -22.6767135946277136        0.0000000000000000      -17.0075351959707852
         165
 -22.6767135946277136        0.0000000000000000      -11.3383567973138568
         166
 -22.6767135946277136        0.0000000000000000      -11.3383567973138568
         167
 -22.6767135946277136        0.0000000000000000       -5.6691783986569266
         168
 -22.6767135946277136        0.0000000000000000       -5.6691783986569266
         171
   0.0000000000000000       22.6767135946277136      -17.0075351959707852
         172
   0.0000000000000000       22.6767135946277136      -17.0075351959707852
         173
   0.0000000000000000       22.6767135946277136      -11.3383567973138568
         174
   0.0000000000000000       22.6767135946277136      -11.3383567973138568
         175
   0.0000000000000000       22.6767135946277136       -5.6691783986569266
         176
   0.0000000000000000       22.6767135946277136       -5.6691783986569266
         195
   0.0000000000000000      -22.6767135946277136      -17.0075351959707852
         196
   0.0000000000000000      -22.6767135946277136      -17.0075351959707852
         197
   0.0000000000000000      -22.6767135946277136      -11.3383567973138568
         198
   0.0000000000000000      -22.6767135946277136      -11.3383567973138568
         199
   0.0000000000000000      -22.6767135946277136       -5.6691783986569266
         200
   0.0000000000000000      -22.6767135946277136       -5.6691783986569266
           1
   0.0000000000000000        0.0000000000000000       -5.6691783986569284
           2
   0.0000000000000000        0.0000000000000000       -5.6691783986569284
           3
   0.0000000000000000        0.0000000000000000        0.0000000000000000
           4
   0.0000000000000000        0.0000000000000000        0.0000000000000000
           5
   0.0000000000000000        0.0000000000000000        5.6691783986569284
           6
   0.0000000000000000        0.0000000000000000        5.6691783986569284
           7
   0.0000000000000000        0.0000000000000000       11.3383567973138586
           8
   0.0000000000000000        0.0000000000000000       11.3383567973138586
           9
  22.6767135946277136        0.0000000000000000       -5.6691783986569284
          10
  22.6767135946277136        0.0000000000000000       -5.6691783986569284
          11
  22.6767135946277136        0.0000000000000000        0.0000000000000000
          12
  22.6767135946277136        0.0000000000000000        0.0000000000000000
          13
  22.6767135946277136        0.0000000000000000        5.6691783986569284
          14
  22.6767135946277136        0.0000000000000000        5.6691783986569284
          15
  22.6767135946277136        0.0000000000000000       11.3383567973138586
          16
  22.6767135946277136        0.0000000000000000       11.3383567973138586
          17
 -22.6767135946277136        0.0000000000000000       -5.6691783986569284
          18
 -22.6767135946277136        0.0000000000000000       -5.6691783986569284
          19
 -22.6767135946277136        0.0000000000000000        0.0000000000000000
          20
 -22.6767135946277136        0.0000000000000000        0.0000000000000000
          21
 -22.6767135946277136        0.0000000000000000        5.6691783986569284
          22
 -22.6767135946277136        0.0000000000000000        5.6691783986569284
          23
 -22.6767135946277136        0.0000000000000000       11.3383567973138586
          24
 -22.6767135946277136        0.0000000000000000       11.3383567973138586
          25
   0.0000000000000000       22.6767135946277136       -5.6691783986569284
          26
   0.0000000000000000       22.6767135946277136       -5.6691783986569284
          27
   0.0000000000000000       22.6767135946277136        0.0000000000000000
          28
   0.0000000000000000       22.6767135946277136        0.0000000000000000
          29
   0.0000000000000000       22.6767135946277136        5.6691783986569284
          30
   0.0000000000000000       22.6767135946277136        5.6691783986569284
          31
   0.0000000000000000       22.6767135946277136       11.3383567973138586
          32
   0.0000000000000000       22.6767135946277136       11.3383567973138586
          49
   0.0000000000000000      -22.6767135946277136       -5.6691783986569284
          50
   0.0000000000000000      -22.6767135946277136       -5.6691783986569284
          51
   0.0000000000000000      -22.6767135946277136        0.0000000000000000
          52
   0.0000000000000000      -22.6767135946277136        0.0000000000000000
          53
   0.0000000000000000      -22.6767135946277136        5.6691783986569284
          54
   0.0000000000000000      -22.6767135946277136        5.6691783986569284
          55
   0.0000000000000000      -22.6767135946277136       11.3383567973138586
          56
   0.0000000000000000      -22.6767135946277136       11.3383567973138586
          73
   0.0000000000000000        0.0000000000000000       17.0075351959707817
          74
   0.0000000000000000        0.0000000000000000       17.0075351959707817
          75
   0.0000000000000000        0.0000000000000000       22.6767135946277136
          76
   0.0000000000000000        0.0000000000000000       22.6767135946277136
          77
   0.0000000000000000        0.0000000000000000       28.3458919932846385
          78
   0.0000000000000000        0.0000000000000000       28.3458919932846385
          81
  22.6767135946277136        0.0000000000000000       17.0075351959707817
          82
  22.6767135946277136        0.0000000000000000       17.0075351959707817
          89
 -22.6767135946277136        0.0000000000000000       17.0075351959707817
          90
 -22.6767135946277136        0.0000000000000000       17.0075351959707817
          97
   0.0000000000000000       22.6767135946277136       17.0075351959707817
          98
   0.0000000000000000       22.6767135946277136       17.0075351959707817
         121
   0.0000000000000000      -22.6767135946277136       17.0075351959707817
         122
   0.0000000000000000      -22.6767135946277136       17.0075351959707817
         145
   0.0000000000000000        0.0000000000000000      -28.3458919932846456
         146
   0.0000000000000000        0.0000000000000000      -28.3458919932846456
         147
   0.0000000000000000        0.0000000000000000      -22.6767135946277136
         148
   0.0000000000000000        0.0000000000000000      -22.6767135946277136
         149
   0.0000000000000000        0.0000000000000000      -17.0075351959707852
         150
   0.0000000000000000        0.0000000000000000      -17.0075351959707852
         151
   0.0000000000000000        0.0000000000000000      -11.3383567973138550
         152
   0.0000000000000000        0.0000000000000000      -11.3383567973138550
         157
  22.6767135946277136        0.0000000000000000      -17.0075351959707852
         158
  22.6767135946277136        0.0000000000000000      -17.0075351959707852
         159
  22.6767135946277136        0.0000000000000000      -11.3383567973138550
         160
  22.6767135946277136        0.0000000000000000      -11.3383567973138550
         165
 -22.6767135946277136        0.0000000000000000      -17.0075351959707852
         166
 -22.6767135946277136        0.0000000000000000      -17.0075351959707852
         167
 -22.6767135946277136        0.0000000000000000      -11.3383567973138550
         168
 -22.6767135946277136        0.0000000000000000      -11.3383567973138550
         173
   0.0000000000000000       22.6767135946277136      -17.0075351959707852
         174
   0.0000000000000000       22.6767135946277136      -17.0075351959707852
         175
   0.0000000000000000       22.6767135946277136      -11.3383567973138550
         176
   0.0000000000000000       22.6767135946277136      -11.3383567973138550
         197
   0.0000000000000000      -22.6767135946277136      -17.0075351959707852
         198
   0.0000000000000000      -22.6767135946277136      -17.0075351959707852
         199
   0.0000000000000000      -22.6767135946277136      -11.3383567973138550
         200
   0.0000000000000000      -22.6767135946277136      -11.3383567973138550
           1
   0.0000000000000000        0.0000000000000000       -5.6691783986569284
           2
   0.0000000000000000        0.0000000000000000       -5.6691783986569284
           3
   0.0000000000000000        0.0000000000000000        0.0000000000000000
           4
   0.0000000000000000        0.0000000000000000        0.0000000000000000
           5
   0.0000000000000000        0.0000000000000000        5.6691783986569284
           6
   0.0000000000000000        0.0000000000000000        5.6691783986569284
           7
   0.0000000000000000        0.0000000000000000       11.3383567973138586
           8
   0.0000000000000000        0.0000000000000000       11.3383567973138586
           9
  22.6767135946277136        0.0000000000000000       -5.6691783986569284
          10
  22.6767135946277136        0.0000000000000000       -5.6691783986569284
          11
  22.6767135946277136        0.0000000000000000        0.0000000000000000
          12
  22.6767135946277136        0.0000000000000000        0.0000000000000000
          13
  22.6767135946277136        0.0000000000000000        5.6691783986569284
          14
  22.6767135946277136        0.0000000000000000        5.6691783986569284
          15
  22.6767135946277136        0.0000000000000000       11.3383567973138586
          16
  22.6767135946277136        0.0000000000000000       11.3383567973138586
          17
 -22.6767135946277136        0.0000000000000000       -5.6691783986569284
          18
 -22.6767135946277136        0.0000000000000000       -5.6691783986569284
          19
 -22.6767135946277136        0.0000000000000000        0.0000000000000000
          20
 -22.6767135946277136        0.0000000000000000        0.0000000000000000
          21
 -22.6767135946277136        0.0000000000000000        5.6691783986569284
          22
 -22.6767135946277136        0.0000000000000000        5.6691783986569284
          23
 -22.6767135946277136        0.0000000000000000       11.3383567973138586
          24
 -22.6767135946277136        0.0000000000000000       11.3383567973138586
          25
   0.0000000000000000       22.6767135946277136       -5.6691783986569284
          26
   0.0000000000000000       22.6767135946277136       -5.6691783986569284
          27
   0.0000000000000000       22.6767135946277136        0.0000000000000000
          28
   0.0000000000000000       22.6767135946277136        0.0000000000000000
          29
   0.0000000000000000       22.6767135946277136        5.6691783986569284
          30
   0.0000000000000000       22.6767135946277136        5.6691783986569284
          31
   0.0000000000000000       22.6767135946277136       11.3383567973138586
          32
   0.0000000000000000       22.6767135946277136       11.3383567973138586
          49
   0.0000000000000000      -22.6767135946277136       -5.6691783986569284
          50
   0.0000000000000000      -22.6767135946277136       -5.6691783986569284
          51
   0.0000000000000000      -22.6767135946277136        0.0000000000000000
          52
   0.0000000000000000      -22.6767135946277136        0.0000000000000000
          53
   0.0000000000000000      -22.6767135946277136        5.6691783986569284
          54
   0.0000000000000000      -22.6767135946277136        5.6691783986569284
          55
   0.0000000000000000      -22.6767135946277136       11.3383567973138586
          56
   0.0000000000000000      -22.6767135946277136       11.3383567973138586
          73
   0.0000000000000000        0.0000000000000000       17.0075351959707817
          74
   0.0000000000000000        0.0000000000000000       17.0075351959707817
          75
   0.0000000000000000        0.0000000000000000       22.6767135946277136
          76
   0.0000000000000000        0.0000000000000000       22.6767135946277136
          77
   0.0000000000000000        0.0000000000000000       28.3458919932846385
          78
   0.0000000000000000        0.0000000000000000       28.3458919932846385
          81
  22.6767135946277136        0.0000000000000000       17.0075351959707817
          82
  22.6767135946277136        0.0000000000000000       17.0075351959707817
          89
 -22.6767135946277136        0.0000000000000000       17.0075351959707817
          90
 -22.6767135946277136        0.0000000000000000       17.0075351959707817
          97
   0.0000000000000000       22.6767135946277136       17.0075351959707817
          98
   0.0000000000000000       22.6767135946277136       17.0075351959707817
         121
   0.0000000000000000      -22.6767135946277136       17.0075351959707817
         122
   0.0000000000000000      -22.6767135946277136       17.0075351959707817
         145
   0.0000000000000000        0.0000000000000000      -28.3458919932846456
         146
   0.0000000000000000        0.0000000000000000      -28.3458919932846456
         147
   0.0000000000000000        0.0000000000000000      -22.6767135946277136
         148
   0.0000000000000000        0.0000000000000000      -22.6767135946277136
         149
   0.0000000000000000        0.0000000000000000      -17.0075351959707852
         150
   0.0000000000000000        0.0000000000000000      -17.0075351959707852
         151
   0.0000000000000000        0.0000000000000000      -11.3383567973138550
         152
   0.0000000000000000        0.0000000000000000      -11.3383567973138550
         157
  22.6767135946277136        0.0000000000000000      -17.0075351959707852
         158
  22.6767135946277136        0.0000000000000000      -17.0075351959707852
         159
  22.6767135946277136        0.0000000000000000      -11.3383567973138550
         160
  22.6767135946277136        0.0000000000000000      -11.3383567973138550
         165
 -22.6767135946277136        0.0000000000000000      -17.0075351959707852
         166
 -22.6767135946277136        0.0000000000000000      -17.0075351959707852
         167
 -22.6767135946277136        0.0000000000000000      -11.3383567973138550
         168
 -22.6767135946277136        0.0000000000000000      -11.3383567973138550
         173
   0.0000000000000000       22.6767135946277136      -17.0075351959707852
         174
   0.0000000000000000       22.6767135946277136      -17.0075351959707852
         175
   0.0000000000000000       22.6767135946277136      -11.3383567973138550
         176
   0.0000000000000000       22.6767135946277136      -11.3383567973138550
         197
   0.0000000000000000      -22.6767135946277136      -17.0075351959707852
         198
   0.0000000000000000      -22.6767135946277136      -17.0075351959707852
         199
   0.0000000000000000      -22.6767135946277136      -11.3383567973138550
         200
   0.0000000000000000      -22.6767135946277136      -11.3383567973138550
           1
   0.0000000000000000        0.0000000000000000      -11.3383567973138568
           2
   0.0000000000000000        0.0000000000000000      -11.3383567973138568
           3
   0.0000000000000000        0.0000000000000000       -5.6691783986569284
           4
   0.0000000000000000        0.0000000000000000       -5.6691783986569284
           5
   0.0000000000000000        0.0000000000000000        0.0000000000000000
           6
   0.0000000000000000        0.0000000000000000        0.0000000000000000
           7
   0.0000000000000000        0.0000000000000000        5.6691783986569302
           8
   0.0000000000000000        0.0000000000000000        5.6691783986569302
           9
  22.6767135946277136        0.0000000000000000      -11.3383567973138568
          10
  22.6767135946277136        0.0000000000000000      -11.3383567973138568
          11
  22.6767135946277136        0.0000000000000000       -5.6691783986569284
          12
  22.6767135946277136        0.0000000000000000       -5.6691783986569284
          13
  22.6767135946277136        0.0000000000000000        0.0000000000000000
          14
  22.6767135946277136        0.0000000000000000        0.0000000000000000
          15
  22.6767135946277136        0.0000000000000000        5.6691783986569302
          16
  22.6767135946277136        0.0000000000000000        5.6691783986569302
          17
 -22.6767135946277136        0.0000000000000000      -11.3383567973138568
          18
 -22.6767135946277136        0.0000000000000000      -11.3383567973138568
          19
 -22.6767135946277136        0.0000000000000000       -5.6691783986569284
          20
 -22.6767135946277136        0.0000000000000000       -5.6691783986569284
          21
 -22.6767135946277136        0.0000000000000000        0.0000000000000000
          22
 -22.6767135946277136        0.0000000000000000        0.0000000000000000
          23
 -22.6767135946277136        0.0000000000000000        5.6691783986569302
          24
 -22.6767135946277136        0.0000000000000000        5.6691783986569302
          25
   0.0000000000000000       22.6767135946277136      -11.3383567973138568
          26
   0.0000000000000000       22.6767135946277136      -11.3383567973138568
          27
   0.0000000000000000       22.6767135946277136       -5.6691783986569284
          28
   0.0000000000000000       22.6767135946277136       -5.6691783986569284
          29
   0.0000000000000000       22.6767135946277136        0.0000000000000000
          30
   0.0000000000000000       22.6767135946277136        0.0000000000000000
          31
   0.0000000000000000       22.6767135946277136        5.6691783986569302
          32
   0.0000000000000000       22.6767135946277136        5.6691783986569302
          49
   0.0000000000000000      -22.6767135946277136      -11.3383567973138568
          50
   0.0000000000000000      -22.6767135946277136      -11.3383567973138568
          51
   0.0000000000000000      -22.6767135946277136       -5.6691783986569284
          52
   0.0000000000000000      -22.6767135946277136       -5.6691783986569284
          53
   0.0000000000000000      -22.6767135946277136        0.0000000000000000
          54
   0.0000000000000000      -22.6767135946277136        0.0000000000000000
          55
   0.0000000000000000      -22.6767135946277136        5.6691783986569302
          56
   0.0000000000000000      -22.6767135946277136        5.6691783986569302
          73
   0.0000000000000000        0.0000000000000000       11.3383567973138550
          74
   0.0000000000000000        0.0000000000000000       11.3383567973138550
          75
   0.0000000000000000        0.0000000000000000       17.0075351959707888
          76
   0.0000000000000000        0.0000000000000000       17.0075351959707888
          77
   0.0000000000000000        0.0000000000000000       22.6767135946277136
          78
   0.0000000000000000        0.0000000000000000       22.6767135946277136
          79
   0.0000000000000000        0.0000000000000000       28.3458919932846456
          80
   0.0000000000000000        0.0000000000000000       28.3458919932846456
          81
  22.6767135946277136        0.0000000000000000       11.3383567973138550
          82
  22.6767135946277136        0.0000000000000000       11.3383567973138550
          83
  22.6767135946277136        0.0000000000000000       17.0075351959707888
          84
  22.6767135946277136        0.0000000000000000       17.0075351959707888
          89
 -22.6767135946277136        0.0000000000000000       11.3383567973138550
          90
 -22.6767135946277136        0.0000000000000000       11.3383567973138550
          91
 -22.6767135946277136        0.0000000000000000       17.0075351959707888
          92
 -22.6767135946277136        0.0000000000000000       17.0075351959707888
          97
   0.0000000000000000       22.6767135946277136       11.3383567973138550
          98
   0.0000000000000000       22.6767135946277136       11.3383567973138550
          99
   0.0000000000000000       22.6767135946277136       17.0075351959707888
         100
   0.0000000000000000       22.6767135946277136       17.0075351959707888
         121
   0.0000000000000000      -22.6767135946277136       11.3383567973138550
         122
   0.0000000000000000      -22.6767135946277136       11.3383567973138550
         123
   0.0000000000000000      -22.6767135946277136       17.0075351959707888
         124
   0.0000000000000000      -22.6767135946277136       17.0075351959707888
         147
   0.0000000000000000        0.0000000000000000      -28.3458919932846420
         148
   0.0000000000000000        0.0000000000000000      -28.3458919932846420
         149
   0.0000000000000000        0.0000000000000000      -22.6767135946277136
         150
   0.0000000000000000        0.0000000000000000      -22.6767135946277136
         151
   0.0000000000000000        0.0000000000000000      -17.0075351959707817
         152
   0.0000000000000000        0.0000000000000000      -17.0075351959707817
         159
  22.6767135946277136        0.0000000000000000      -17.0075351959707817
         160
  22.6767135946277136        0.0000000000000000      -17.0075351959707817
         167
 -22.6767135946277136        0.0000000000000000      -17.0075351959707817
         168
 -22.6767135946277136        0.0000000000000000      -17.0075351959707817
         175
   0.0000000000000000       22.6767135946277136      -17.0075351959707817
         176
   0.0000000000000000       22.6767135946277136      -17.0075351959707817
         199
   0.0000000000000000      -22.6767135946277136      -17.0075351959707817
         200
   0.0000000000000000      -22.6767135946277136      -17.0075351959707817
           1
   0.0000000000000000        0.0000000000000000      -11.3383567973138568
           2
   0.0000000000000000        0.0000000000000000      -11.3383567973138568
           3
   0.0000000000000000        0.0000000000000000       -5.6691783986569284
           4
   0.0000000000000000        0.0000000000000000       -5.6691783986569284
           5
   0.0000000000000000        0.0000000000000000        0.0000000000000000
           6
   0.0000000000000000        0.0000000000000000        0.0000000000000000
           7
   0.0000000000000000        0.0000000000000000        5.6691783986569302
           8
   0.0000000000000000        0.0000000000000000        5.6691783986569302
           9
  22.6767135946277136        0.0000000000000000      -11.3383567973138568
          10
  22.6767135946277136        0.0000000000000000      -11.3383567973138568
          11
  22.6767135946277136        0.0000000000000000       -5.6691783986569284
          12
  22.6767135946277136        0.0000000000000000       -5.6691783986569284
          13
  22.6767135946277136        0.0000000000000000        0.0000000000000000
          14
  22.6767135946277136        0.0000000000000000        0.0000000000000000
          15
  22.6767135946277136        0.0000000000000000        5.6691783986569302
          16
  22.6767135946277136        0.0000000000000000        5.6691783986569302
          17
 -22.6767135946277136        0.0000000000000000      -11.3383567973138568
          18
 -22.6767135946277136        0.0000000000000000      -11.3383567973138568
          19
 -22.6767135946277136        0.0000000000000000       -5.6691783986569284
          20
 -22.6767135946277136        0.0000000000000000       -5.6691783986569284
          21
 -22.6767135946277136        0.0000000000000000        0.0000000000000000
          22
 -22.6767135946277136        0.0000000000000000        0.0000000000000000
          23
 -22.6767135946277136        0.0000000000000000        5.6691783986569302
          24
 -22.6767135946277136        0.0000000000000000        5.6691783986569302
          25
   0.0000000000000000       22.6767135946277136      -11.3383567973138568
          26
   0.0000000000000000       22.6767135946277136      -11.3383567973138568
          27
   0.0000000000000000       22.6767135946277136       -5.6691783986569284
          28
   0.0000000000000000       22.6767135946277136       -5.6691783986569284
          29
   0.0000000000000000       22.6767135946277136        0.0000000000000000
          30
   0.0000000000000000       22.6767135946277136        0.0000000000000000
          31
   0.0000000000000000       22.6767135946277136        5.6691783986569302
          32
   0.0000000000000000       22.6767135946277136        5.6691783986569302
          49
   0.0000000000000000      -22.6767135946277136      -11.3383567973138568
          50
   0.0000000000000000      -22.6767135946277136      -11.3383567973138568
          51
   0.0000000000000000      -22.6767135946277136       -5.6691783986569284
          52
   0.0000000000000000      -22.6767135946277136       -5.6691783986569284
          53
   0.0000000000000000      -22.6767135946277136        0.0000000000000000
          54
   0.0000000000000000      -22.6767135946277136        0.0000000000000000
          55
   0.0000000000000000      -22.6767135946277136        5.6691783986569302
          56
   0.0000000000000000      -22.6767135946277136        5.6691783986569302
          73
   0.0000000000000000        0.0000000000000000       11.3383567973138550
          74
   0.0000000000000000        0.0000000000000000       11.3383567973138550
          75
   0.0000000000000000        0.0000000000000000       17.0075351959707888
          76
   0.0000000000000000        0.0000000000000000       17.0075351959707888
          77
   0.0000000000000000        0.0000000000000000       22.6767135946277136
          78
   0.0000000000000000        0.0000000000000000       22.6767135946277136
          79
   0.0000000000000000        0.0000000000000000       28.3458919932846456
          80
   0.0000000000000000        0.0000000000000000       28.3458919932846456
          81
  22.6767135946277136        0.0000000000000000       11.3383567973138550
          82
  22.6767135946277136        0.0000000000000000       11.3383567973138550
          83
  22.6767135946277136        0.0000000000000000       17.0075351959707888
          84
  22.6767135946277136        0.0000000000000000       17.0075351959707888
          89
 -22.6767135946277136        0.0000000000000000       11.3383567973138550
          90
 -22.6767135946277136        0.0000000000000000       11.3383567973138550
          91
 -22.6767135946277136        0.0000000000000000       17.0075351959707888
          92
 -22.6767135946277136        0.0000000000000000       17.0075351959707888
          97
   0.0000000000000000       22.6767135946277136       11.3383567973138550
          98
   0.0000000000000000       22.6767135946277136       11.3383567973138550
          99
   0.0000000000000000       22.6767135946277136       17.0075351959707888
         100
   0.0000000000000000       22.6767135946277136       17.0075351959707888
         121
   0.0000000000000000      -22.6767135946277136       11.3383567973138550
         122
   0.0000000000000000      -22.6767135946277136       11.3383567973138550
         123
   0.0000000000000000      -22.6767135946277136       17.0075351959707888
         124
   0.0000000000000000      -22.6767135946277136       17.0075351959707888
         147
   0.0000000000000000        0.0000000000000000      -28.3458919932846420
         148
   0.0000000000000000        0.0000000000000000      -28.3458919932846420
         149
   0.0000000000000000        0.0000000000000000      -22.6767135946277136
         150
   0.0000000000000000        0.0000000000000000      -22.6767135946277136
         151
   0.0000000000000000        0.0000000000000000      -17.0075351959707817
         152
   0.0000000000000000        0.0000000000000000      -17.0075351959707817
         159
  22.6767135946277136        0.0000000000000000      -17.0075351959707817
         160
  22.6767135946277136        0.0000000000000000      -17.0075351959707817
         167
 -22.6767135946277136        0.0000000000000000      -17.0075351959707817
         168
 -22.6767135946277136        0.0000000000000000      -17.0075351959707817
         175
   0.0000000000000000       22.6767135946277136      -17.0075351959707817
         176
   0.0000000000000000       22.6767135946277136      -17.0075351959707817
         199
   0.0000000000000000      -22.6767135946277136      -17.0075351959707817
         200
   0.0000000000000000      -22.6767135946277136      -17.0075351959707817
           1
   0.0000000000000000        0.0000000000000000      -17.0075351959707888
           2
   0.0000000000000000        0.0000000000000000      -17.0075351959707888
           3
   0.0000000000000000        0.0000000000000000      -11.3383567973138586
           4
   0.0000000000000000        0.0000000000000000      -11.3383567973138586
           5
   0.0000000000000000        0.0000000000000000       -5.6691783986569302
           6
   0.0000000000000000        0.0000000000000000       -5.6691783986569302
           7
   0.0000000000000000        0.0000000000000000        0.0000000000000000
           8
   0.0000000000000000        0.0000000000000000        0.0000000000000000
           9
  22.6767135946277136        0.0000000000000000      -17.0075351959707888
          10
  22.6767135946277136        0.0000000000000000      -17.0075351959707888
          11
  22.6767135946277136        0.0000000000000000      -11.3383567973138586
          12
  22.6767135946277136        0.0000000000000000      -11.3383567973138586
          13
  22.6767135946277136        0.0000000000000000       -5.6691783986569302
          14
  22.6767135946277136        0.0000000000000000       -5.6691783986569302
          15
  22.6767135946277136        0.0000000000000000        0.0000000000000000
          16
  22.6767135946277136        0.0000000000000000        0.0000000000000000
          17
 -22.6767135946277136        0.0000000000000000      -17.0075351959707888
          18
 -22.6767135946277136        0.0000000000000000      -17.0075351959707888
          19
 -22.6767135946277136        0.0000000000000000      -11.3383567973138586
          20
 -22.6767135946277136        0.0000000000000000      -11.3383567973138586
          21
 -22.6767135946277136        0.0000000000000000       -5.6691783986569302
          22
 -22.6767135946277136        0.0000000000000000       -5.6691783986569302
          23
 -22.6767135946277136        0.0000000000000000        0.0000000000000000
          24
 -22.6767135946277136        0.0000000000000000        0.0000000000000000
          25
   0.0000000000000000       22.6767135946277136      -17.0075351959707888
          26
   0.0000000000000000       22.6767135946277136      -17.0075351959707888
          27
   0.0000000000000000       22.6767135946277136      -11.3383567973138586
          28
   0.0000000000000000       22.6767135946277136      -11.3383567973138586
          29
   0.0000000000000000       22.6767135946277136       -5.6691783986569302
          30
   0.0000000000000000       22.6767135946277136       -5.6691783986569302
          31
   0.0000000000000000       22.6767135946277136        0.0000000000000000
          32
   0.0000000000000000       22.6767135946277136        0.0000000000000000
          49
   0.0000000000000000      -22.6767135946277136      -17.0075351959707888
          50
   0.0000000000000000      -22.6767135946277136      -17.0075351959707888
          51
   0.0000000000000000      -22.6767135946277136      -11.3383567973138586
          52
   0.0000000000000000      -22.6767135946277136      -11.3383567973138586
          53
   0.0000000000000000      -22.6767135946277136       -5.6691783986569302
          54
   0.0000000000000000      -22.6767135946277136       -5.6691783986569302
          55
   0.0000000000000000      -22.6767135946277136        0.0000000000000000
          56
   0.0000000000000000      -22.6767135946277136        0.0000000000000000
          73
   0.0000000000000000        0.0000000000000000        5.6691783986569249
          74
   0.0000000000000000        0.0000000000000000        5.6691783986569249
          75
   0.0000000000000000        0.0000000000000000       11.3383567973138568
          76
   0.0000000000000000        0.0000000000000000       11.3383567973138568
          77
   0.0000000000000000        0.0000000000000000       17.0075351959707817
          78
   0.0000000000000000        0.0000000000000000       17.0075351959707817
          79
   0.0000000000000000        0.0000000000000000       22.6767135946277136
          80
   0.0000000000000000        0.0000000000000000       22.6767135946277136
          81
  22.6767135946277136        0.0000000000000000        5.6691783986569249
          82
  22.6767135946277136        0.0000000000000000        5.6691783986569249
          83
  22.6767135946277136        0.0000000000000000       11.3383567973138568
          84
  22.6767135946277136        0.0000000000000000       11.3383567973138568
          85
  22.6767135946277136        0.0000000000000000       17.0075351959707817
          86
  22.6767135946277136        0.0000000000000000       17.0075351959707817
          89
 -22.6767135946277136        0.0000000000000000        5.6691783986569249
          90
 -22.6767135946277136        0.0000000000000000        5.6691783986569249
          91
 -22.6767135946277136        0.0000000000000000       11.3383567973138568
          92
 -22.6767135946277136        0.0000000000000000       11.3383567973138568
          93
 -22.6767135946277136        0.0000000000000000       17.0075351959707817
          94
 -22.6767135946277136        0.0000000000000000       17.0075351959707817
          97
   0.0000000000000000       22.6767135946277136        5.6691783986569249
          98
   0.0000000000000000       22.6767135946277136        5.6691783986569249
          99
   0.0000000000000000       22.6767135946277136       11.3383567973138568
         100
   0.0000000000000000       22.6767135946277136       11.3383567973138568
         101
   0.0000000000000000       22.6767135946277136       17.0075351959707817
         102
   0.0000000000000000       22.6767135946277136       17.0075351959707817
         121
   0.0000000000000000      -22.6767135946277136        5.6691783986569249
         122
   0.0000000000000000      -22.6767135946277136        5.6691783986569249
         123
   0.0000000000000000      -22.6767135946277136       11.3383567973138568
         124
   0.0000000000000000      -22.6767135946277136       11.3383567973138568
         125
   0.0000000000000000      -22.6767135946277136       17.0075351959707817
         126
   0.0000000000000000      -22.6767135946277136       17.0075351959707817
         149
   0.0000000000000000        0.0000000000000000      -28.3458919932846456
         150
   0.0000000000000000        0.0000000000000000      -28.3458919932846456
         151
   0.0000000000000000        0.0000000000000000      -22.6767135946277136
         152
   0.0000000000000000        0.0000000000000000      -22.6767135946277136
           1
   0.0000000000000000        0.0000000000000000      -17.0075351959707888
           2
   0.0000000000000000        0.0000000000000000      -17.0075351959707888
           3
   0.0000000000000000        0.0000000000000000      -11.3383567973138586
           4
   0.0000000000000000        0.0000000000000000      -11.3383567973138586
           5
   0.0000000000000000        0.0000000000000000       -5.6691783986569302
           6
   0.0000000000000000        0.0000000000000000       -5.6691783986569302
           7
   0.0000000000000000        0.0000000000000000        0.0000000000000000
           8
   0.0000000000000000        0.0000000000000000        0.0000000000000000
           9
  22.6767135946277136        0.0000000000000000      -17.0075351959707888
          10
  22.6767135946277136        0.0000000000000000      -17.0075351959707888
          11
  22.6767135946277136        0.0000000000000000      -11.3383567973138586
          12
  22.6767135946277136        0.0000000000000000      -11.3383567973138586
          13
  22.6767135946277136        0.0000000000000000       -5.6691783986569302
          14
  22.6767135946277136        0.0000000000000000       -5.6691783986569302
          15
  22.6767135946277136        0.0000000000000000        0.0000000000000000
          16
  22.6767135946277136        0.0000000000000000        0.0000000000000000
          17
 -22.6767135946277136        0.0000000000000000      -17.0075351959707888
          18
 -22.6767135946277136        0.0000000000000000      -17.0075351959707888
          19
 -22.6767135946277136        0.0000000000000000      -11.3383567973138586
          20
 -22.6767135946277136        0.0000000000000000      -11.3383567973138586
          21
 -22.6767135946277136        0.0000000000000000       -5.6691783986569302
          22
 -22.6767135946277136        0.0000000000000000       -5.6691783986569302
          23
 -22.6767135946277136        0.0000000000000000        0.0000000000000000
          24
 -22.6767135946277136        0.0000000000000000        0.0000000000000000
          25
   0.0000000000000000       22.6767135946277136      -17.0075351959707888
          26
   0.0000000000000000       22.6767135946277136      -17.0075351959707888
          27
   0.0000000000000000       22.6767135946277136      -11.3383567973138586
          28
   0.0000000000000000       22.6767135946277136      -11.3383567973138586
          29
   0.0000000000000000       22.6767135946277136       -5.6691783986569302
          30
   0.0000000000000000       22.6767135946277136       -5.6691783986569302
          31
   0.0000000000000000       22.6767135946277136        0.0000000000000000
          32
   0.0000000000000000       22.6767135946277136        0.0000000000000000
          49
   0.0000000000000000      -22.6767135946277136      -17.0075351959707888
          50
   0.0000000000000000      -22.6767135946277136      -17.0075351959707888
          51
   0.0000000000000000      -22.6767135946277136      -11.3383567973138586
          52
   0.0000000000000000      -22.6767135946277136      -11.3383567973138586
          53
   0.0000000000000000      -22.6767135946277136       -5.6691783986569302
          54
   0.0000000000000000      -22.6767135946277136       -5.6691783986569302
          55
   0.0000000000000000      -22.6767135946277136        0.0000000000000000
          56
   0.0000000000000000      -22.6767135946277136        0.0000000000000000
          73
   0.0000000000000000        0.0000000000000000        5.6691783986569249
          74
   0.0000000000000000        0.0000000000000000        5.6691783986569249
          75
   0.0000000000000000        0.0000000000000000       11.3383567973138568
          76
   0.0000000000000000        0.0000000000000000       11.3383567973138568
          77
   0.0000000000000000        0.0000000000000000       17.0075351959707817
          78
   0.0000000000000000        0.0000000000000000       17.0075351959707817
          79
   0.0000000000000000        0.0000000000000000       22.6767135946277136
          80
   0.0000000000000000        0.0000000000000000       22.6767135946277136
          81
  22.6767135946277136        0.0000000000000000        5.6691783986569249
          82
  22.6767135946277136        0.0000000000000000        5.6691783986569249
          83
  22.6767135946277136        0.0000000000000000       11.3383567973138568
          84
  22.6767135946277136        0.0000000000000000       11.3383567973138568
          85
  22.6767135946277136        0.0000000000000000       17.0075351959707817
          86
  22.6767135946277136        0.0000000000000000       17.0075351959707817
          89
 -22.6767135946277136        0.0000000000000000        5.6691783986569249
          90
 -22.6767135946277136        0.0000000000000000        5.6691783986569249
          91
 -22.6767135946277136        0.0000000000000000       11.3383567973138568
          92
 -22.6767135946277136        0.0000000000000000       11.3383567973138568
          93
 -22.6767135946277136        0.0000000000000000       17.0075351959707817
          94
 -22.6767135946277136        0.0000000000000000       17.0075351959707817
          97
   0.0000000000000000       22.6767135946277136        5.6691783986569249
          98
   0.0000000000000000       22.6767135946277136        5.6691783986569249
          99
   0.0000000000000000       22.6767135946277136       11.3383567973138568
         100
   0.0000000000000000       22.6767135946277136       11.3383567973138568
         101
   0.0000000000000000       22.6767135946277136       17.0075351959707817
         102
   0.0000000000000000       22.6767135946277136       17.0075351959707817
         121
   0.0000000000000000      -22.6767135946277136        5.6691783986569249
         122
   0.0000000000000000      -22.6767135946277136        5.6691783986569249
         123
   0.0000000000000000      -22.6767135946277136       11.3383567973138568
         124
   0.0000000000000000      -22.6767135946277136       11.3383567973138568
         125
   0.0000000000000000      -22.6767135946277136       17.0075351959707817
         126
   0.0000000000000000      -22.6767135946277136       17.0075351959707817
         149
   0.0000000000000000        0.0000000000000000      -28.3458919932846456
         150
   0.0000000000000000        0.0000000000000000      -28.3458919932846456
         151
   0.0000000000000000        0.0000000000000000      -22.6767135946277136
         152
   0.0000000000000000        0.0000000000000000      -22.6767135946277136
