  -3.4015070392E+001   1.7635115227E-001
  -3.3860456436E+001   1.7655609234E-001
  -3.3705842479E+001   1.7715581092E-001
  -3.3551228523E+001   1.7811408581E-001
  -3.3396614567E+001   1.7939231436E-001
  -3.3242000610E+001   1.8098694758E-001
  -3.3087386654E+001   1.8298923295E-001
  -3.2932772698E+001   1.8568191011E-001
  -3.2778158741E+001   1.8971074978E-001
  -3.2623544785E+001   1.9642502996E-001
  -3.2468930829E+001   2.0858525110E-001
  -3.2314316872E+001   2.3171461158E-001
  -3.2159702916E+001   2.7622529481E-001
  -3.2005088960E+001   3.6029721823E-001
  -3.1850475003E+001   5.1574983883E-001
  -3.1695861047E+001   8.0382306194E-001
  -3.1541247091E+001   1.3209149121E+000
  -3.1386633134E+001   2.0636789307E+000
  -3.1232019178E+001   2.6367781227E+000
  -3.1077405222E+001   2.5048514565E+000
  -3.0922791265E+001   1.8054594327E+000
  -3.0768177309E+001   1.1179447051E+000
  -3.0613563353E+001   6.8743194373E-001
  -3.0458949396E+001   4.5308549515E-001
  -3.0304335440E+001   3.2631262325E-001
  -3.0149721484E+001   2.5809391147E-001
  -2.9995107527E+001   2.2227676282E-001
  -2.9840493571E+001   2.0366841718E-001
  -2.9685879615E+001   1.9376476874E-001
  -2.9531265658E+001   1.8816272868E-001
  -2.9376651702E+001   1.8468501478E-001
  -2.9222037746E+001   1.8227194117E-001
  -2.9067423789E+001   1.8042532123E-001
  -2.8912809833E+001   1.7894042273E-001
  -2.8758195877E+001   1.7776603358E-001
  -2.8603581920E+001   1.7692275906E-001
  -2.8448967964E+001   1.7645163563E-001
  -2.8294354008E+001   1.7638290405E-001
  -2.8139740052E+001   1.7672130083E-001
  -2.7985126095E+001   1.7744415758E-001
  -2.7830512139E+001   1.7851144729E-001
  -2.7675898183E+001   1.7989113873E-001
  -2.7521284226E+001   1.8160327135E-001
  -2.7366670270E+001   1.8378959787E-001
  -2.7212056314E+001   1.8682922257E-001
  -2.7057442357E+001   1.9155170542E-001
  -2.6902828401E+001   1.9967203225E-001
  -2.6748214445E+001   2.1468260980E-001
  -2.6593600488E+001   2.4346517506E-001
  -2.6438986532E+001   2.9864889939E-001
  -2.6284372576E+001   4.0197716527E-001
  -2.6129758619E+001   5.9272190235E-001
  -2.5975144663E+001   9.4610959328E-001
  -2.5820530707E+001   1.5527748388E+000
  -2.5665916750E+001   2.3054527369E+000
  -2.5511302794E+001   2.6829696986E+000
  -2.5356688838E+001   2.3054496023E+000
  -2.5202074881E+001   1.5527685824E+000
  -2.5047460925E+001   9.4610023852E-001
  -2.4892846969E+001   5.9270948152E-001
  -2.4738233012E+001   4.0196171745E-001
  -2.4583619056E+001   2.9863046996E-001
  -2.4429005100E+001   2.4344381657E-001
  -2.4274391143E+001   2.1465838380E-001
  -2.4119777187E+001   1.9964501146E-001
  -2.3965163231E+001   1.9152197597E-001
  -2.3810549274E+001   1.8679688629E-001
  -2.3655935318E+001   1.8375477485E-001
  -2.3501321362E+001   1.8156610286E-001
  -2.3346707405E+001   1.7985179056E-001
  -2.3192093449E+001   1.7847011355E-001
  -2.3037479493E+001   1.7740106470E-001
  -2.2882865536E+001   1.7667671186E-001
  -2.2728251580E+001   1.7633712282E-001
  -2.2573637624E+001   1.7640501073E-001
  -2.2419023667E+001   1.7687568721E-001
  -2.2264409711E+001   1.7771896195E-001
  -2.2109795755E+001   1.7889384978E-001
  -2.1955181798E+001   1.8037979551E-001
  -2.1800567842E+001   1.8222805767E-001
  -2.1645953886E+001   1.8464340816E-001
  -2.1491339929E+001   1.8812406263E-001
  -2.1336725973E+001   1.9372971963E-001
  -2.1182112017E+001   2.0363764954E-001
  -2.1027498060E+001   2.2225089460E-001
  -2.0872884104E+001   2.5807347202E-001
  -2.0718270148E+001   3.2629801549E-001
  -2.0563656191E+001   4.5307697540E-001
  -2.0409042235E+001   6.8742962043E-001
  -2.0254428279E+001   1.1179486052E+000
  -2.0099814323E+001   1.8054698877E+000
  -1.9945200366E+001   2.5048700271E+000
  -1.9790586410E+001   2.6368083750E+000
  -1.9635972454E+001   2.0637258082E+000
  -1.9481358497E+001   1.3209830250E+000
  -1.9326744541E+001   8.0391570663E-001
  -1.9172130585E+001   5.1586925180E-001
  -1.9017516628E+001   3.6044503955E-001
  -1.8862902672E+001   2.7640269948E-001
  -1.8708288716E+001   2.3192232759E-001
  -1.8553674759E+001   2.0882362520E-001
  -1.8399060803E+001   1.9669409386E-001
  -1.8244446847E+001   1.9001024041E-001
  -1.8089832890E+001   1.8601125727E-001
  -1.7935218934E+001   1.8334754561E-001
  -1.7780604978E+001   1.8137301655E-001
  -1.7625991021E+001   1.7980463229E-001
  -1.7471377065E+001   1.7855087677E-001
  -1.7316763109E+001   1.7761506105E-001
  -1.7162149152E+001   1.7703557658E-001
  -1.7007535196E+001   1.7684845539E-001
  -1.6852921240E+001   1.7706753820E-001
  -1.6698307283E+001   1.7767865468E-001
  -1.6543693327E+001   1.7864543903E-001
  -1.6389079371E+001   1.7992915701E-001
  -1.6234465414E+001   1.8152614040E-001
  -1.6079851458E+001   1.8352752891E-001
  -1.5925237502E+001   1.8621596205E-001
  -1.5770623545E+001   1.9023710766E-001
  -1.5616009589E+001   1.9694011684E-001
  -1.5461395633E+001   2.0908530450E-001
  -1.5306781676E+001   2.3219558412E-001
  -1.5152167720E+001   2.7668272813E-001
  -1.4997553764E+001   3.6072610635E-001
  -1.4842939807E+001   5.1614440583E-001
  -1.4688325851E+001   8.0417634092E-001
  -1.4533711895E+001   1.3212188371E+000
  -1.4379097938E+001   2.0639271795E+000
  -1.4224483982E+001   2.6369718823E+000
  -1.4069870026E+001   2.5050015132E+000
  -1.3915256069E+001   1.8055791528E+000
  -1.3760642113E+001   1.1180412582E+000
  -1.3606028157E+001   6.8750551145E-001
  -1.3451414200E+001   4.5313386562E-001
  -1.3296800244E+001   3.2633411525E-001
  -1.3142186288E+001   2.5808769237E-001
  -1.2987572331E+001   2.2224269777E-001
  -1.2832958375E+001   2.0360720281E-001
  -1.2678344419E+001   1.9367807791E-001
  -1.2523730462E+001   1.8805319311E-001
  -1.2369116506E+001   1.8455609661E-001
  -1.2214502550E+001   1.8212778478E-001
  -1.2059888594E+001   1.8027063189E-001
  -1.1905274637E+001   1.7878037574E-001
  -1.1750660681E+001   1.7760619954E-001
  -1.1596046725E+001   1.7676903051E-001
  -1.1441432768E+001   1.7631014599E-001
  -1.1286818812E+001   1.7625993373E-001
  -1.1132204856E+001   1.7662316651E-001
  -1.0977590899E+001   1.7737707915E-001
  -1.0822976943E+001   1.7848138593E-001
  -1.0668362987E+001   1.7990360166E-001
  -1.0513749030E+001   1.8166308904E-001
  -1.0359135074E+001   1.8390069755E-001
  -1.0204521118E+001   1.8699444478E-001
  -1.0049907161E+001   1.9177271758E-001
  -9.8952932049E+000   1.9994934955E-001
  -9.7406792486E+000   2.1501560283E-001
  -9.5860652923E+000   2.4385175761E-001
  -9.4314513359E+000   2.9908453365E-001
  -9.2768373796E+000   4.0245308949E-001
  -9.1222234233E+000   5.9322232328E-001
  -8.9676094670E+000   9.4660572171E-001
  -8.8129955106E+000   1.5532182735E+000
  -8.6583815543E+000   2.3057974030E+000
  -8.5037675980E+000   2.6832341150E+000
  -8.3491536417E+000   2.3057102112E+000
  -8.1945396853E+000   1.5530606123E+000
  -8.0399257290E+000   9.4639757528E-001
  -7.8853117727E+000   5.9297786050E-001
  -7.7306978164E+000   4.0218090773E-001
  -7.5760838600E+000   2.9878967853E-001
  -7.4214699037E+000   2.4353642683E-001
  -7.2668559474E+000   2.1467978385E-001
  -7.1122419910E+000   1.9959173745E-001
  -6.9576280347E+000   1.9139141483E-001
  -6.8030140784E+000   1.8658726516E-001
  -6.6484001221E+000   1.8346523647E-001
  -6.4937861657E+000   1.8119675163E-001
  -6.3391722094E+000   1.7940367574E-001
  -6.1845582531E+000   1.7794515849E-001
  -6.0299442968E+000   1.7680196371E-001
  -5.8753303404E+000   1.7600681633E-001
  -5.7207163841E+000   1.7560033333E-001
  -5.5661024278E+000   1.7560568553E-001
  -5.4114884714E+000   1.7601857249E-001
  -5.2568745151E+000   1.7680914322E-001
  -5.1022605588E+000   1.7793671526E-001
  -4.9476466025E+000   1.7938099753E-001
  -4.7930326461E+000   1.8119345916E-001
  -4.6384186898E+000   1.8357901096E-001
  -4.4838047335E+000   1.8703593176E-001
  -4.3291907772E+000   1.9262392484E-001
  -4.1745768208E+000   2.0252018291E-001
  -4.0199628645E+000   2.2112733242E-001
  -3.8653489082E+000   2.5694788549E-001
  -3.7107349518E+000   3.2517060360E-001
  -3.5561209955E+000   4.5194024944E-001
  -3.4015070392E+000   6.8626240133E-001
  -3.2468930829E+000   1.1167065468E+000
  -3.0922791265E+000   1.8040884339E+000
  -2.9376651702E+000   2.5033256446E+000
  -2.7830512139E+000   2.6351897015E+000
  -2.6284372576E+000   2.0621465538E+000
  -2.4738233012E+000   1.3194489276E+000
  -2.3192093449E+000   8.0236008464E-001
  -2.1645953886E+000   5.1423536176E-001
  -2.0099814323E+000   3.5870417704E-001
  -1.8553674759E+000   2.7454536255E-001
  -1.7007535196E+000   2.2995099234E-001
  -1.5461395633E+000   2.0674813790E-001
  -1.3915256069E+000   1.9452852089E-001
  -1.2369116506E+000   1.8777117227E-001
  -1.0822976943E+000   1.8371713427E-001
  -9.2768373796E-001   1.8101838270E-001
  -7.7306978164E-001   1.7903015776E-001
  -6.1845582531E-001   1.7747043780E-001
  -4.6384186898E-001   1.7624837005E-001
  -3.0922791265E-001   1.7536757138E-001
  -1.5461395633E-001   1.7486638235E-001
   0.0000000000E+000   1.7478041008E-001
   1.5461395633E-001   1.7512264999E-001
   3.0922791265E-001   1.7587759299E-001
   4.6384186898E-001   1.7700695886E-001
   6.1845582531E-001   1.7846945857E-001
   7.7306978164E-001   1.8025820910E-001
   9.2768373796E-001   1.8246052947E-001
   1.0822976943E+000   1.8535477969E-001
   1.2369116506E+000   1.8958212545E-001
   1.3915256069E+000   1.9648730577E-001
   1.5461395633E+000   2.0882673835E-001
   1.7007535196E+000   2.3212062334E-001
   1.8553674759E+000   2.7678026652E-001
   2.0099814323E+000   3.6098814468E-001
   2.1645953886E+000   5.1657072548E-001
   2.3192093449E+000   8.0477969972E-001
   2.4738233012E+000   1.3220267781E+000
   2.6284372576E+000   2.0649629094E+000
   2.7830512139E+000   2.6382039792E+000
   2.9376651702E+000   2.5063330101E+000
   3.0922791265E+000   1.8069325992E+000
   3.2468930829E+000   1.1194156995E+000
   3.4015070392E+000   6.8893735827E-001
   3.5561209955E+000   4.5465222282E-001
   3.7107349518E+000   3.2795036771E-001
   3.8653489082E+000   2.5979908728E-001
   4.0199628645E+000   2.2403756987E-001
   4.1745768208E+000   2.0546967855E-001
   4.3291907772E+000   1.9559155287E-001
   4.4838047335E+000   1.9000244190E-001
   4.6384186898E+000   1.8652841423E-001
   4.7930326461E+000   1.8411356720E-001
   4.9476466025E+000   1.8226358913E-001
   5.1022605588E+000   1.8077743143E-001
   5.2568745151E+000   1.7960710592E-001
   5.4114884714E+000   1.7877574749E-001
   5.5661024278E+000   1.7832604546E-001
   5.7207163841E+000   1.7828888731E-001
   5.8753303404E+000   1.7866856416E-001
   6.0299442968E+000   1.7944081982E-001
   6.1845582531E+000   1.8056288987E-001
   6.3391722094E+000   1.8199891437E-001
   6.4937861657E+000   1.8376416271E-001
   6.6484001221E+000   1.8599493361E-001
   6.8030140784E+000   1.8906454727E-001
   6.9576280347E+000   1.9379686149E-001
   7.1122419910E+000   2.0190171684E-001
   7.2668559474E+000   2.1686764549E-001
   7.4214699037E+000   2.4557510837E-001
   7.5760838600E+000   3.0065674613E-001
   7.7306978164E+000   4.0386642540E-001
   7.8853117727E+000   5.9449472145E-001
   8.0399257290E+000   9.4779445656E-001
   8.1945396853E+000   1.5544236927E+000
   8.3491536417E+000   2.3070930220E+000
   8.5037675980E+000   2.6845219785E+000
   8.6583815543E+000   2.3067590565E+000
   8.8129955106E+000   1.5537534711E+000
   8.9676094670E+000   9.4678306565E-001
   9.1222234233E+000   5.9313593477E-001
   9.2768373796E+000   4.0215526886E-001
   9.4314513359E+000   2.9859135006E-001
   9.5860652923E+000   2.4315728800E-001
   9.7406792486E+000   2.1410281350E-001
   9.8952932049E+000   1.9879863726E-001
   1.0049907161E+001   1.9036740849E-001
   1.0204521118E+001   1.8532346456E-001
   1.0359135074E+001   1.8195955297E-001
   1.0513749030E+001   1.7945406836E-001
   1.0668362987E+001   1.7743558245E-001
   1.0822976943E+001   1.7576935477E-001
   1.0977590899E+001   1.7444141806E-001
   1.1132204856E+001   1.7348879011E-001
   1.1286818812E+001   1.7295537313E-001
   1.1441432768E+001   1.7286665626E-001
   1.1596046725E+001   1.7321976480E-001
   1.1750660681E+001   1.7398545322E-001
   1.1905274637E+001   1.7512287494E-001
   1.2059888594E+001   1.7661083566E-001
   1.2214502550E+001   1.7849919088E-001
   1.2369116506E+001   1.8099058533E-001
   1.2523730462E+001   1.8458050260E-001
   1.2678344419E+001   1.9032553355E-001
   1.2832958375E+001   2.0039974333E-001
   1.2987572331E+001   2.1920300164E-001
   1.3142186288E+001   2.5523591322E-001
   1.3296800244E+001   3.2368679870E-001
   1.3451414200E+001   4.5070255133E-001
   1.3606028157E+001   6.8529624856E-001
   1.3760642113E+001   1.1160529025E+000
   1.3915256069E+001   1.8037933159E+000
   1.4069870026E+001   2.5033680038E+000
   1.4224483982E+001   2.6354154058E+000
   1.4379097938E+001   2.0623838723E+000
   1.4533711895E+001   1.3196651296E+000
   1.4688325851E+001   8.0262194298E-001
   1.4842939807E+001   5.1460974883E-001
   1.4997553764E+001   3.5922975240E-001
   1.5152167720E+001   2.7523913468E-001
   1.5306781676E+001   2.3081545707E-001
   1.5461395633E+001   2.0777594468E-001
   1.5616009589E+001   1.9570595334E-001
   1.5770623545E+001   1.8908042785E-001
   1.5925237502E+001   1.8513759722E-001
   1.6079851458E+001   1.8252736636E-001
   1.6234465414E+001   1.8060346926E-001
   1.6389079371E+001   1.7908290202E-001
   1.6543693327E+001   1.7787432728E-001
   1.6698307283E+001   1.7698133881E-001
   1.6852921240E+001   1.7644268536E-001
   1.7007535196E+001   1.7629480611E-001
   1.7162149152E+001   1.7655197576E-001
   1.7316763109E+001   1.7720046285E-001
   1.7471377065E+001   1.7820432458E-001
   1.7625991021E+001   1.7952521520E-001
   1.7780604978E+001   1.8115980444E-001
   1.7935218934E+001   1.8319950908E-001
   1.8089832890E+001   1.8592718489E-001
   1.8244446847E+001   1.8998867177E-001
   1.8399060803E+001   1.9673328476E-001
   1.8553674759E+001   2.0892154481E-001
   1.8708288716E+001   2.3207665447E-001
   1.8862902672E+001   2.7661075688E-001
   1.9017516628E+001   3.6070364291E-001
   1.9172130585E+001   5.1617455524E-001
   1.9326744541E+001   8.0426314096E-001
   1.9481358497E+001   1.3213670366E+000
   1.9635972454E+001   2.0641390005E+000
   1.9790586410E+001   2.6372410570E+000
   1.9945200366E+001   2.5053120597E+000
   2.0099814323E+001   1.8059138779E+000
   2.0254428279E+001   1.1183910734E+000
   2.0409042235E+001   6.8786954064E-001
   2.0563656191E+001   4.5351402876E-001
   2.0718270148E+001   3.2673184064E-001
   2.0872884104E+001   2.5850351567E-001
   2.1027498060E+001   2.2267639700E-001
   2.1182112017E+001   2.0405767272E-001
   2.1336725973E+001   1.9414321278E-001
   2.1491339929E+001   1.8852993719E-001
   2.1645953886E+001   1.8504059967E-001
   2.1800567842E+001   1.8261556856E-001
   2.1955181798E+001   1.8075672262E-001
   2.2109795755E+001   1.7925940114E-001
   2.2264409711E+001   1.7807246609E-001
   2.2419023667E+001   1.7721659660E-001
   2.2573637624E+001   1.7673290061E-001
   2.2728251580E+001   1.7665168618E-001
   2.2882865536E+001   1.7697775168E-001
   2.3037479493E+001   1.7768848444E-001
   2.3192093449E+001   1.7874390669E-001
   2.3346707405E+001   1.8011202986E-001
   2.3501321362E+001   1.8181292970E-001
   2.3655935318E+001   1.8398838934E-001
   2.3810549274E+001   1.8701753788E-001
   2.3965163231E+001   1.9172995504E-001
   2.4119777187E+001   1.9984064176E-001
   2.4274391143E+001   2.1484201574E-001
   2.4429005100E+001   2.4361582131E-001
   2.4583619056E+001   2.9879123421E-001
   2.4738233012E+001   4.0211163894E-001
   2.4892846969E+001   5.9284896504E-001
   2.5047460925E+001   9.4622969265E-001
   2.5202074881E+001   1.5528884168E+000
   2.5356688838E+001   2.3055602257E+000
   2.5511302794E+001   2.6830715171E+000
   2.5665916750E+001   2.3055461525E+000
   2.5820530707E+001   1.5528602485E+000
   2.5975144663E+001   9.4618738756E-001
   2.6129758619E+001   5.9279246436E-001
   2.6284372576E+001   4.0204086986E-001
   2.6438986532E+001   2.9870611245E-001
   2.6593600488E+001   2.4351625300E-001
   2.6748214445E+001   2.1472789926E-001
   2.6902828401E+001   1.9971186994E-001
   2.7057442357E+001   1.9158641797E-001
   2.7212056314E+001   1.8685912650E-001
   2.7366670270E+001   1.8381499952E-001
   2.7521284226E+001   1.8162446701E-001
   2.7675898183E+001   1.7990841459E-001
   2.7830512139E+001   1.7852507960E-001
   2.7985126095E+001   1.7745441271E-001
   2.8139740052E+001   1.7672843545E-001
   2.8294354008E+001   1.7638716522E-001
   2.8448967964E+001   1.7645326099E-001
   2.8603581920E+001   1.7692197699E-001
   2.8758195877E+001   1.7776306337E-001
   2.8912809833E+001   1.7893547476E-001
   2.9067423789E+001   1.8041859717E-001
   2.9222037746E+001   1.8226363416E-001
   2.9376651702E+001   1.8467530962E-001
   2.9531265658E+001   1.8815180202E-001
   2.9685879615E+001   1.9375278929E-001
   2.9840493571E+001   2.0365554590E-001
   2.9995107527E+001   2.2226315307E-001
   3.0149721484E+001   2.5807970924E-001
   3.0304335440E+001   3.2629796732E-001
   3.0458949396E+001   4.5307051728E-001
   3.0613563353E+001   6.8741676881E-001
   3.0768177309E+001   1.1179294514E+000
   3.0922791265E+001   1.8054442118E+000
   3.1077405222E+001   2.5048363738E+000
   3.1232019178E+001   2.6367632773E+000
   3.1386633134E+001   2.0636644156E+000
   3.1541247091E+001   1.3209008144E+000
   3.1695861047E+001   8.0380946293E-001
   3.1850475003E+001   5.1573681412E-001
   3.2005088960E+001   3.6028483786E-001
   3.2159702916E+001   2.7621362335E-001
   3.2314316872E+001   2.3170370824E-001
   3.2468930829E+001   2.0857516983E-001
   3.2623544785E+001   1.9641581955E-001
   3.2778158741E+001   1.8970245389E-001
   3.2932772698E+001   1.8567456738E-001
   3.3087386654E+001   1.8298287705E-001
   3.3242000610E+001   1.8098160727E-001
   3.3396614567E+001   1.7938801354E-001
   3.3551228523E+001   1.7811084356E-001
   3.3705842479E+001   1.7715364150E-001
   3.3860456436E+001   1.7655500526E-001
