  -3.4015070392E+001   1.7629196432E-001
  -3.3860456436E+001   1.7649605857E-001
  -3.3705842479E+001   1.7709732808E-001
  -3.3551228523E+001   1.7805944492E-001
  -3.3396614567E+001   1.7934363933E-001
  -3.3242000610E+001   1.8094614519E-001
  -3.3087386654E+001   1.8295795405E-001
  -3.2932772698E+001   1.8566151881E-001
  -3.2778158741E+001   1.8970229561E-001
  -3.2623544785E+001   1.9642921854E-001
  -3.2468930829E+001   2.0860241133E-001
  -3.2314316872E+001   2.3174465891E-001
  -3.2159702916E+001   2.7626768947E-001
  -3.2005088960E+001   3.6035092169E-001
  -3.1850475003E+001   5.1581332341E-001
  -3.1695861047E+001   8.0389460723E-001
  -3.1541247091E+001   1.3209934675E+000
  -3.1386633134E+001   2.0637643504E+000
  -3.1232019178E+001   2.6368680394E+000
  -3.1077405222E+001   2.5049391544E+000
  -3.0922791265E+001   1.8055393724E+000
  -3.0768177309E+001   1.1180157694E+000
  -3.0613563353E+001   6.8749383610E-001
  -3.0458949396E+001   4.5313682549E-001
  -3.0304335440E+001   3.2635166669E-001
  -3.0149721484E+001   2.5811929078E-001
  -2.9995107527E+001   2.2228760798E-001
  -2.9840493571E+001   2.0366434340E-001
  -2.9685879615E+001   1.9374583183E-001
  -2.9531265658E+001   1.8812938529E-001
  -2.9376651702E+001   1.8463808706E-001
  -2.9222037746E+001   1.8221258533E-001
  -2.9067423789E+001   1.8035499916E-001
  -2.8912809833E+001   1.7886087385E-001
  -2.8758195877E+001   1.7767924205E-001
  -2.8603581920E+001   1.7683091156E-001
  -2.8448967964E+001   1.7635706752E-001
  -2.8294354008E+001   1.7628803498E-001
  -2.8139740052E+001   1.7662856359E-001
  -2.7985126095E+001   1.7735592597E-001
  -2.7830512139E+001   1.7842996893E-001
  -2.7675898183E+001   1.7981847736E-001
  -2.7521284226E+001   1.8154126088E-001
  -2.7366670270E+001   1.8373980682E-001
  -2.7212056314E+001   1.8679292491E-001
  -2.7057442357E+001   1.9152985270E-001
  -2.6902828401E+001   1.9966522329E-001
  -2.6748214445E+001   2.1469105662E-001
  -2.6593600488E+001   2.4348866469E-001
  -2.6438986532E+001   2.9868675032E-001
  -2.6284372576E+001   4.0202818987E-001
  -2.6129758619E+001   5.9278447363E-001
  -2.5975144663E+001   9.4618212179E-001
  -2.5820530707E+001   1.5528567011E+000
  -2.5665916750E+001   2.3055435845E+000
  -2.5511302794E+001   2.6830656076E+000
  -2.5356688838E+001   2.3055434531E+000
  -2.5202074881E+001   1.5528564533E+000
  -2.5047460925E+001   9.4618178572E-001
  -2.4892846969E+001   5.9278408857E-001
  -2.4738233012E+001   4.0202780403E-001
  -2.4583619056E+001   2.9868642031E-001
  -2.4429005100E+001   2.4348845637E-001
  -2.4274391143E+001   2.1469104674E-001
  -2.4119777187E+001   1.9966550158E-001
  -2.3965163231E+001   1.9153052397E-001
  -2.3810549274E+001   1.8679411121E-001
  -2.3655935318E+001   1.8374164982E-001
  -2.3501321362E+001   1.8154392463E-001
  -2.3346707405E+001   1.7982215146E-001
  -2.3192093449E+001   1.7843487212E-001
  -2.3037479493E+001   1.7736231005E-001
  -2.2882865536E+001   1.7663671740E-001
  -2.2728251580E+001   1.7629828853E-001
  -2.2573637624E+001   1.7636979571E-001
  -2.2419023667E+001   1.7684653738E-001
  -2.2264409711E+001   1.7769823881E-001
  -2.2109795755E+001   1.7888376579E-001
  -2.1955181798E+001   1.8038236017E-001
  -2.1800567842E+001   1.8224503514E-001
  -2.1645953886E+001   1.8467628436E-001
  -2.1491339929E+001   1.8817401695E-001
  -2.1336725973E+001   1.9379759647E-001
  -2.1182112017E+001   2.0372392667E-001
  -2.1027498060E+001   2.2235564776E-001
  -2.0872884104E+001   2.5819633493E-001
  -2.0718270148E+001   3.2643813511E-001
  -2.0563656191E+001   4.5323298978E-001
  -2.0409042235E+001   6.8759981824E-001
  -2.0254428279E+001   1.1181316082E+000
  -2.0099814323E+001   1.8056654101E+000
  -1.9945200366E+001   2.5050769623E+000
  -1.9790586410E+001   2.6370211959E+000
  -1.9635972454E+001   2.0639378123E+000
  -1.9481358497E+001   1.3211918575E+000
  -1.9326744541E+001   8.0412123320E-001
  -1.9172130585E+001   5.1607043223E-001
  -1.9017516628E+001   3.6064016353E-001
  -1.8862902672E+001   2.7659024924E-001
  -1.8708288716E+001   2.3210127419E-001
  -1.8553674759E+001   2.0899343782E-001
  -1.8399060803E+001   1.9685469588E-001
  -1.8244446847E+001   1.9016196685E-001
  -1.8089832890E+001   1.8615481720E-001
  -1.7935218934E+001   1.8348398817E-001
  -1.7780604978E+001   1.8150370045E-001
  -1.7625991021E+001   1.7993119664E-001
  -1.7471377065E+001   1.7867520882E-001
  -1.7316763109E+001   1.7773925584E-001
  -1.7162149152E+001   1.7716188533E-001
  -1.7007535196E+001   1.7697922252E-001
  -1.6852921240E+001   1.7720513021E-001
  -1.6698307283E+001   1.7782538619E-001
  -1.6543693327E+001   1.7880350200E-001
  -1.6389079371E+001   1.8010055867E-001
  -1.6234465414E+001   1.8171265267E-001
  -1.6079851458E+001   1.8373064951E-001
  -1.5925237502E+001   1.8643688396E-001
  -1.5770623545E+001   1.9047669212E-001
  -1.5616009589E+001   1.9719886594E-001
  -1.5461395633E+001   2.0936333193E-001
  -1.5306781676E+001   2.3249258341E-001
  -1.5152167720E+001   2.7699793490E-001
  -1.4997553764E+001   3.6105825296E-001
  -1.4842939807E+001   5.1649172049E-001
  -1.4688325851E+001   8.0453682471E-001
  -1.4533711895E+001   1.3215910699E+000
  -1.4379097938E+001   2.0643103802E+000
  -1.4224483982E+001   2.6373625102E+000
  -1.4069870026E+001   2.5053910715E+000
  -1.3915256069E+001   1.8059600782E+000
  -1.3760642113E+001   1.1184106321E+000
  -1.3606028157E+001   6.8786158188E-001
  -1.3451414200E+001   4.5347399911E-001
  -1.3296800244E+001   3.2665545133E-001
  -1.3142186288E+001   2.5838780086E-001
  -1.2987572331E+001   2.2251972212E-001
  -1.2832958375E+001   2.0385981441E-001
  -1.2678344419E+001   1.9390541725E-001
  -1.2523730462E+001   1.8825482962E-001
  -1.2369116506E+001   1.8473200006E-001
  -1.2214502550E+001   1.8227830050E-001
  -1.2059888594E+001   1.8039645717E-001
  -1.1905274637E+001   1.7888253579E-001
  -1.1750660681E+001   1.7768602072E-001
  -1.1596046725E+001   1.7682810800E-001
  -1.1441432768E+001   1.7635030464E-001
  -1.1286818812E+001   1.7628318279E-001
  -1.1132204856E+001   1.7663165113E-001
  -1.0977590899E+001   1.7737303265E-001
  -1.0822976943E+001   1.7846708620E-001
  -1.0668362987E+001   1.7988133297E-001
  -1.0513749030E+001   1.8163510755E-001
  -1.0359135074E+001   1.8386919636E-001
  -1.0204521118E+001   1.8696151293E-001
  -1.0049907161E+001   1.9174028870E-001
  -9.8952932049E+000   1.9991913567E-001
  -9.7406792486E+000   2.1498900050E-001
  -9.5860652923E+000   2.4382969419E-001
  -9.4314513359E+000   2.9906721205E-001
  -9.2768373796E+000   4.0243963728E-001
  -9.1222234233E+000   5.9321047762E-001
  -8.9676094670E+000   9.4659184567E-001
  -8.8129955106E+000   1.5531982114E+000
  -8.6583815543E+000   2.3057683414E+000
  -8.5037675980E+000   2.6831958396E+000
  -8.3491536417E+000   2.3056640637E+000
  -8.1945396853E+000   1.5530070932E+000
  -8.0399257290E+000   9.4633485242E-001
  -7.8853117727E+000   5.9290265634E-001
  -7.7306978164E+000   4.0209025317E-001
  -7.5760838600E+000   2.9868175230E-001
  -7.4214699037E+000   2.4341056574E-001
  -7.2668559474E+000   2.1453618933E-001
  -7.1122419910E+000   1.9943116409E-001
  -6.9576280347E+000   1.9121494895E-001
  -6.8030140784E+000   1.8639619372E-001
  -6.6484001221E+000   1.8326097197E-001
  -6.4937861657E+000   1.8098078869E-001
  -6.3391722094E+000   1.7917756848E-001
  -6.1845582531E+000   1.7771051261E-001
  -6.0299442968E+000   1.7656043614E-001
  -5.8753303404E+000   1.7576011542E-001
  -5.7207163841E+000   1.7535021502E-001
  -5.5661024278E+000   1.7535394484E-001
  -5.4114884714E+000   1.7576703273E-001
  -5.2568745151E+000   1.7655964702E-001
  -5.1022605588E+000   1.7769112077E-001
  -4.9476466025E+000   1.7914118020E-001
  -4.7930326461E+000   1.8096131551E-001
  -4.6384186898E+000   1.8335645696E-001
  -4.4838047335E+000   1.8682488691E-001
  -4.3291907772E+000   1.9242627424E-001
  -4.1745768208E+000   2.0233770908E-001
  -4.0199628645E+000   2.2096159929E-001
  -3.8653489082E+000   2.5680003882E-001
  -3.7107349518E+000   3.2504105516E-001
  -3.5561209955E+000   4.5182828523E-001
  -3.4015070392E+000   6.8616591142E-001
  -3.2468930829E+000   1.1166223070E+000
  -3.0922791265E+000   1.8040135105E+000
  -2.9376651702E+000   2.5032593073E+000
  -2.7830512139E+000   2.6351334982E+000
  -2.6284372576E+000   2.0621022930E+000
  -2.4738233012E+000   1.3194164244E+000
  -2.3192093449E+000   8.0233650641E-001
  -2.1645953886E+000   5.1421686582E-001
  -2.0099814323E+000   3.5868770972E-001
  -1.8553674759E+000   2.7452928531E-001
  -1.7007535196E+000   2.2993494219E-001
  -1.5461395633E+000   2.0673264306E-001
  -1.3915256069E+000   1.9451464362E-001
  -1.2369116506E+000   1.8776026898E-001
  -1.0822976943E+000   1.8371071406E-001
  -9.2768373796E-001   1.8101802285E-001
  -7.7306978164E-001   1.7903745085E-001
  -6.1845582531E-001   1.7748696040E-001
  -4.6384186898E-001   1.7627566612E-001
  -3.0922791265E-001   1.7540714206E-001
  -1.5461395633E-001   1.7491967398E-001
   0.0000000000E+000   1.7484879495E-001
   1.5461395633E-001   1.7520739842E-001
   3.0922791265E-001   1.7597983882E-001
   4.6384186898E-001   1.7712766289E-001
   6.1845582531E-001   1.7860937465E-001
   7.7306978164E-001   1.8041785659E-001
   9.2768373796E-001   1.8264017283E-001
   1.0822976943E+000   1.8555441354E-001
   1.2369116506E+000   1.8980146168E-001
   1.3915256069E+000   1.9672575911E-001
   1.5461395633E+000   2.0908340822E-001
   1.7007535196E+000   2.3239426892E-001
   1.8553674759E+000   2.7706926880E-001
   2.0099814323E+000   3.6129045266E-001
   2.1645953886E+000   5.1688382510E-001
   2.3192093449E+000   8.0510077776E-001
   2.4738233012E+000   1.3223533464E+000
   2.6284372576E+000   2.0652932943E+000
   2.7830512139E+000   2.6385357901E+000
   2.9376651702E+000   2.5066616678E+000
   3.0922791265E+000   1.8072540311E+000
   3.2468930829E+000   1.1197278919E+000
   3.4015070392E+000   6.8923841419E-001
   3.5561209955E+000   4.5493972680E-001
   3.7107349518E+000   3.2822214146E-001
   3.8653489082E+000   2.6005365874E-001
   4.0199628645E+000   2.2427422962E-001
   4.1745768208E+000   2.0568840529E-001
   4.3291907772E+000   1.9579293761E-001
   4.4838047335E+000   1.9018763336E-001
   4.6384186898E+000   1.8669907596E-001
   4.7930326461E+000   1.8427183620E-001
   4.9476466025E+000   1.8241203118E-001
   5.1022605588E+000   1.8091899041E-001
   5.2568745151E+000   1.7974504452E-001
   5.4114884714E+000   1.7891357606E-001
   5.5661024278E+000   1.7846743708E-001
   5.7207163841E+000   1.7843757928E-001
   5.8753303404E+000   1.7882824808E-001
   6.0299442968E+000   1.7961502437E-001
   6.1845582531E+000   1.8075486169E-001
   6.3391722094E+000   1.8221150338E-001
   6.4937861657E+000   1.8399971790E-001
   6.6484001221E+000   1.8625521397E-001
   6.8030140784E+000   1.8935065015E-001
   6.9576280347E+000   1.9410916801E-001
   7.1122419910E+000   2.0223985719E-001
   7.2668559474E+000   2.1723050379E-001
   7.4214699037E+000   2.4596091875E-001
   7.5760838600E+000   3.0106335237E-001
   7.7306978164E+000   4.0429175132E-001
   7.8853117727E+000   5.9493753986E-001
   8.0399257290E+000   9.4825578727E-001
   8.1945396853E+000   1.5549079337E+000
   8.3491536417E+000   2.3076027517E+000
   8.5037675980E+000   2.6850454196E+000
   8.6583815543E+000   2.3072738946E+000
   8.8129955106E+000   1.5542492555E+000
   8.9676094670E+000   9.4726405593E-001
   9.1222234233E+000   5.9360777017E-001
   9.2768373796E+000   4.0261955570E-001
   9.4314513359E+000   2.9904677662E-001
   9.5860652923E+000   2.4360102621E-001
   9.7406792486E+000   2.1453134906E-001
   9.8952932049E+000   1.9920833730E-001
   1.0049907161E+001   1.9075486269E-001
   1.0204521118E+001   1.8568563488E-001
   1.0359135074E+001   1.8229382136E-001
   1.0513749030E+001   1.7975825012E-001
   1.0668362987E+001   1.7770792942E-001
   1.0822976943E+001   1.7600854661E-001
   1.0977590899E+001   1.7464653480E-001
   1.1132204856E+001   1.7365926375E-001
   1.1286818812E+001   1.7309092180E-001
   1.1441432768E+001   1.7296720843E-001
   1.1596046725E+001   1.7328538267E-001
   1.1750660681E+001   1.7401626434E-001
   1.1905274637E+001   1.7511901895E-001
   1.2059888594E+001   1.7657243043E-001
   1.2214502550E+001   1.7842631792E-001
   1.2369116506E+001   1.8088328912E-001
   1.2523730462E+001   1.8443879361E-001
   1.2678344419E+001   1.9014938368E-001
   1.2832958375E+001   2.0018906730E-001
   1.2987572331E+001   2.1895762815E-001
   1.3142186288E+001   2.5495556106E-001
   1.3296800244E+001   3.2337107416E-001
   1.3451414200E+001   4.5035098335E-001
   1.3606028157E+001   6.8490848250E-001
   1.3760642113E+001   1.1156294355E+000
   1.3915256069E+001   1.8033365012E+000
   1.4069870026E+001   2.5028804623E+000
   1.4224483982E+001   2.6348961492E+000
   1.4379097938E+001   2.0618304624E+000
   1.4533711895E+001   1.3190783460E+000
   1.4688325851E+001   8.0200381367E-001
   1.4842939807E+001   5.1396104354E-001
   1.4997553764E+001   3.5855059128E-001
   1.5152167720E+001   2.7452994291E-001
   1.5306781676E+001   2.3007726833E-001
   1.5461395633E+001   2.0701040183E-001
   1.5616009589E+001   1.9491523977E-001
   1.5770623545E+001   1.8826719033E-001
   1.5925237502E+001   1.8430487417E-001
   1.6079851458E+001   1.8167852581E-001
   1.6234465414E+001   1.7974215625E-001
   1.6389079371E+001   1.7821299179E-001
   1.6543693327E+001   1.7699987869E-001
   1.6698307283E+001   1.7610654230E-001
   1.6852921240E+001   1.7557180195E-001
   1.7007535196E+001   1.7543209741E-001
   1.7162149152E+001   1.7570162782E-001
   1.7316763109E+001   1.7636650892E-001
   1.7471377065E+001   1.7739057254E-001
   1.7625991021E+001   1.7873518466E-001
   1.7780604978E+001   1.8039667634E-001
   1.7935218934E+001   1.8246608751E-001
   1.8089832890E+001   1.8522586769E-001
   1.8244446847E+001   1.8932142467E-001
   1.8399060803E+001   1.9610161470E-001
   1.8553674759E+001   2.0832646997E-001
   1.8708288716E+001   2.3151867100E-001
   1.8862902672E+001   2.7608980085E-001
   1.9017516628E+001   3.6021905094E-001
   1.9172130585E+001   5.1572507828E-001
   1.9326744541E+001   8.0384724484E-001
   1.9481358497E+001   1.3209837694E+000
   1.9635972454E+001   2.0637882342E+000
   1.9790586410E+001   2.6369203664E+000
   1.9945200366E+001   2.5050145967E+000
   2.0099814323E+001   1.8056338936E+000
   2.0254428279E+001   1.1181271654E+000
   2.0409042235E+001   6.8762105932E-001
   2.0563656191E+001   4.5327917139E-001
   2.0718270148E+001   3.2650841591E-001
   2.0872884104E+001   2.5828963089E-001
   2.1027498060E+001   2.2247062222E-001
   2.1182112017E+001   2.0385902312E-001
   2.1336725973E+001   1.9395110833E-001
   2.1491339929E+001   1.8834416693E-001
   2.1645953886E+001   1.8486129037E-001
   2.1800567842E+001   1.8244315700E-001
   2.1955181798E+001   1.8059193093E-001
   2.2109795755E+001   1.7910321210E-001
   2.2264409711E+001   1.7792609365E-001
   2.2419023667E+001   1.7708144683E-001
   2.2573637624E+001   1.7661052086E-001
   2.2728251580E+001   1.7654370345E-001
   2.2882865536E+001   1.7688580415E-001
   2.3037479493E+001   1.7761415178E-001
   2.3192093449E+001   1.7868864517E-001
   2.3346707405E+001   1.8007711680E-001
   2.3501321362E+001   1.8179941945E-001
   2.3655935318E+001   1.8399707952E-001
   2.3810549274E+001   1.8704894192E-001
   2.3965163231E+001   1.9178427573E-001
   2.4119777187E+001   1.9991774231E-001
   2.4274391143E+001   2.1494138693E-001
   2.4429005100E+001   2.4373654433E-001
   2.4583619056E+001   2.9893193803E-001
   2.4738233012E+001   4.0227046360E-001
   2.4892846969E+001   5.9302362902E-001
   2.5047460925E+001   9.4641797038E-001
   2.5202074881E+001   1.5530890676E+000
   2.5356688838E+001   2.3057723032E+000
   2.5511302794E+001   2.6832905188E+000
   2.5665916750E+001   2.3057644002E+000
   2.5820530707E+001   1.5530732818E+000
   2.5975144663E+001   9.4639434376E-001
   2.6129758619E+001   5.9299222806E-001
   2.6284372576E+001   4.0223138168E-001
   2.6438986532E+001   2.9888529731E-001
   2.6593600488E+001   2.4368249682E-001
   2.6748214445E+001   2.1488011533E-001
   2.6902828401E+001   1.9984946099E-001
   2.7057442357E+001   1.9170923221E-001
   2.7212056314E+001   1.8696741894E-001
   2.7366670270E+001   1.8390939746E-001
   2.7521284226E+001   1.8170593912E-001
   2.7675898183E+001   1.7997824253E-001
   2.7830512139E+001   1.7858482823E-001
   2.7985126095E+001   1.7750589400E-001
   2.8139740052E+001   1.7677366182E-001
   2.8294354008E+001   1.7642829127E-001
   2.8448967964E+001   1.7649251562E-001
   2.8603581920E+001   1.7696159064E-001
   2.8758195877E+001   1.7780519622E-001
   2.8912809833E+001   1.7898215168E-001
   2.9067423789E+001   1.8047165321E-001
   2.9222037746E+001   1.8232467172E-001
   2.9376651702E+001   1.8474566498E-001
   2.9531265658E+001   1.8823251657E-001
   2.9685879615E+001   1.9384458056E-001
   2.9840493571E+001   2.0375877543E-001
   2.9995107527E+001   2.2237779058E-001
   3.0149721484E+001   2.5820529217E-001
   3.0304335440E+001   3.2643355573E-001
   3.0458949396E+001   4.5321467125E-001
   3.0613563353E+001   6.8756770752E-001
   3.0768177309E+001   1.1180857350E+000
   3.0922791265E+001   1.8056054998E+000
   3.1077405222E+001   2.5050015101E+000
   3.1232019178E+001   2.6369266885E+000
   3.1386633134E+001   2.0638193564E+000
   3.1541247091E+001   1.3210448916E+000
   3.1695861047E+001   8.0394250873E-001
   3.1850475003E+001   5.1585775887E-001
   3.2005088960E+001   3.6039194499E-001
   3.2159702916E+001   2.7630535153E-001
   3.2314316872E+001   2.3177900752E-001
   3.2468930829E+001   2.0863349095E-001
   3.2623544785E+001   1.9645707012E-001
   3.2778158741E+001   1.8972695644E-001
   3.2932772698E+001   1.8568302239E-001
   3.3087386654E+001   1.8297632996E-001
   3.3242000610E+001   1.8096141898E-001
   3.3396614567E+001   1.7935583243E-001
   3.3551228523E+001   1.7806857459E-001
   3.3705842479E+001   1.7710340729E-001
   3.3860456436E+001   1.7649909600E-001
