  -3.4015070392E+001   1.7635647004E-001
  -3.3860456436E+001   1.7656186415E-001
  -3.3705842479E+001   1.7716398186E-001
  -3.3551228523E+001   1.7812649833E-001
  -3.3396614567E+001   1.7941064603E-001
  -3.3242000610E+001   1.8101265940E-001
  -3.3087386654E+001   1.8302352955E-001
  -3.2932772698E+001   1.8572571161E-001
  -3.2778158741E+001   1.8976467336E-001
  -3.2623544785E+001   1.9648937888E-001
  -3.2468930829E+001   2.0866000939E-001
  -3.2314316872E+001   2.3179944212E-001
  -3.2159702916E+001   2.7631953730E-001
  -3.2005088960E+001   3.6039988479E-001
  -3.1850475003E+001   5.1585963627E-001
  -3.1695861047E+001   8.0393858221E-001
  -3.1541247091E+001   1.3210351770E+000
  -3.1386633134E+001   2.0638036021E+000
  -3.1232019178E+001   2.6369057006E+000
  -3.1077405222E+001   2.5049779650E+000
  -3.0922791265E+001   1.8055815736E+000
  -3.0768177309E+001   1.1180616737E+000
  -3.0613563353E+001   6.8754327801E-001
  -3.0458949396E+001   4.5319001125E-001
  -3.0304335440E+001   3.2640892451E-001
  -3.0149721484E+001   2.5818081692E-001
  -2.9995107527E+001   2.2235341579E-001
  -2.9840493571E+001   2.0373429068E-001
  -2.9685879615E+001   1.9381966133E-001
  -2.9531265658E+001   1.8820676302E-001
  -2.9376651702E+001   1.8471863498E-001
  -2.9222037746E+001   1.8229590574E-001
  -2.9067423789E+001   1.8044068994E-001
  -2.8912809833E+001   1.7894853524E-001
  -2.8758195877E+001   1.7776847761E-001
  -2.8603581920E+001   1.7692132661E-001
  -2.8448967964E+001   1.7644826758E-001
  -2.8294354008E+001   1.7637962521E-001
  -2.8139740052E+001   1.7672014948E-001
  -2.7985126095E+001   1.7744711411E-001
  -2.7830512139E+001   1.7852036695E-001
  -2.7675898183E+001   1.7990769268E-001
  -2.7521284226E+001   1.8162889886E-001
  -2.7366670270E+001   1.8382547061E-001
  -2.7212056314E+001   1.8687621995E-001
  -2.7057442357E+001   1.9161039891E-001
  -2.6902828401E+001   1.9974267649E-001
  -2.6748214445E+001   2.1476513870E-001
  -2.6593600488E+001   2.4355920036E-001
  -2.6438986532E+001   2.9875370756E-001
  -2.6284372576E+001   4.0209171532E-001
  -2.6129758619E+001   5.9284488030E-001
  -2.5975144663E+001   9.4623971260E-001
  -2.5820530707E+001   1.5529114367E+000
  -2.5665916750E+001   2.3055954403E+000
  -2.5511302794E+001   2.6831161631E+000
  -2.5356688838E+001   2.3055956518E+000
  -2.5202074881E+001   1.5529118736E+000
  -2.5047460925E+001   9.4624040068E-001
  -2.4892846969E+001   5.9284585532E-001
  -2.4738233012E+001   4.0209302081E-001
  -2.4583619056E+001   2.9875539434E-001
  -2.4429005100E+001   2.4356132733E-001
  -2.4274391143E+001   2.1476777453E-001
  -2.4119777187E+001   1.9974590171E-001
  -2.3965163231E+001   1.9161430802E-001
  -2.3810549274E+001   1.8688092361E-001
  -2.3655935318E+001   1.8383109797E-001
  -2.3501321362E+001   1.8163560039E-001
  -2.3346707405E+001   1.7991564328E-001
  -2.3192093449E+001   1.7852976961E-001
  -2.3037479493E+001   1.7745820372E-001
  -2.2882865536E+001   1.7673319690E-001
  -2.2728251580E+001   1.7639494128E-001
  -2.2573637624E+001   1.7646620688E-001
  -2.2419023667E+001   1.7694229062E-001
  -2.2264409711E+001   1.7779291684E-001
  -2.2109795755E+001   1.7897694992E-001
  -2.1955181798E+001   1.8047362861E-001
  -2.1800567842E+001   1.8233396138E-001
  -2.1645953886E+001   1.8476243814E-001
  -2.1491339929E+001   1.8825697097E-001
  -2.1336725973E+001   1.9387694156E-001
  -2.1182112017E+001   2.0379929624E-001
  -2.1027498060E+001   2.2242675039E-001
  -2.0872884104E+001   2.5826299273E-001
  -2.0718270148E+001   3.2650032418E-001
  -2.0563656191E+001   4.5329086749E-001
  -2.0409042235E+001   6.8765367215E-001
  -2.0254428279E+001   1.1181816017E+000
  -2.0099814323E+001   1.8057113320E+000
  -1.9945200366E+001   2.5051190732E+000
  -1.9790586410E+001   2.6370616772E+000
  -1.9635972454E+001   2.0639793378E+000
  -1.9481358497E+001   1.3212352264E+000
  -1.9326744541E+001   8.0416618555E-001
  -1.9172130585E+001   5.1611697292E-001
  -1.9017516628E+001   3.6068853596E-001
  -1.8862902672E+001   2.7664061741E-001
  -1.8708288716E+001   2.3215361678E-001
  -1.8553674759E+001   2.0904756101E-001
  -1.8399060803E+001   1.9691027266E-001
  -1.8244446847E+001   1.9021857718E-001
  -1.8089832890E+001   1.8621198337E-001
  -1.7935218934E+001   1.8354120301E-001
  -1.7780604978E+001   1.8156044640E-001
  -1.7625991021E+001   1.7998695602E-001
  -1.7471377065E+001   1.7872946735E-001
  -1.7316763109E+001   1.7779150270E-001
  -1.7162149152E+001   1.7721161259E-001
  -1.7007535196E+001   1.7702592567E-001
  -1.6852921240E+001   1.7724831009E-001
  -1.6698307283E+001   1.7786455168E-001
  -1.6543693327E+001   1.7883817247E-001
  -1.6389079371E+001   1.8013026543E-001
  -1.6234465414E+001   1.8173693986E-001
  -1.6079851458E+001   1.8374907600E-001
  -1.5925237502E+001   1.8644902925E-001
  -1.5770623545E+001   1.9048216945E-001
  -1.5616009589E+001   1.9719734509E-001
  -1.5461395633E+001   2.0935457215E-001
  -1.5306781676E+001   2.3247647484E-001
  -1.5152167720E+001   2.7697454451E-001
  -1.4997553764E+001   3.6102786750E-001
  -1.4842939807E+001   5.1645485914E-001
  -1.4688325851E+001   8.0449412930E-001
  -1.4533711895E+001   1.3215429631E+000
  -1.4379097938E+001   2.0642569503E+000
  -1.4224483982E+001   2.6373046851E+000
  -1.4069870026E+001   2.5053313856E+000
  -1.3915256069E+001   1.8059004851E+000
  -1.3760642113E+001   1.1183513098E+000
  -1.3606028157E+001   6.8780243138E-001
  -1.3451414200E+001   4.5341540336E-001
  -1.3296800244E+001   3.2659795751E-001
  -1.3142186288E+001   2.5833184557E-001
  -1.2987572331E+001   2.2246556692E-001
  -1.2832958375E+001   2.0380755627E-001
  -1.2678344419E+001   1.9385501720E-001
  -1.2523730462E+001   1.8820614712E-001
  -1.2369116506E+001   1.8468482574E-001
  -1.2214502550E+001   1.8223238169E-001
  -1.2059888594E+001   1.8035151376E-001
  -1.1905274637E+001   1.7883826807E-001
  -1.1750660681E+001   1.7764211297E-001
  -1.1596046725E+001   1.7678423206E-001
  -1.1441432768E+001   1.7630612616E-001
  -1.1286818812E+001   1.7623837107E-001
  -1.1132204856E+001   1.7658589184E-001
  -1.0977590899E+001   1.7732604136E-001
  -1.0822976943E+001   1.7841862009E-001
  -1.0668362987E+001   1.7983119879E-001
  -1.0513749030E+001   1.8158316453E-001
  -1.0359135074E+001   1.8381535475E-001
  -1.0204521118E+001   1.8690573006E-001
  -1.0049907161E+001   1.9168256532E-001
  -9.8952932049E+000   1.9985951404E-001
  -9.7406792486E+000   2.1492756358E-001
  -9.5860652923E+000   2.4376656324E-001
  -9.4314513359E+000   2.9900254218E-001
  -9.2768373796E+000   4.0237361409E-001
  -9.1222234233E+000   5.9314330346E-001
  -8.9676094670E+000   9.4652364146E-001
  -8.8129955106E+000   1.5531288266E+000
  -8.6583815543E+000   2.3056977237E+000
  -8.5037675980E+000   2.6831254112E+000
  -8.3491536417E+000   2.3055965685E+000
  -8.1945396853E+000   1.5529442775E+000
  -8.0399257290E+000   9.4627709742E-001
  -7.8853117727E+000   5.9285018193E-001
  -7.7306978164E+000   4.0204344841E-001
  -7.5760838600E+000   2.9864098874E-001
  -7.4214699037E+000   2.4337610490E-001
  -7.2668559474E+000   2.1450818510E-001
  -7.1122419910E+000   1.9940968059E-001
  -6.9576280347E+000   1.9119997080E-001
  -6.8030140784E+000   1.8638762980E-001
  -6.6484001221E+000   1.8325865663E-001
  -6.4937861657E+000   1.8098448210E-001
  -6.3391722094E+000   1.7918695670E-001
  -6.1845582531E+000   1.7772520816E-001
  -6.0299442968E+000   1.7657998057E-001
  -5.8753303404E+000   1.7578398524E-001
  -5.7207163841E+000   1.7537783157E-001
  -5.5661024278E+000   1.7538468741E-001
  -5.4114884714E+000   1.7580025378E-001
  -5.2568745151E+000   1.7659468763E-001
  -5.1022605588E+000   1.7772732482E-001
  -4.9476466025E+000   1.7917790656E-001
  -4.7930326461E+000   1.8099794854E-001
  -4.6384186898E+000   1.8339241679E-001
  -4.4838047335E+000   1.8685964130E-001
  -4.3291907772E+000   1.9245935359E-001
  -4.1745768208E+000   2.0236872502E-001
  -4.0199628645E+000   2.2099026635E-001
  -3.8653489082E+000   2.5682619911E-001
  -3.7107349518E+000   3.2506470530E-001
  -3.5561209955E+000   4.5184959519E-001
  -3.4015070392E+000   6.8618518487E-001
  -3.2468930829E+000   1.1166397865E+000
  -3.0922791265E+000   1.8040291959E+000
  -2.9376651702E+000   2.5032736581E+000
  -2.7830512139E+000   2.6351485668E+000
  -2.6284372576E+000   2.0621204318E+000
  -2.4738233012E+000   1.3194382904E+000
  -2.3192093449E+000   8.0236180832E-001
  -2.1645953886E+000   5.1424552976E-001
  -2.0099814323E+000   3.5871989175E-001
  -1.8553674759E+000   2.7456512339E-001
  -1.7007535196E+000   2.2997446485E-001
  -1.5461395633E+000   2.0677576036E-001
  -1.3915256069E+000   1.9456115708E-001
  -1.2369116506E+000   1.8780988803E-001
  -1.0822976943E+000   1.8376307591E-001
  -9.2768373796E-001   1.8107271168E-001
  -7.7306978164E-001   1.7909401317E-001
  -6.1845582531E-001   1.7754491605E-001
  -4.6384186898E-001   1.7633451658E-001
  -3.0922791265E-001   1.7546637828E-001
  -1.5461395633E-001   1.7497878500E-001
   0.0000000000E+000   1.7490727722E-001
   1.5461395633E-001   1.7526476413E-001
   3.0922791265E-001   1.7603562076E-001
   4.6384186898E-001   1.7718141337E-001
   6.1845582531E-001   1.7866065758E-001
   7.7306978164E-001   1.8046623342E-001
   9.2768373796E-001   1.8268518555E-001
   1.0822976943E+000   1.8559556928E-001
   1.2369116506E+000   1.8983822333E-001
   1.3915256069E+000   1.9675754579E-001
   1.5461395633E+000   2.0910961374E-001
   1.7007535196E+000   2.3241432047E-001
   1.8553674759E+000   2.7708276556E-001
   2.0099814323E+000   3.6129741477E-001
   2.1645953886E+000   5.1688503411E-001
   2.3192093449E+000   8.0509815151E-001
   2.4738233012E+000   1.3223500775E+000
   2.6284372576E+000   2.0652925831E+000
   2.7830512139E+000   2.6385375384E+000
   2.9376651702E+000   2.5066616831E+000
   3.0922791265E+000   1.8072492567E+000
   3.2468930829E+000   1.1197198937E+000
   3.4015070392E+000   6.8923085444E-001
   3.5561209955E+000   4.5493551799E-001
   3.7107349518E+000   3.2822284518E-001
   3.8653489082E+000   2.6005978829E-001
   4.0199628645E+000   2.2428563761E-001
   4.1745768208E+000   2.0570461589E-001
   4.3291907772E+000   1.9581337023E-001
   4.4838047335E+000   1.9021171459E-001
   4.6384186898E+000   1.8672628084E-001
   4.7930326461E+000   1.8430169719E-001
   4.9476466025E+000   1.8244413296E-001
   5.1022605588E+000   1.8095295657E-001
   5.2568745151E+000   1.7978051951E-001
   5.4114884714E+000   1.7895020725E-001
   5.5661024278E+000   1.7850486154E-001
   5.7207163841E+000   1.7847541834E-001
   5.8753303404E+000   1.7886611082E-001
   6.0299442968E+000   1.7965251907E-001
   6.1845582531E+000   1.8079161284E-001
   6.3391722094E+000   1.8224717118E-001
   6.4937861657E+000   1.8403401753E-001
   6.6484001221E+000   1.8628793278E-001
   6.8030140784E+000   1.8938166194E-001
   6.9576280347E+000   1.9413844502E-001
   7.1122419910E+000   2.0226747836E-001
   7.2668559474E+000   2.1725665076E-001
   7.4214699037E+000   2.4598583790E-001
   7.5760838600E+000   3.0108725494E-001
   7.7306978164E+000   4.0431463835E-001
   7.8853117727E+000   5.9495893568E-001
   8.0399257290E+000   9.4827429452E-001
   8.1945396853E+000   1.5549209744E+000
   8.3491536417E+000   2.3076086536E+000
   8.5037675980E+000   2.6850480444E+000
   8.6583815543E+000   2.3072811835E+000
   8.8129955106E+000   1.5542649341E+000
   8.9676094670E+000   9.4728632708E-001
   9.1222234233E+000   5.9363403430E-001
   9.2768373796E+000   4.0264848039E-001
   9.4314513359E+000   2.9907799816E-001
   9.5860652923E+000   2.4363467801E-001
   9.7406792486E+000   2.1456777069E-001
   9.8952932049E+000   1.9924787610E-001
   1.0049907161E+001   1.9079775852E-001
   1.0204521118E+001   1.8573197527E-001
   1.0359135074E+001   1.8234353540E-001
   1.0513749030E+001   1.7981111623E-001
   1.0668362987E+001   1.7776358703E-001
   1.0822976943E+001   1.7606651066E-001
   1.0977590899E+001   1.7470621411E-001
   1.1132204856E+001   1.7371998335E-001
   1.1286818812E+001   1.7315194789E-001
   1.1441432768E+001   1.7302777386E-001
   1.1596046725E+001   1.7334471046E-001
   1.1750660681E+001   1.7407358720E-001
   1.1905274637E+001   1.7517359383E-001
   1.2059888594E+001   1.7662354821E-001
   1.2214502550E+001   1.7847330994E-001
   1.2369116506E+001   1.8092553366E-001
   1.2523730462E+001   1.8447572622E-001
   1.2678344419E+001   1.9018051481E-001
   1.2832958375E+001   2.0021400845E-001
   1.2987572331E+001   2.1897612541E-001
   1.3142186288E+001   2.5496753279E-001
   1.3296800244E+001   3.2337664776E-001
   1.3451414200E+001   4.5035051694E-001
   1.3606028157E+001   6.8490250878E-001
   1.3760642113E+001   1.1156183970E+000
   1.3915256069E+001   1.8033204646E+000
   1.4069870026E+001   2.5028599128E+000
   1.4224483982E+001   2.6348734300E+000
   1.4379097938E+001   2.0618084054E+000
   1.4533711895E+001   1.3190579481E+000
   1.4688325851E+001   8.0198501956E-001
   1.4842939807E+001   5.1394401537E-001
   1.4997553764E+001   3.5853566155E-001
   1.5152167720E+001   2.7451730322E-001
   1.5306781676E+001   2.3006687585E-001
   1.5461395633E+001   2.0700200301E-001
   1.5616009589E+001   1.9490841941E-001
   1.5770623545E+001   1.8826142014E-001
   1.5925237502E+001   1.8429955511E-001
   1.6079851458E+001   1.8167302149E-001
   1.6234465414E+001   1.7973581609E-001
   1.6389079371E+001   1.7820516442E-001
   1.6543693327E+001   1.7698991795E-001
   1.6698307283E+001   1.7609380915E-001
   1.6852921240E+001   1.7555566537E-001
   1.7007535196E+001   1.7541193583E-001
   1.7162149152E+001   1.7567683163E-001
   1.7316763109E+001   1.7633648324E-001
   1.7471377065E+001   1.7735473933E-001
   1.7625991021E+001   1.7869298343E-001
   1.7780604978E+001   1.8034756387E-001
   1.7935218934E+001   1.8240953811E-001
   1.8089832890E+001   1.8516137696E-001
   1.8244446847E+001   1.8924851989E-001
   1.8399060803E+001   1.9601987385E-001
   1.8553674759E+001   2.0823554973E-001
   1.8708288716E+001   2.3141834191E-001
   1.8862902672E+001   2.7597998735E-001
   1.9017516628E+001   3.6009987084E-001
   1.9172130585E+001   5.1559685563E-001
   1.9326744541E+001   8.0371040380E-001
   1.9481358497E+001   1.3208385165E+000
   1.9635972454E+001   2.0636345342E+000
   1.9790586410E+001   2.6367592670E+000
   1.9945200366E+001   2.5048490364E+000
   2.0099814323E+001   1.8054663243E+000
   2.0254428279E+001   1.1179581189E+000
   2.0409042235E+001   6.8745059968E-001
   2.0563656191E+001   4.5310774639E-001
   2.0718270148E+001   3.2633660804E-001
   2.0872884104E+001   2.5811790253E-001
   2.1027498060E+001   2.2229926364E-001
   2.1182112017E+001   2.0368817857E-001
   2.1336725973E+001   1.9378081517E-001
   2.1491339929E+001   1.8817439254E-001
   2.1645953886E+001   1.8469196335E-001
   2.1800567842E+001   1.8227419030E-001
   2.1955181798E+001   1.8042323568E-001
   2.2109795755E+001   1.7893470312E-001
   2.2264409711E+001   1.7775768923E-001
   2.2419023667E+001   1.7691306599E-001
   2.2573637624E+001   1.7644208062E-001
   2.2728251580E+001   1.7637511732E-001
   2.2882865536E+001   1.7671698176E-001
   2.3037479493E+001   1.7744499879E-001
   2.3192093449E+001   1.7851906236E-001
   2.3346707405E+001   1.7990699799E-001
   2.3501321362E+001   1.8162864904E-001
   2.3655935318E+001   1.8382553158E-001
   2.3810549274E+001   1.8687648416E-001
   2.3965163231E+001   1.9161078119E-001
   2.4119777187E+001   1.9974311032E-001
   2.4274391143E+001   2.1476557285E-001
   2.4429005100E+001   2.4355959602E-001
   2.4583619056E+001   2.9875403603E-001
   2.4738233012E+001   4.0209195627E-001
   2.4892846969E+001   5.9284502015E-001
   2.5047460925E+001   9.4623974256E-001
   2.5202074881E+001   1.5529113501E+000
   2.5356688838E+001   2.3055952288E+000
   2.5511302794E+001   2.6831158134E+000
   2.5665916750E+001   2.3055951427E+000
   2.5820530707E+001   1.5529111750E+000
   2.5975144663E+001   9.4623947452E-001
   2.6129758619E+001   5.9284465683E-001
   2.6284372576E+001   4.0209149973E-001
   2.6438986532E+001   2.9875349486E-001
   2.6593600488E+001   2.4355898683E-001
   2.6748214445E+001   2.1476492161E-001
   2.6902828401E+001   1.9974245388E-001
   2.7057442357E+001   1.9161016944E-001
   2.7212056314E+001   1.8687598278E-001
   2.7366670270E+001   1.8382522527E-001
   2.7521284226E+001   1.8162864523E-001
   2.7675898183E+001   1.7990743084E-001
   2.7830512139E+001   1.7852009721E-001
   2.7985126095E+001   1.7744683691E-001
   2.8139740052E+001   1.7671986540E-001
   2.8294354008E+001   1.7637933490E-001
   2.8448967964E+001   1.7644797174E-001
   2.8603581920E+001   1.7692102603E-001
   2.8758195877E+001   1.7776817308E-001
   2.8912809833E+001   1.7894822759E-001
   2.9067423789E+001   1.8044038002E-001
   2.9222037746E+001   1.8229559441E-001
   2.9376651702E+001   1.8471832309E-001
   2.9531265658E+001   1.8820645143E-001
   2.9685879615E+001   1.9381935088E-001
   2.9840493571E+001   2.0373398225E-001
   2.9995107527E+001   2.2235311021E-001
   3.0149721484E+001   2.5818051502E-001
   3.0304335440E+001   3.2640862712E-001
   3.0458949396E+001   4.5318971917E-001
   3.0613563353E+001   6.8754299205E-001
   3.0768177309E+001   1.1180613946E+000
   3.0922791265E+001   1.8055813022E+000
   3.1077405222E+001   2.5049777020E+000
   3.1232019178E+001   2.6369054467E+000
   3.1386633134E+001   2.0638033581E+000
   3.1541247091E+001   1.3210349435E+000
   3.1695861047E+001   8.0393835987E-001
   3.1850475003E+001   5.1585942573E-001
   3.2005088960E+001   3.6039968665E-001
   3.2159702916E+001   2.7631935210E-001
   3.2314316872E+001   2.3179927041E-001
   3.2468930829E+001   2.0865985165E-001
   3.2623544785E+001   1.9648923558E-001
   3.2778158741E+001   1.8976454490E-001
   3.2932772698E+001   1.8572559838E-001
   3.3087386654E+001   1.8302343187E-001
   3.3242000610E+001   1.8101257755E-001
   3.3396614567E+001   1.7941058026E-001
   3.3551228523E+001   1.7812644883E-001
   3.3705842479E+001   1.7716394879E-001
   3.3860456436E+001   1.7656184758E-001
