  -3.4015070392E+001   1.7127450432E-001
  -3.3860456436E+001   1.7154794084E-001
  -3.3705842479E+001   1.7235103137E-001
  -3.3551228523E+001   1.7364021797E-001
  -3.3396614567E+001   1.7536481000E-001
  -3.3242000610E+001   1.7750471403E-001
  -3.3087386654E+001   1.8013073622E-001
  -3.2932772698E+001   1.8350218204E-001
  -3.2778158741E+001   1.8823965173E-001
  -3.2623544785E+001   1.9566702092E-001
  -3.2468930829E+001   2.0852072442E-001
  -3.2314316872E+001   2.3230270061E-001
  -3.2159702916E+001   2.7740797546E-001
  -3.2005088960E+001   3.6200429429E-001
  -3.1850475003E+001   5.1790251848E-001
  -3.1695861047E+001   8.0632766487E-001
  -3.1541247091E+001   1.3236374660E+000
  -3.1386633134E+001   2.0664448773E+000
  -3.1232019178E+001   2.6394934364E+000
  -3.1077405222E+001   2.5075818580E+000
  -3.0922791265E+001   1.8082274459E+000
  -3.0768177309E+001   1.1206103952E+000
  -3.0613563353E+001   6.8982777965E-001
  -3.0458949396E+001   4.5509431666E-001
  -3.0304335440E+001   3.2784761307E-001
  -3.0149721484E+001   2.5907909659E-001
  -2.9995107527E+001   2.2264546081E-001
  -2.9840493571E+001   2.0336781474E-001
  -2.9685879615E+001   1.9276071049E-001
  -2.9531265658E+001   1.8644341017E-001
  -2.9376651702E+001   1.8226331560E-001
  -2.9222037746E+001   1.7918624346E-001
  -2.9067423789E+001   1.7673875938E-001
  -2.8912809833E+001   1.7473869315E-001
  -2.8758195877E+001   1.7315405961E-001
  -2.8603581920E+001   1.7202057229E-001
  -2.8448967964E+001   1.7138979644E-001
  -2.8294354008E+001   1.7129769228E-001
  -2.8139740052E+001   1.7174981592E-001
  -2.7985126095E+001   1.7271940791E-001
  -2.7830512139E+001   1.7415749901E-001
  -2.7675898183E+001   1.7601843884E-001
  -2.7521284226E+001   1.7830434358E-001
  -2.7366670270E+001   1.8113540632E-001
  -2.7212056314E+001   1.8486656122E-001
  -2.7057442357E+001   1.9030194382E-001
  -2.6902828401E+001   1.9913140887E-001
  -2.6748214445E+001   2.1482407473E-001
  -2.6593600488E+001   2.4424164917E-001
  -2.6438986532E+001   2.9999775081E-001
  -2.6284372576E+001   4.0382517791E-001
  -2.6129758619E+001   5.9498692401E-001
  -2.5975144663E+001   9.4868801780E-001
  -2.5820530707E+001   1.5555145872E+000
  -2.5665916750E+001   2.3081869668E+000
  -2.5511302794E+001   2.6856626945E+000
  -2.5356688838E+001   2.3081830418E+000
  -2.5202074881E+001   1.5555067417E+000
  -2.5047460925E+001   9.4867625947E-001
  -2.4892846969E+001   5.9497126156E-001
  -2.4738233012E+001   4.0380561940E-001
  -2.4583619056E+001   2.9997430315E-001
  -2.4429005100E+001   2.4421431891E-001
  -2.4274391143E+001   2.1479286957E-001
  -2.4119777187E+001   1.9909633953E-001
  -2.3965163231E+001   1.9026302596E-001
  -2.3810549274E+001   1.8482381745E-001
  -2.3655935318E+001   1.8108886836E-001
  -2.3501321362E+001   1.7825405488E-001
  -2.3346707405E+001   1.7596445753E-001
  -2.3192093449E+001   1.7409990138E-001
  -2.3037479493E+001   1.7265829208E-001
  -2.2882865536E+001   1.7168530586E-001
  -2.2728251580E+001   1.7122994188E-001
  -2.2573637624E+001   1.7131899345E-001
  -2.2419023667E+001   1.7194694188E-001
  -2.2264409711E+001   1.7307786720E-001
  -2.2109795755E+001   1.7466024608E-001
  -2.1955181798E+001   1.7665840688E-001
  -2.1800567842E+001   1.7910437467E-001
  -2.1645953886E+001   1.8218035500E-001
  -2.1491339929E+001   1.8635980965E-001
  -2.1336725973E+001   1.9267693654E-001
  -2.1182112017E+001   2.0328432845E-001
  -2.1027498060E+001   2.2256268883E-001
  -2.0872884104E+001   2.5899739539E-001
  -2.0718270148E+001   3.2776723661E-001
  -2.0563656191E+001   4.5501539920E-001
  -2.0409042235E+001   6.8975033486E-001
  -2.0254428279E+001   1.1205343743E+000
  -2.0099814323E+001   1.8081530752E+000
  -1.9945200366E+001   2.5075104477E+000
  -1.9790586410E+001   2.6394280637E+000
  -1.9635972454E+001   2.0663898490E+000
  -1.9481358497E+001   1.3235968388E+000
  -1.9326744541E+001   8.0630440231E-001
  -1.9172130585E+001   5.1789872089E-001
  -1.9017516628E+001   3.6202160886E-001
  -1.8862902672E+001   2.7744771529E-001
  -1.8708288716E+001   2.3236586347E-001
  -1.8553674759E+001   2.0860805169E-001
  -1.8399060803E+001   1.9577905525E-001
  -1.8244446847E+001   1.8837675308E-001
  -1.8089832890E+001   1.8366451404E-001
  -1.7935218934E+001   1.8031825040E-001
  -1.7780604978E+001   1.7771714740E-001
  -1.7625991021E+001   1.7560169677E-001
  -1.7471377065E+001   1.7390090901E-001
  -1.7316763109E+001   1.7263471414E-001
  -1.7162149152E+001   1.7185365577E-001
  -1.7007535196E+001   1.7160115669E-001
  -1.6852921240E+001   1.7189356055E-001
  -1.6698307283E+001   1.7271428079E-001
  -1.6543693327E+001   1.7401965248E-001
  -1.6389079371E+001   1.7575889102E-001
  -1.6234465414E+001   1.7791182590E-001
  -1.6079851458E+001   1.8054920614E-001
  -1.5925237502E+001   1.8393030136E-001
  -1.5770623545E+001   1.8867569586E-001
  -1.5616009589E+001   1.9610926372E-001
  -1.5461395633E+001   2.0896744248E-001
  -1.5306781676E+001   2.3275216181E-001
  -1.5152167720E+001   2.7785840252E-001
  -1.4997553764E+001   3.6245377614E-001
  -1.4842939807E+001   5.1834879299E-001
  -1.4688325851E+001   8.0676768952E-001
  -1.4533711895E+001   1.3240670526E+000
  -1.4379097938E+001   2.0668593373E+000
  -1.4224483982E+001   2.6398895011E+000
  -1.4069870026E+001   2.5079585654E+000
  -1.3915256069E+001   1.8085839401E+000
  -1.3760642113E+001   1.1209432340E+000
  -1.3606028157E+001   6.9013121214E-001
  -1.3451414200E+001   4.5536237581E-001
  -1.3296800244E+001   3.2807528081E-001
  -1.3142186288E+001   2.5926225525E-001
  -1.2987572331E+001   2.2278059069E-001
  -1.2832958375E+001   2.0345184441E-001
  -1.2678344419E+001   1.9279095668E-001
  -1.2523730462E+001   1.8641752072E-001
  -1.2369116506E+001   1.8217919748E-001
  -1.2214502550E+001   1.7904199050E-001
  -1.2059888594E+001   1.7653260245E-001
  -1.1905274637E+001   1.7446899305E-001
  -1.1750660681E+001   1.7281935985E-001
  -1.1596046725E+001   1.7161972804E-001
  -1.1441432768E+001   1.7092219255E-001
  -1.1286818812E+001   1.7076355668E-001
  -1.1132204856E+001   1.7115062714E-001
  -1.0977590899E+001   1.7205838189E-001
  -1.0822976943E+001   1.7344011518E-001
  -1.0668362987E+001   1.7525293843E-001
  -1.0513749030E+001   1.7750211804E-001
  -1.0359135074E+001   1.8031120095E-001
  -1.0204521118E+001   1.8403845831E-001
  -1.0049907161E+001   1.8949113656E-001
  -9.8952932049E+000   1.9836170565E-001
  -9.7406792486E+000   2.1412070028E-001
  -9.5860652923E+000   2.4362824606E-001
  -9.4314513359E+000   2.9949017010E-001
  -9.2768373796E+000   4.0342168600E-001
  -9.1222234233E+000   5.9465528920E-001
  -8.9676094670E+000   9.4834769063E-001
  -8.8129955106E+000   1.5550299428E+000
  -8.6583815543E+000   2.3074559705E+000
  -8.5037675980E+000   2.6848040397E+000
  -8.3491536417E+000   2.3074853296E+000
  -8.1945396853E+000   1.5551054761E+000
  -8.0399257290E+000   9.4848970549E-001
  -7.8853117727E+000   5.9487807904E-001
  -7.7306978164E+000   4.0373289664E-001
  -7.5760838600E+000   2.9989217850E-001
  -7.4214699037E+000   2.4411866061E-001
  -7.2668559474E+000   2.1469302259E-001
  -7.1122419910E+000   1.9900632157E-001
  -6.9576280347E+000   1.9019608702E-001
  -6.8030140784E+000   1.8478982372E-001
  -6.6484001221E+000   1.8109328610E-001
  -6.4937861657E+000   1.7829764527E-001
  -6.3391722094E+000   1.7604333786E-001
  -6.1845582531E+000   1.7420590478E-001
  -6.0299442968E+000   1.7277960230E-001
  -5.8753303404E+000   1.7180731522E-001
  -5.7207163841E+000   1.7133626641E-001
  -5.5661024278E+000   1.7139258741E-001
  -5.4114884714E+000   1.7197127280E-001
  -5.2568745151E+000   1.7303812206E-001
  -5.1022605588E+000   1.7454452413E-001
  -4.9476466025E+000   1.7645882535E-001
  -4.7930326461E+000   1.7881798880E-001
  -4.6384186898E+000   1.8180979236E-001
  -4.4838047335E+000   1.8591355632E-001
  -4.3291907772E+000   1.9216924448E-001
  -4.1745768208E+000   2.0273455961E-001
  -4.0199628645E+000   2.2199335969E-001
  -3.8653489082E+000   2.5842938760E-001
  -3.7107349518E+000   3.2721060410E-001
  -3.5561209955E+000   4.5445569956E-001
  -3.4015070392E+000   6.8913013476E-001
  -3.2468930829E+000   1.1197301386E+000
  -3.0922791265E+000   1.8069938898E+000
  -2.9376651702E+000   2.5059530400E+000
  -2.7830512139E+000   2.6377425843E+000
  -2.6284372576E+000   2.0649160031E+000
  -2.4738233012E+000   1.3223771162E+000
  -2.3192093449E+000   8.0516855934E-001
  -2.1645953886E+000   5.1668989270E-001
  -2.0099814323E+000   3.6065721209E-001
  -1.8553674759E+000   2.7590057015E-001
  -1.7007535196E+000   2.3064343756E-001
  -1.5461395633E+000   2.0673687097E-001
  -1.3915256069E+000   1.9379330653E-001
  -1.2369116506E+000   1.8631170814E-001
  -1.0822976943E+000   1.8155356688E-001
  -9.2768373796E-001   1.7819171381E-001
  -7.7306978164E-001   1.7560170147E-001
  -6.1845582531E-001   1.7352015612E-001
  -4.6384186898E-001   1.7187229381E-001
  -3.0922791265E-001   1.7067461224E-001
  -1.5461395633E-001   1.6997479038E-001
   0.0000000000E+000   1.6981404026E-001
   1.5461395633E-001   1.7020711835E-001
   3.0922791265E-001   1.7113635462E-001
   4.6384186898E-001   1.7255733445E-001
   6.1845582531E-001   1.7441867090E-001
   7.7306978164E-001   1.7669955898E-001
   9.2768373796E-001   1.7946993600E-001
   1.0822976943E+000   1.8298800306E-001
   1.2369116506E+000   1.8787302019E-001
   1.3915256069E+000   1.9544734753E-001
   1.5461395633E+000   2.0844578993E-001
   1.7007535196E+000   2.3236850857E-001
   1.8553674759E+000   2.7760843267E-001
   2.0099814323E+000   3.6233070901E-001
   2.1645953886E+000   5.1834306989E-001
   2.3192093449E+000   8.0686648477E-001
   2.4738233012E+000   1.3242526508E+000
   2.6284372576E+000   2.0671105371E+000
   2.7830512139E+000   2.6401962061E+000
   2.9376651702E+000   2.5083346301E+000
   3.0922791265E+000   1.8090511518E+000
   3.2468930829E+000   1.1215145676E+000
   3.4015070392E+000   6.9081507518E-001
   3.5561209955E+000   4.5616677457E-001
   3.7107349518E+000   3.2900609276E-001
   3.8653489082E+000   2.6032175960E-001
   4.0199628645E+000   2.2396769161E-001
   4.1745768208E+000   2.0476297917E-001
   4.3291907772E+000   1.9422091798E-001
   4.4838047335E+000   1.8795999387E-001
   4.6384186898E+000   1.8382710296E-001
   4.7930326461E+000   1.8078774949E-001
   4.9476466025E+000   1.7836836397E-001
   5.1022605588E+000   1.7638679615E-001
   5.2568745151E+000   1.7481118761E-001
   5.4114884714E+000   1.7367742509E-001
   5.5661024278E+000   1.7303724103E-001
   5.7207163841E+000   1.7292672483E-001
   5.8753303404E+000   1.7335151919E-001
   6.0299442968E+000   1.7428493116E-001
   6.1845582531E+000   1.7567807979E-001
   6.3391722094E+000   1.7748547677E-001
   6.4937861657E+000   1.7970952728E-001
   6.6484001221E+000   1.8247088333E-001
   6.8030140784E+000   1.8612513175E-001
   6.9576280347E+000   1.9147725478E-001
   7.1122419910E+000   2.0021810551E-001
   7.2668559474E+000   2.1581779217E-001
   7.4214699037E+000   2.4513858398E-001
   7.5760838600E+000   3.0079345036E-001
   7.7306978164E+000   4.0451228015E-001
   7.8853117727E+000   5.9555131245E-001
   8.0399257290E+000   9.4910192484E-001
   8.1945396853E+000   1.5557329755E+000
   8.3491536417E+000   2.3081795744E+000
   8.5037675980E+000   2.6854806994E+000
   8.6583815543E+000   2.3079319991E+000
   8.8129955106E+000   1.5552207145E+000
   8.9676094670E+000   9.4830010819E-001
   9.1222234233E+000   5.9443638890E-001
   9.2768373796E+000   4.0306646791E-001
   9.4314513359E+000   2.9900656311E-001
   9.5860652923E+000   2.4300851337E-001
   9.7406792486E+000   2.1334983520E-001
   9.8952932049E+000   1.9742381971E-001
   1.0049907161E+001   1.8837350705E-001
   1.0204521118E+001   1.8273345394E-001
   1.0359135074E+001   1.7881692560E-001
   1.0513749030E+001   1.7582243061E-001
   1.0668362987E+001   1.7339714191E-001
   1.0822976943E+001   1.7142241767E-001
   1.0977590899E+001   1.6989719905E-001
   1.1132204856E+001   1.6886780919E-001
   1.1286818812E+001   1.6838361919E-001
   1.1441432768E+001   1.6847160489E-001
   1.1596046725E+001   1.6912627832E-001
   1.1750660681E+001   1.7031158130E-001
   1.1905274637E+001   1.7197561393E-001
   1.2059888594E+001   1.7408198120E-001
   1.2214502550E+001   1.7666152232E-001
   1.2369116506E+001   1.7989473015E-001
   1.2523730462E+001   1.8425288280E-001
   1.2678344419E+001   1.9076773409E-001
   1.2832958375E+001   2.0158945926E-001
   1.2987572331E+001   2.2109648350E-001
   1.3142186288E+001   2.5777165232E-001
   1.3296800244E+001   3.2679007666E-001
   1.3451414200E+001   4.5428961654E-001
   1.3606028157E+001   6.8927245256E-001
   1.3760642113E+001   1.1202927057E+000
   1.3915256069E+001   1.8081184132E+000
   1.4069870026E+001   2.5076228046E+000
   1.4224483982E+001   2.6396033235E+000
   1.4379097938E+001   2.0665548484E+000
   1.4533711895E+001   1.3237179925E+000
   1.4688325851E+001   8.0638227497E-001
   1.4842939807E+001   5.1794666919E-001
   1.4997553764E+001   3.6205300264E-001
   1.5152167720E+001   2.7747296210E-001
   1.5306781676E+001   2.3239218277E-001
   1.5461395633E+001   2.0863950943E-001
   1.5616009589E+001   1.9581697994E-001
   1.5770623545E+001   1.8842046902E-001
   1.5925237502E+001   1.8371208348E-001
   1.6079851458E+001   1.8036704826E-001
   1.6234465414E+001   1.7776425547E-001
   1.6389079371E+001   1.7564416932E-001
   1.6543693327E+001   1.7393595948E-001
   1.6698307283E+001   1.7265985194E-001
   1.6852921240E+001   1.7186678556E-001
   1.7007535196E+001   1.7160064454E-001
   1.7162149152E+001   1.7187826904E-001
   1.7316763109E+001   1.7268357555E-001
   1.7471377065E+001   1.7397338264E-001
   1.7625991021E+001   1.7569734616E-001
   1.7780604978E+001   1.7783567348E-001
   1.7935218934E+001   1.8045941536E-001
   1.8089832890E+001   1.8382806233E-001
   1.8244446847E+001   1.8856234558E-001
   1.8399060803E+001   1.9598623120E-001
   1.8553674759E+001   2.0883621813E-001
   1.8708288716E+001   2.3261428325E-001
   1.8862902672E+001   2.7771544144E-001
   1.9017516628E+001   3.6230734192E-001
   1.9172130585E+001   5.1820066450E-001
   1.9326744541E+001   8.0662019720E-001
   1.9481358497E+001   1.3239233187E+000
   1.9635972454E+001   2.0667222663E+000
   1.9790586410E+001   2.6397596644E+000
   1.9945200366E+001   2.5078340559E+000
   2.0099814323E+001   1.8084638624E+000
   2.0254428279E+001   1.1208308604E+000
   2.0409042235E+001   6.9003309841E-001
   2.0563656191E+001   4.5528554793E-001
   2.0718270148E+001   3.2802575641E-001
   2.0872884104E+001   2.5924502617E-001
   2.1027498060E+001   2.2279991704E-001
   2.1182112017E+001   2.0351141543E-001
   2.1336725973E+001   1.9289397819E-001
   2.1491339929E+001   1.8656680375E-001
   2.1645953886E+001   1.8237725658E-001
   2.1800567842E+001   1.7929113461E-001
   2.1955181798E+001   1.7683499703E-001
   2.2109795755E+001   1.7482667515E-001
   2.2264409711E+001   1.7323419031E-001
   2.2419023667E+001   1.7209326520E-001
   2.2573637624E+001   1.7145547494E-001
   2.2728251580E+001   1.7135678893E-001
   2.2882865536E+001   1.7180277077E-001
   2.3037479493E+001   1.7276666606E-001
   2.3192093449E+001   1.7419950792E-001
   2.3346707405E+001   1.7605564558E-001
   2.3501321362E+001   1.7833719224E-001
   2.3655935318E+001   1.8116433559E-001
   2.3810549274E+001   1.8489200233E-001
   2.3965163231E+001   1.9032431880E-001
   2.4119777187E+001   1.9915112906E-001
   2.4274391143E+001   2.1484153952E-001
   2.4429005100E+001   2.4425724526E-001
   2.4583619056E+001   3.0001185189E-001
   2.4738233012E+001   4.0383814471E-001
   2.4892846969E+001   5.9499910453E-001
   2.5047460925E+001   9.4869974717E-001
   2.5202074881E+001   1.5555261866E+000
   2.5356688838E+001   2.3081987418E+000
   2.5511302794E+001   2.6856749327E+000
   2.5665916750E+001   2.3081960119E+000
   2.5820530707E+001   1.5555206938E+000
   2.5975144663E+001   9.4869142671E-001
   2.6129758619E+001   5.9498786261E-001
   2.6284372576E+001   4.0382386049E-001
   2.6438986532E+001   2.9999437905E-001
   2.6593600488E+001   2.4423641267E-001
   2.6748214445E+001   2.1481715162E-001
   2.6902828401E+001   1.9912296637E-001
   2.7057442357E+001   1.9029213881E-001
   2.7212056314E+001   1.8485554088E-001
   2.7366670270E+001   1.8112330862E-001
   2.7521284226E+001   1.7829129782E-001
   2.7675898183E+001   1.7600456620E-001
   2.7830512139E+001   1.7414291300E-001
   2.7985126095E+001   1.7270421484E-001
   2.8139740052E+001   1.7173411532E-001
   2.8294354008E+001   1.7128157736E-001
   2.8448967964E+001   1.7137335443E-001
   2.8603581920E+001   1.7200388481E-001
   2.8758195877E+001   1.7313720303E-001
   2.8912809833E+001   1.7472173893E-001
   2.9067423789E+001   1.7672177435E-001
   2.9222037746E+001   1.7916929009E-001
   2.9376651702E+001   1.8224645232E-001
   2.9531265658E+001   1.8642669157E-001
   2.9685879615E+001   1.9274418756E-001
   2.9840493571E+001   2.0335153512E-001
   2.9995107527E+001   2.2262946898E-001
   3.0149721484E+001   2.5906343405E-001
   3.0304335440E+001   3.2783231848E-001
   3.0458949396E+001   4.5507942611E-001
   3.0613563353E+001   6.8981332672E-001
   3.0768177309E+001   1.1205964111E+000
   3.0922791265E+001   1.8082139597E+000
   3.1077405222E+001   2.5075688967E+000
   3.1232019178E+001   2.6394810250E+000
   3.1386633134E+001   2.0664330389E+000
   3.1541247091E+001   1.3236262219E+000
   3.1695861047E+001   8.0631703480E-001
   3.1850475003E+001   5.1789252053E-001
   3.2005088960E+001   3.6199494503E-001
   3.2159702916E+001   2.7739929002E-001
   3.2314316872E+001   2.3229469272E-001
   3.2468930829E+001   2.0851340647E-001
   3.2623544785E+001   1.9566040404E-001
   3.2778158741E+001   1.8823374580E-001
   3.2932772698E+001   1.8349699573E-001
   3.3087386654E+001   1.8012627706E-001
   3.3242000610E+001   1.7750098842E-001
   3.3396614567E+001   1.7536182322E-001
   3.3551228523E+001   1.7363797423E-001
   3.3705842479E+001   1.7234953381E-001
   3.3860456436E+001   1.7154719155E-001
