   0.000          1.64752018          1.64752018          1.12498987          1.12498987          1.12498987
   0.054          1.64717162          1.64717162          1.12498987          1.12498987          1.12498987
   0.108          1.64623475          1.64623475          1.12659645          1.12659645          1.12659645
   0.161          1.64451075          1.64451075          1.12990022          1.12990022          1.12990022
   0.215          1.64031541          1.64031541          1.13503468          1.13503468          1.13503468
   0.269          1.62957704          1.62957704          1.14210582          1.14210582          1.14210582
   0.323          1.60612631          1.60612631          1.15112925          1.15112925          1.15112925
   0.376          1.56340873          1.56340873          1.16200280          1.16200280          1.16200280
   0.430          1.49698257          1.49698257          1.17451966          1.17451966          1.17451966
   0.484          1.40657890          1.40657890          1.18840778          1.18840778          1.18840778
   0.538          1.29668605          1.29668605          1.20337117          1.20337117          1.20337117
   0.591          1.17542493          1.17542493          1.21910846          1.21910846          1.21910846
   0.645          1.05234563          1.05234563          1.23529994          1.23529994          1.23529994
   0.699          0.93617892          0.93617892          1.25157118          1.25157118          1.25157118
   0.753          0.83336353          0.83336353          1.26745772          1.26745772          1.26745772
   0.807          0.74761540          0.74761540          1.28239524          1.28239524          1.28239524
   0.860          0.68031871          0.68031871          1.29574966          1.29574966          1.29574966
   0.914          0.63133126          0.63133126          1.30687892          1.30687892          1.30687892
   0.968          0.59979761          0.59979761          1.31520700          1.31520700          1.31520700
   1.022          0.58483237          0.58483237          1.32028782          1.32028782          1.32028782
   1.075          0.58592129          0.58592129          1.32184637          1.32184637          1.32184637
   1.129          0.60310543          0.60310543          1.31979811          1.31979811          1.31979811
   1.183          0.63696152          0.63696152          1.31425416          1.31425416          1.31425416
   1.237          0.68840337          0.68840337          1.30551445          1.30551445          1.30551445
   1.290          0.75823259          0.75823259          1.29404569          1.29404569          1.29404569
   1.344          0.84643447          0.84643447          1.28043699          1.28043699          1.28043699
   1.398          0.95134872          0.95134872          1.26533365          1.26533365          1.26533365
   1.452          1.06889725          1.06889725          1.24936354          1.24936354          1.24936354
   1.506          1.19228065          1.19228065          1.23307812          1.23307812          1.23307812
   1.559          1.31254756          1.31254756          1.21692824          1.21692824          1.21692824
   1.613          1.42020035          1.42020035          1.20127833          1.20127833          1.20127833
   1.667          1.50749719          1.50749719          1.18644392          1.18644392          1.18644392
   1.721          1.57056713          1.57056713          1.17272556          1.17272556          1.17272556
   1.774          1.61032283          1.61032283          1.16041780          1.16041780          1.16041780
   1.828          1.63163841          1.63163841          1.14978623          1.14978623          1.14978623
   1.882          1.64115572          1.64115572          1.14102578          1.14102578          1.14102578
   1.936          1.64483106          1.64483106          1.13422215          1.13422215          1.13422215
   1.989          1.64639425          1.64639425          1.12934494          1.12934494          1.12934494
   2.043          1.64725709          1.64725709          1.12628019          1.12628019          1.12628019
   2.097          1.64751351          1.64751351          1.12489629          1.12489629          1.12489629
   2.151          1.64707494          1.64707494          1.12511313          1.12511313          1.12511313
   2.205          1.64606178          1.64606178          1.12694418          1.12694418          1.12694418
   2.258          1.64414811          1.64414811          1.13048959          1.13048959          1.13048959
   2.312          1.63935757          1.63935757          1.13588345          1.13588345          1.13588345
   2.366          1.62728107          1.62728107          1.14322233          1.14322233          1.14322233
   2.420          1.60156822          1.60156822          1.15250671          1.15250671          1.15250671
   2.473          1.55580246          1.55580246          1.16361845          1.16361845          1.16361845
   2.527          1.48601437          1.48601437          1.17633927          1.17633927          1.17633927
   2.581          1.39258957          1.39258957          1.19039154          1.19039154          1.19039154
   2.635          1.28061044          1.28061044          1.20547843          1.20547843          1.20547843
   2.688          1.15853631          1.15853631          1.22129726          1.22129726          1.22129726
   2.742          1.03592658          1.03592658          1.23752332          1.23752332          1.23752332
   2.796          0.92126119          0.92126119          1.25377178          1.25377178          1.25377178
   2.850          0.82061356          0.82061356          1.26956415          1.26956415          1.26956415
   2.904          0.73734301          0.73734301          1.28432405          1.28432405          1.28432405
   2.957          0.67257547          0.67257547          1.29741216          1.29741216          1.29741216
   3.011          0.62602550          0.62602550          1.30819094          1.30819094          1.30819094
   3.065          0.59679759          0.59679759          1.31609905          1.31609905          1.31609905
   3.119          0.58404082          0.58404082          1.32071161          1.32071161          1.32071161
   3.172          0.58730912          0.58730912          1.32177889          1.32177889          1.32177889
   3.226          0.60672224          0.60672224          1.31924319          1.31924319          1.31924319
   3.280          0.64291906          0.64291906          1.31324172          1.31324172          1.31324172
   3.334          0.69683087          0.69683087          1.30409908          1.30409908          1.30409908
   3.388          0.76919448          0.76919448          1.29230177          1.29230177          1.29230177
   3.441          0.85982001          0.85982001          1.27845097          1.27845097          1.27845097
   3.495          0.96675777          0.96675777          1.26319373          1.26319373          1.26319373
   3.549          1.08556151          1.08556151          1.24715030          1.24715030          1.24715030
   3.603          1.20907986          1.20907986          1.23085892          1.23085892          1.23085892
   3.656          1.32817197          1.32817197          1.21475732          1.21475732          1.21475732
   3.710          1.43343747          1.43343747          1.19920051          1.19920051          1.19920051
   3.764          1.51755381          1.51755381          1.18450058          1.18450058          1.18450058
   3.818          1.57728624          1.57728624          1.17095733          1.17095733          1.17095733
   3.871          1.61417437          1.61417437          1.15886331          1.15886331          1.15886331
   3.925          1.63348162          1.63348162          1.14847732          1.14847732          1.14847732
   3.979          1.64189100          1.64189100          1.13998091          1.13998091          1.13998091
   4.033          1.64511561          1.64511561          1.13344371          1.13344371          1.13344371
   4.087          1.64654338          1.64654338          1.12882090          1.12882090          1.12882090
   4.140          1.64733207          1.64733207          1.12599206          1.12599206          1.12599206
   4.194          1.64749300          1.64749300          1.12482858          1.12482858          1.12482858
   4.248          1.64696801          1.64696801          1.12526178          1.12526178          1.12526178
   4.302          1.64587593          1.64587593          1.12731850          1.12731850          1.12731850
   4.355          1.64373624          1.64373624          1.13110709          1.13110709          1.13110709
   4.409          1.63826632          1.63826632          1.13676107          1.13676107          1.13676107
   4.463          1.62473094          1.62473094          1.14436662          1.14436662          1.14436662
   4.517          1.59663272          1.59663272          1.15390813          1.15390813          1.15390813
   4.570          1.54774249          1.54774249          1.16525197          1.16525197          1.16525197
   4.624          1.47459912          1.47459912          1.17816913          1.17816913          1.17816913
   4.678          1.37824881          1.37824881          1.19237721          1.19237721          1.19237721
   4.732          1.26434600          1.26434600          1.20757830          1.20757830          1.20757830
   4.786          1.14163995          1.14163995          1.22346854          1.22346854          1.22346854
   4.839          1.01965857          1.01965857          1.23971725          1.23971725          1.23971725
   4.893          0.90660888          0.90660888          1.25592840          1.25592840          1.25592840
   4.947          0.80819041          0.80819041          1.27160966          1.27160966          1.27160966
   5.001          0.72741717          0.72741717          1.28617322          1.28617322          1.28617322
   5.054          0.66517192          0.66517192          1.29897571          1.29897571          1.29897571
   5.108          0.62104177          0.62104177          1.30938601          1.30938601          1.30938601
   5.162          0.59410316          0.59410316          1.31685817          1.31685817          1.31685817
   5.216          0.58354592          0.58354592          1.32098985          1.32098985          1.32098985
   5.269          0.58899432          0.58899432          1.32155681          1.32155681          1.32155681
   5.323          0.61064798          0.61064798          1.31852794          1.31852794          1.31852794
   5.377          0.64920086          0.64920086          1.31206715          1.31206715          1.31206715
   5.431          0.70559525          0.70559525          1.30252278          1.30252278          1.30252278
   5.485          0.78048682          0.78048682          1.29040062          1.29040062          1.29040062
   5.538          0.87349671          0.87349671          1.27631247          1.27631247          1.27631247
   5.592          0.98237139          0.98237139          1.26090574          1.26090574          1.26090574
   5.646          1.10229039          1.10229039          1.24479246          1.24479246          1.24479246
   5.700          1.22576690          1.22576690          1.22849703          1.22849703          1.22849703
   5.753          1.34350061          1.34350061          1.21244442          1.21244442          1.21244442
   5.807          1.44623435          1.44623435          1.19698155          1.19698155          1.19698155
   5.861          1.52710605          1.52710605          1.18241751          1.18241751          1.18241751
   5.915          1.58352661          1.58352661          1.16905200          1.16905200          1.16905200
   5.968          1.61764395          1.61764395          1.15717578          1.15717578          1.15717578
   6.022          1.63506424          1.63506424          1.14704013          1.14704013          1.14704013
   6.076          1.64246416          1.64246416          1.13881350          1.13881350          1.13881350
   6.130          1.64528847          1.64528847          1.13254988          1.13254988          1.13254988
   6.184          1.64658165          1.64658165          1.12819123          1.12819123          1.12819123
   6.237          1.64727139          1.64727139          1.12561166          1.12561166          1.12561166
   6.291          1.64730656          1.64730656          1.12468684          1.12468684          1.12468684
   6.345          1.64666426          1.64666426          1.12535846          1.12535846          1.12535846
   6.399          1.64544606          1.64544606          1.12766492          1.12766492          1.12766492
   6.452          1.64299762          1.64299762          1.13172019          1.13172019          1.13172019
   6.506          1.63671672          1.63671672          1.13765347          1.13765347          1.13765347
   6.560          1.62155342          1.62155342          1.14553869          1.14553869          1.14553869
   6.614          1.59090948          1.59090948          1.15534377          1.15534377          1.15534377
   6.667          1.53879094          1.53879094          1.16692090          1.16692090          1.16692090
   6.721          1.46228099          1.46228099          1.18003201          1.18003201          1.18003201
   6.775          1.36309004          1.36309004          1.19439220          1.19439220          1.19439220
   6.829          1.24741209          1.24741209          1.20970333          1.20970333          1.20970333
   6.883          1.12424409          1.12424409          1.22565949          1.22565949          1.22565949
   6.936          1.00304210          1.00304210          1.24192262          1.24192262          1.24192262
   6.990          0.89171618          0.89171618          1.25808311          1.25808311          1.25808311
   7.044          0.79558784          0.79558784          1.27363324          1.27363324          1.27363324
   7.098          0.71733683          0.71733683          1.28797317          1.28797317          1.28797317
   7.151          0.65761864          0.65761864          1.30045664          1.30045664          1.30045664
   7.205          0.61590672          0.61590672          1.31046021          1.31046021          1.31046021
   7.259          0.59126192          0.59126192          1.31745577          1.31745577          1.31745577
   7.313          0.58291900          0.58291900          1.32106531          1.32106531          1.32106531
   7.366          0.59057885          0.59057885          1.32109237          1.32109237          1.32109237
   7.420          0.61451948          0.61451948          1.31753433          1.31753433          1.31753433
   7.474          0.65549278          0.65549278          1.31058300          1.31058300          1.31058300
   7.528          0.71444541          0.71444541          1.30061197          1.30061197          1.30061197
   7.582          0.79194456          0.79194456          1.28814662          1.28814662          1.28814662
   7.635          0.88741297          0.88741297          1.27380919          1.27380919          1.27380919
   7.689          0.99828601          0.99828601          1.25824785          1.25824785          1.25824785
   7.743          1.11937165          1.11937165          1.24206531          1.24206531          1.24206531
   7.797          1.24285972          1.24285972          1.22577322          1.22577322          1.22577322
   7.850          1.35931516          1.35931516          1.20978391          1.20978391          1.20978391
   7.904          1.45964205          1.45964205          1.19443727          1.19443727          1.19443727
   7.958          1.53743804          1.53743804          1.18003964          1.18003964          1.18003964
   8.012          1.59073031          1.59073031          1.16689003          1.16689003          1.16689003
   8.065          1.62221563          1.62221563          1.15527558          1.15527558          1.15527558
   8.119          1.63778341          1.63778341          1.14543808          1.14543808          1.14543808
   8.173          1.64407718          1.64407718          1.13753009          1.13753009          1.13753009
   8.227          1.64628828          1.64628828          1.13158679          1.13158679          1.13158679
   8.281          1.64718580          1.64718580          1.12753391          1.12753391          1.12753391
   8.334          1.64754426          1.64754426          1.12523663          1.12523663          1.12523663
   8.388          1.64730263          1.64730263          1.12456965          1.12456965          1.12456965
   8.442          1.64647126          1.64647126          1.12547994          1.12547994          1.12547994
   8.496          1.64508426          1.64508426          1.12801099          1.12801099          1.12801099
   8.549          1.64223647          1.64223647          1.13227713          1.13227713          1.13227713
   8.603          1.63493967          1.63493967          1.13840151          1.13840151          1.13840151
   8.657          1.61781752          1.61781752          1.14644718          1.14644718          1.14644718
   8.711          1.58420205          1.58420205          1.15637255          1.15637255          1.15637255
   8.765          1.52840865          1.52840865          1.16802490          1.16802490          1.16802490
   8.818          1.44814265          1.44814265          1.18116879          1.18116879          1.18116879
   8.872          1.34582496          1.34582496          1.19552648          1.19552648          1.19552648
   8.926          1.22820234          1.22820234          1.21080637          1.21080637          1.21080637
   8.980          1.10450685          1.10450685          1.22670186          1.22670186          1.22670186
   9.033          0.98409802          0.98409802          1.24286366          1.24286366          1.24286366
   9.087          0.87457645          0.87457645          1.25886059          1.25886059          1.25886059
   9.141          0.78088099          0.78088099          1.27415800          1.27415800          1.27415800
   9.195          0.70536005          0.70536005          1.28813076          1.28813076          1.28813076
   9.248          0.64844775          0.64844775          1.30011463          1.30011463          1.30011463
   9.302          0.60951197          0.60951197          1.30947852          1.30947852          1.30947852
   9.356          0.58759880          0.58759880          1.31569541          1.31569541          1.31569541
   9.410          0.58196378          0.58196378          1.31839406          1.31839406          1.31839406
   9.464          0.59236890          0.59236890          1.31738698          1.31738698          1.31738698
   9.517          0.61915278          0.61915278          1.31268013          1.31268013          1.31268013
   9.571          0.66310084          0.66310084          1.30447137          1.30447137          1.30447137
   9.625          0.72513163          0.72513163          1.29313612          1.29313612          1.29313612
   9.679          0.80569702          0.80569702          1.27919257          1.27919257          1.27919257
   9.732          0.90398270          0.90398270          1.26324451          1.26324451          1.26324451
   9.786          1.01706457          1.01706457          1.24590683          1.24590683          1.24590683
   9.840          1.13933396          1.13933396          1.22773480          1.22773480          1.22773480
   9.894          1.26262331          1.26262331          1.20917881          1.20917881          1.20917881
   9.947          1.37733948          1.37733948          1.19057655          1.19057655          1.19057655
  10.001          1.47452688          1.47452688          1.17217636          1.17217636          1.17217636
  10.055          1.54821992          1.54821992          1.15416896          1.15416896          1.15416896
  10.109          1.59704983          1.59704983          1.13670778          1.13670778          1.13670778
  10.163          1.62426889          1.62426889          1.11990428          1.11990428          1.11990428
  10.216          1.63612258          1.63612258          1.10380995          1.10380995          1.10380995
  10.270          1.63936913          1.63936913          1.08840585          1.08840585          1.08840585
  10.324          1.63917005          1.63917005          1.07362056          1.07362056          1.07362056
  10.378          1.63826323          1.63826323          1.05938268          1.05938268          1.05938268
  10.431          1.63746679          1.63746679          1.04568982          1.04568982          1.04568982
  10.485          1.63679624          1.63679624          1.03266120          1.03266120          1.03266120
  10.539          1.63623178          1.63623178          1.02054465          1.02054465          1.02054465
  10.593          1.63552773          1.63552773          1.00966811          1.00966811          1.00966811
  10.646          1.63321900          1.63321900          1.00035560          1.00035560          1.00035560
  10.700          1.62561584          1.62561584          0.99284208          0.99284208          0.99284208
  10.754          1.60672522          1.60672522          0.98722154          0.98722154          0.98722154
  10.808          1.56961262          1.56961262          0.98343956          0.98343956          0.98343956
  10.862          1.50877666          1.50877666          0.98132229          0.98132229          0.98132229
  10.915          1.42246056          1.42246056          0.98061836          0.98061836          0.98061836
  10.969          1.31373358          1.31373358          0.98103333          0.98103333          0.98103333
  11.023          1.18982673          1.18982673          0.98224461          0.98224461          0.98224461
  11.077          1.06012869          1.06012869          0.98390144          0.98390144          0.98390144
  11.130          0.93382949          0.93382949          0.98562074          0.98562074          0.98562074
  11.184          0.81813180          0.81813180          0.98699039          0.98699039          0.98699039
  11.238          0.71750498          0.71750498          0.98758537          0.98758537          0.98758537
  11.292          0.63385648          0.63385648          0.98699152          0.98699152          0.98699152
  11.345          0.56725466          0.56725466          0.98482871          0.98482871          0.98482871
  11.399          0.51676089          0.51676089          0.98076606          0.98076606          0.98076606
  11.453          0.48111990          0.48111990          0.97452986          0.97452986          0.97452986
  11.507          0.45920527          0.45920527          0.96591055          0.96591055          0.96591055
  11.561          0.45019934          0.45019934          0.95477712          0.95477712          0.95477712
  11.614          0.45353755          0.45353755          0.94110072          0.94110072          0.94110072
  11.668          0.46867007          0.46867007          0.92498064          0.92498064          0.92498064
  11.722          0.49471632          0.49471632          0.90665889          0.90665889          0.90665889
  11.776          0.53002918          0.53002918          0.88650709          0.88650709          0.88650709
  11.829          0.57187814          0.57187814          0.86497957          0.86497957          0.86497957
  11.883          0.61643565          0.61643565          0.84254366          0.84254366          0.84254366
  11.937          0.65922081          0.65922081          0.81960815          0.81960815          0.81960815
  11.991          0.69597709          0.69597709          0.79647726          0.79647726          0.79647726
  12.044          0.72371554          0.72371554          0.77334070          0.77334070          0.77334070
  12.098          0.74146998          0.74146998          0.75029534          0.75029534          0.75029534
  12.152          0.75036979          0.75036979          0.72737950          0.72737950          0.72737950
  12.206          0.75295115          0.75295115          0.70460016          0.70460016          0.70460016
  12.260          0.75204951          0.75204951          0.68194520          0.68194520          0.68194520
  12.313          0.74982232          0.74982232          0.65938783          0.65938783          0.65938783
  12.367          0.74733675          0.74733675          0.63689727          0.63689727          0.63689727
  12.421          0.74479073          0.74479073          0.61446619          0.61446619          0.61446619
  12.475          0.74205309          0.74205309          0.59215212          0.59215212          0.59215212
  12.528          0.73906952          0.73906952          0.57011622          0.57011622          0.57011622
  12.582          0.73583043          0.73583043          0.54863673          0.54863673          0.54863673
  12.636          0.73191601          0.73191601          0.52808303          0.52808303          0.52808303
  12.690          0.72596973          0.72596973          0.50885344          0.50885344          0.50885344
  12.743          0.71555179          0.71555179          0.49129826          0.49129826          0.49129826
  12.797          0.69763321          0.69763321          0.47565427          0.47565427          0.47565427
  12.851          0.66962242          0.66962242          0.46201155          0.46201155          0.46201155
  12.905          0.63044703          0.63044703          0.45031509          0.45031509          0.45031509
  12.959          0.58114415          0.58114415          0.44039291          0.44039291          0.44039291
  13.012          0.52468145          0.52468145          0.43199489          0.43199489          0.43199489
  13.066          0.46512401          0.46512401          0.42482981          0.42482981          0.42482981
  13.120          0.40657851          0.40657851          0.41859517          0.41859517          0.41859517
  13.174          0.35234690          0.35234690          0.41299778          0.41299778          0.41299778
  13.227          0.30452657          0.30452657          0.40776640          0.40776640          0.40776640
  13.281          0.26404220          0.26404220          0.40265745          0.40265745          0.40265745
  13.335          0.23093867          0.23093867          0.39745507          0.39745507          0.39745507
  13.389          0.20474960          0.20474960          0.39196801          0.39196801          0.39196801
  13.442          0.18480851          0.18480851          0.38602695          0.38602695          0.38602695
  13.496          0.17046139          0.17046139          0.37948495          0.37948495          0.37948495
  13.550          0.16114861          0.16114861          0.37222484          0.37222484          0.37222484
  13.604          0.15639712          0.15639712          0.36417225          0.36417225          0.36417225
  13.658          0.15574598          0.15574598          0.35531047          0.35531047          0.35531047
  13.711          0.15862882          0.15862882          0.34568959          0.34568959          0.34568959
  13.765          0.16426744          0.16426744          0.33542284          0.33542284          0.33542284
  13.819          0.17165090          0.17165090          0.32466719          0.32466719          0.32466719
  13.873          0.17958803          0.17958803          0.31359237          0.31359237          0.31359237
  13.926          0.18687931          0.18687931          0.30234873          0.30234873          0.30234873
  13.980          0.19256000          0.19256000          0.29104590          0.29104590          0.29104590
  14.034          0.19613080          0.19613080          0.27974835          0.27974835          0.27974835
  14.088          0.19762948          0.19762948          0.26848665          0.26848665          0.26848665
  14.141          0.19751607          0.19751607          0.25727460          0.25727460          0.25727460
  14.195          0.19642793          0.19642793          0.24612343          0.24612343          0.24612343
  14.249          0.19492608          0.19492608          0.23504727          0.23504727          0.23504727
  14.303          0.19333845          0.19333845          0.22406244          0.22406244          0.22406244
  14.357          0.19176799          0.19176799          0.21318734          0.21318734          0.21318734
  14.410          0.19020064          0.19020064          0.20244949          0.20244949          0.20244949
  14.464          0.18861338          0.18861338          0.19190077          0.19190077          0.19190077
  14.518          0.18699354          0.18699354          0.18163466          0.18163466          0.18163466
  14.572          0.18525514          0.18525514          0.17179517          0.17179517          0.17179517
  14.625          0.18311413          0.18311413          0.16256875          0.16256875          0.16256875
  14.679          0.18003030          0.18003030          0.15415785          0.15415785          0.15415785
  14.733          0.17529161          0.17529161          0.14674394          0.14674394          0.14674394
  14.787          0.16823797          0.16823797          0.14045225          0.14045225          0.14045225
  14.841          0.15852761          0.15852761          0.13533027          0.13533027          0.13533027
  14.894          0.14631213          0.14631213          0.13134469          0.13134469          0.13134469
  14.948          0.13223284          0.13223284          0.12839544          0.12839544          0.12839544
  15.002          0.11724593          0.11724593          0.12633982          0.12633982          0.12633982
  15.056          0.10236621          0.10236621          0.12501863          0.12501863          0.12501863
  15.109          0.08844139          0.08844139          0.12427741          0.12427741          0.12427741
  15.163          0.07602871          0.07602871          0.12397916          0.12397916          0.12397916
  15.217          0.06538169          0.06538169          0.12400831          0.12400831          0.12400831
  15.271          0.05651251          0.05651251          0.12426805          0.12426805          0.12426805
  15.324          0.04928245          0.04928245          0.12467548          0.12467548          0.12467548
  15.378          0.04348516          0.04348516          0.12515716          0.12515716          0.12515716
  15.432          0.03890510          0.03890510          0.12564729          0.12564729          0.12564729
  15.486          0.03535370          0.03535370          0.12608850          0.12608850          0.12608850
  15.540          0.03268123          0.03268123          0.12643370          0.12643370          0.12643370
  15.593          0.03077767          0.03077767          0.12664691          0.12664691          0.12664691
  15.647          0.02956846          0.02956846          0.12670252          0.12670252          0.12670252
  15.701          0.02900747          0.02900747          0.12658262          0.12658262          0.12658262
  15.755          0.02907193          0.02907193          0.12627392          0.12627392          0.12627392
  15.808          0.02976587          0.02976587          0.12576471          0.12576471          0.12576471
  15.862          0.03111672          0.03111672          0.12504390          0.12504390          0.12504390
  15.916          0.03317889          0.03317889          0.12410238          0.12410238          0.12410238
  15.970          0.03604002          0.03604002          0.12293600          0.12293600          0.12293600
  16.023          0.03982364          0.03982364          0.12154836          0.12154836          0.12154836
  16.077          0.04469419          0.04469419          0.11995272          0.11995272          0.11995272
  16.131          0.05085223          0.05085223          0.11817104          0.11817104          0.11817104
  16.185          0.05852055          0.05852055          0.11623096          0.11623096          0.11623096
  16.239          0.06790550          0.06790550          0.11416162          0.11416162          0.11416162
  16.292          0.07913106          0.07913106          0.11199066          0.11199066          0.11199066
  16.346          0.09215008          0.09215008          0.10974390          0.10974390          0.10974390
  16.400          0.10665321          0.10665321          0.10744800          0.10744800          0.10744800
  16.454          0.12201396          0.12201396          0.10513476          0.10513476          0.10513476
  16.507          0.13731712          0.13731712          0.10284432          0.10284432          0.10284432
  16.561          0.15150118          0.15150118          0.10062509          0.10062509          0.10062509
  16.615          0.16359468          0.16359468          0.09852933          0.09852933          0.09852933
  16.669          0.17296718          0.17296718          0.09660584          0.09660584          0.09660584
  16.722          0.17948611          0.17948611          0.09489254          0.09489254          0.09489254
  16.776          0.18350029          0.18350029          0.09341160          0.09341160          0.09341160
  16.830          0.18566167          0.18566167          0.09216834          0.09216834          0.09216834
  16.884          0.18667389          0.18667389          0.09115353          0.09115353          0.09115353
  16.938          0.18708539          0.18708539          0.09034800          0.09034800          0.09034800
  16.991          0.18722425          0.18722425          0.08972702          0.08972702          0.08972702
  17.045          0.18722473          0.18722473          0.08926392          0.08926392          0.08926392
  17.099          0.18711449          0.18711449          0.08893241          0.08893241          0.08893241
  17.153          0.18686603          0.18686603          0.08870758          0.08870758          0.08870758
  17.206          0.18635958          0.18635958          0.08856659          0.08856659          0.08856659
  17.260          0.18529685          0.18529685          0.08848867          0.08848867          0.08848867
  17.314          0.18314646          0.18314646          0.08845509          0.08845509          0.08845509
  17.368          0.17920627          0.17920627          0.08844911          0.08844911          0.08844911
  17.421          0.17280294          0.17280294          0.08845627          0.08845627          0.08845627
  17.475          0.16354136          0.16354136          0.08846429          0.08846429          0.08846429
  17.529          0.15149812          0.15149812          0.08846290          0.08846290          0.08846290
  17.583          0.13725872          0.13725872          0.08844333          0.08844333          0.08844333
  17.637          0.12177882          0.12177882          0.08839762          0.08839762          0.08839762
  17.690          0.10611793          0.10611793          0.08831787          0.08831787          0.08831787
  17.744          0.09121673          0.09121673          0.08819509          0.08819509          0.08819509
  17.798          0.07774059          0.07774059          0.08801807          0.08801807          0.08801807
  17.852          0.06603549          0.06603549          0.08777224          0.08777224          0.08777224
  17.905          0.05617574          0.05617574          0.08743858          0.08743858          0.08743858
  17.959          0.04805236          0.04805236          0.08699308          0.08699308          0.08699308
  18.013          0.04146236          0.04146236          0.08640687          0.08640687          0.08640687
  18.067          0.03617687          0.03617687          0.08564764          0.08564764          0.08564764
  18.120          0.03198270          0.03198270          0.08468266          0.08468266          0.08468266
  18.174          0.02870342          0.02870342          0.08348375          0.08348375          0.08348375
  18.228          0.02620744          0.02620744          0.08203279          0.08203279          0.08203279
  18.282          0.02439911          0.02439911          0.08032680          0.08032680          0.08032680
  18.336          0.02320864          0.02320864          0.07838069          0.07838069          0.07838069
  18.389          0.02258126          0.02258126          0.07622633          0.07622633          0.07622633
  18.443          0.02246632          0.02246632          0.07390726          0.07390726          0.07390726
  18.497          0.02279725          0.02279725          0.07147088          0.07147088          0.07147088
  18.551          0.02349379          0.02349379          0.06896067          0.06896067          0.06896067
  18.604          0.02447457          0.02447457          0.06641126          0.06641126          0.06641126
  18.658          0.02563895          0.02563895          0.06384753          0.06384753          0.06384753
  18.712          0.02687434          0.02687434          0.06128684          0.06128684          0.06128684
  18.766          0.02806536          0.02806536          0.05874222          0.05874222          0.05874222
  18.819          0.02909628          0.02909628          0.05622547          0.05622547          0.05622547
  18.873          0.02988129          0.02988129          0.05374903          0.05374903          0.05374903
  18.927          0.03036698          0.03036698          0.05132725          0.05132725          0.05132725
  18.981          0.03053221          0.03053221          0.04897837          0.04897837          0.04897837
  19.035          0.03039523          0.03039523          0.04672805          0.04672805          0.04672805
  19.088          0.03002622          0.03002622          0.04461355          0.04461355          0.04461355
  19.142          0.02952103          0.02952103          0.04268667          0.04268667          0.04268667
  19.196          0.02898348          0.02898348          0.04101296          0.04101296          0.04101296
  19.250          0.02851289          0.02851289          0.03966588          0.03966588          0.03966588
  19.303          0.02819172          0.02819172          0.03871668          0.03871668          0.03871668
  19.357          0.02807475          0.02807475          0.03822219          0.03822219          0.03822219
  19.411          0.02818172          0.02818172          0.03821409          0.03821409          0.03821409
  19.465          0.02849476          0.02849476          0.03869292          0.03869292          0.03869292
  19.518          0.02896071          0.02896071          0.03962797          0.03962797          0.03962797
  19.572          0.02949828          0.02949828          0.04096306          0.04096306          0.04096306
  19.626          0.03000867          0.03000867          0.04262726          0.04262726          0.04262726
  19.680          0.03038802          0.03038802          0.04454697          0.04454697          0.04454697
  19.734          0.03053975          0.03053975          0.04665628          0.04665628          0.04665628
  19.787          0.03039160          0.03039160          0.04890290          0.04890290          0.04890290
  19.841          0.02992289          0.02992289          0.05124909          0.05124909          0.05124909
  19.895          0.02915299          0.02915299          0.05366892          0.05366892          0.05366892
  19.949          0.02813390          0.02813390          0.05614395          0.05614395          0.05614395
  20.002          0.02694971          0.02694971          0.05865975          0.05865975          0.05865975
  20.056          0.02571566          0.02571566          0.06120387          0.06120387          0.06120387
  20.110          0.02454711          0.02454711          0.06376450          0.06376450          0.06376450
  20.164          0.02355712          0.02355712          0.06632872          0.06632872          0.06632872
  20.218          0.02284718          0.02284718          0.06887935          0.06887935          0.06887935
  20.271          0.02249967          0.02249967          0.07139181          0.07139181          0.07139181
  20.325          0.02259496          0.02259496          0.07383180          0.07383180          0.07383180
  20.379          0.02320102          0.02320102          0.07615604          0.07615604          0.07615604
  20.433          0.02436876          0.02436876          0.07831713          0.07831713          0.07831713
  20.486          0.02615280          0.02615280          0.08027124          0.08027124          0.08027124
  20.540          0.02862227          0.02862227          0.08198597          0.08198597          0.08198597
  20.594          0.03187182          0.03187182          0.08344579          0.08344579          0.08344579
  20.648          0.03603153          0.03603153          0.08465312          0.08465312          0.08465312
  20.701          0.04127628          0.04127628          0.08562562          0.08562562          0.08562562
  20.755          0.04781823          0.04781823          0.08639123          0.08639123          0.08639123
  20.809          0.05588630          0.05588630          0.08698264          0.08698264          0.08698264
  20.863          0.06568521          0.06568521          0.08743223          0.08743223          0.08743223
  20.917          0.07732841          0.07732841          0.08776905          0.08776905          0.08776905
  20.970          0.09074917          0.09074917          0.08801733          0.08801733          0.08801733
  21.024          0.10561151          0.10561151          0.08819624          0.08819624          0.08819624
  21.078          0.12126064          0.12126064          0.08832053          0.08832053          0.08832053
  21.132          0.13676284          0.13676284          0.08840149          0.08840149          0.08840149
  21.185          0.15105961          0.15105961          0.08844816          0.08844816          0.08844816
  21.239          0.16318694          0.16318694          0.08846847          0.08846847          0.08846847
  21.293          0.17254411          0.17254411          0.08847031          0.08847031          0.08847031
  21.347          0.17903726          0.17903726          0.08846241          0.08846241          0.08846241
  21.400          0.18304831          0.18304831          0.08845496          0.08845496          0.08845496
  21.454          0.18524539          0.18524539          0.08846011          0.08846011          0.08846011
  21.508          0.18633354          0.18633354          0.08849224          0.08849224          0.08849224
  21.562          0.18685162          0.18685162          0.08856798          0.08856798          0.08856798
  21.616          0.18710542          0.18710542          0.08870602          0.08870602          0.08870602
  21.669          0.18721898          0.18721898          0.08892703          0.08892703          0.08892703
  21.723          0.18722218          0.18722218          0.08925381          0.08925381          0.08925381
  21.777          0.18708925          0.18708925          0.08971119          0.08971119          0.08971119
  21.831          0.18669109          0.18669109          0.09032547          0.09032547          0.09032547
  21.884          0.18570678          0.18570678          0.09112336          0.09112336          0.09112336
  21.938          0.18359464          0.18359464          0.09212971          0.09212971          0.09212971
  21.992          0.17965356          0.17965356          0.09336402          0.09336402          0.09336402
  22.046          0.17322576          0.17322576          0.09483592          0.09483592          0.09483592
  22.099          0.16394858          0.16394858          0.09654074          0.09654074          0.09654074
  22.153          0.15193753          0.15193753          0.09845690          0.09845690          0.09845690
  22.207          0.13780828          0.13780828          0.10054699          0.10054699          0.10054699
  22.261          0.12252490          0.12252490          0.10276246          0.10276246          0.10276246
  22.315          0.10715008          0.10715008          0.10505104          0.10505104          0.10505104
  22.368          0.09260663          0.09260663          0.10736407          0.10736407          0.10736407
  22.422          0.07953177          0.07953177          0.10966107          0.10966107          0.10966107
  22.476          0.06824481          0.06824481          0.11190996          0.11190996          0.11190996
  22.530          0.05880015          0.05880015          0.11408397          0.11408397          0.11408397
  22.583          0.05107793          0.05107793          0.11615732          0.11615732          0.11615732
  22.637          0.04487328          0.04487328          0.11810244          0.11810244          0.11810244
  22.691          0.03996321          0.03996321          0.11989023          0.11989023          0.11989023
  22.745          0.03614607          0.03614607          0.12149297          0.12149297          0.12149297
  22.798          0.03325613          0.03325613          0.12288843          0.12288843          0.12288843
  22.852          0.03116855          0.03116855          0.12406313          0.12406313          0.12406313
  22.906          0.02979457          0.02979457          0.12501317          0.12501317          0.12501317
  22.960          0.02907870          0.02907870          0.12574257          0.12574257          0.12574257
  23.014          0.02899270          0.02899270          0.12626040          0.12626040          0.12626040
  23.067          0.02953172          0.02953172          0.12657779          0.12657779          0.12657779
  23.121          0.03071767          0.03071767          0.12670642          0.12670642          0.12670642
  23.175          0.03259577          0.03259577          0.12665956          0.12665956          0.12665956
  23.229          0.03523941          0.03523941          0.12645485          0.12645485          0.12645485
  23.282          0.03875724          0.03875724          0.12611765          0.12611765          0.12611765
  23.336          0.04329751          0.04329751          0.12568359          0.12568359          0.12568359
  23.390          0.04904757          0.04904757          0.12519945          0.12519945          0.12519945
  23.444          0.05622239          0.05622239          0.12472241          0.12472241          0.12472241
  23.497          0.06502965          0.06502965          0.12431817          0.12431817          0.12431817
  23.551          0.07561181          0.07561181          0.12406008          0.12406008          0.12406008
  23.605          0.08796384          0.08796384          0.12403096          0.12403096          0.12403096
  23.659          0.10184245          0.10184245          0.12432735          0.12432735          0.12432735
  23.713          0.11670192          0.11670192          0.12506446          0.12506446          0.12506446
  23.766          0.13170357          0.13170357          0.12637888          0.12637888          0.12637888
  23.820          0.14583527          0.14583527          0.12842478          0.12842478          0.12842478
  23.874          0.15813409          0.15813409          0.13136141          0.13136141          0.13136141
  23.928          0.16794308          0.16794308          0.13533193          0.13533193          0.13533193
  23.981          0.17509165          0.17509165          0.14043735          0.14043735          0.14043735
  24.035          0.17990592          0.17990592          0.14671215          0.14671215          0.14671215
  24.089          0.18303885          0.18303885          0.15411015          0.15411015          0.15411015
  24.143          0.18520549          0.18520549          0.16250713          0.16250713          0.16250713
  24.196          0.18695484          0.18695484          0.17172229          0.17172229          0.17172229
  24.250          0.18858027          0.18858027          0.18155327          0.18155327          0.18155327
  24.304          0.19017322          0.19017322          0.19181332          0.19181332          0.19181332
  24.358          0.19174710          0.19174710          0.20235787          0.20235787          0.20235787
  24.412          0.19332443          0.19332443          0.21309289          0.21309289          0.21309289
  24.465          0.19492106          0.19492106          0.22396612          0.22396612          0.22396612
  24.519          0.19644108          0.19644108          0.23494981          0.23494981          0.23494981
  24.573          0.19756581          0.19756581          0.24602544          0.24602544          0.24602544
  24.627          0.19774106          0.19774106          0.25717664          0.25717664          0.25717664
  24.680          0.19632842          0.19632842          0.26838920          0.26838920          0.26838920
  24.734          0.19285659          0.19285659          0.27965191          0.27965191          0.27965191
  24.788          0.18726994          0.18726994          0.29095095          0.29095095          0.29095095
  24.842          0.18004856          0.18004856          0.30225620          0.30225620          0.30225620
  24.895          0.17214406          0.17214406          0.31350356          0.31350356          0.31350356
  24.949          0.16475317          0.16475317          0.32458410          0.32458410          0.32458410
  25.003          0.15907165          0.15907165          0.33534786          0.33534786          0.33534786
  25.057          0.15612046          0.15612046          0.34562525          0.34562525          0.34562525
  25.111          0.15668854          0.15668854          0.35525909          0.35525909          0.35525909
  25.164          0.16135049          0.16135049          0.36413571          0.36413571          0.36413571
  25.218          0.17057194          0.17057194          0.37220436          0.37220436          0.37220436
  25.272          0.18482743          0.18482743          0.37948123          0.37948123          0.37948123
  25.326          0.20467585          0.20467585          0.38604018          0.38604018          0.38604018
  25.379          0.23076990          0.23076990          0.39199808          0.39199808          0.39199808
  25.433          0.26377589          0.26377589          0.39750150          0.39750150          0.39750150
  25.487          0.30416295          0.30416295          0.40271944          0.40271944          0.40271944
  25.541          0.35189292          0.35189292          0.40784264          0.40784264          0.40784264
  25.594          0.40605155          0.40605155          0.41308659          0.41308659          0.41308659
  25.648          0.46455485          0.46455485          0.41869450          0.41869450          0.41869450
  25.702          0.52411216          0.52411216          0.42493752          0.42493752          0.42493752
  25.756          0.58062220          0.58062220          0.43210903          0.43210903          0.43210903
  25.810          0.63001317          0.63001317          0.44051203          0.44051203          0.44051203
  25.863          0.66930223          0.66930223          0.45043817          0.45043817          0.45043817
  25.917          0.69742775          0.69742775          0.46213821          0.46213821          0.46213821
  25.971          0.71544302          0.71544302          0.47578448          0.47578448          0.47578448
  26.025          0.72592902          0.72592902          0.49143213          0.49143213          0.49143213
  26.078          0.73191452          0.73191452          0.50899130          0.50899130          0.50899130
  26.132          0.73585004          0.73585004          0.52822512          0.52822512          0.52822512
  26.186          0.73910224          0.73910224          0.54878348          0.54878348          0.54878348
  26.240          0.74209672          0.74209672          0.57026786          0.57026786          0.57026786
  26.294          0.74484497          0.74484497          0.59230864          0.59230864          0.59230864
  26.347          0.74739873          0.74739873          0.61462724          0.61462724          0.61462724
  26.401          0.74989104          0.74989104          0.63706195          0.63706195          0.63706195
  26.455          0.75213200          0.75213200          0.65955472          0.65955472          0.65955472
  26.509          0.75306690          0.75306690          0.68211269          0.68211269          0.68211269
  26.562          0.75054997          0.75054997          0.70476669          0.70476669          0.70476669
  26.616          0.74174964          0.74174964          0.72754395          0.72754395          0.72754395
  26.670          0.72411978          0.72411978          0.75045711          0.75045711          0.75045711
  26.724          0.69651055          0.69651055          0.77350003          0.77350003          0.77350003
  26.777          0.65986407          0.65986407          0.79663497          0.79663497          0.79663497
  26.831          0.61715001          0.61715001          0.81976533          0.81976533          0.81976533
  26.885          0.57261705          0.57261705          0.84270155          0.84270155          0.84270155
  26.939          0.53074920          0.53074920          0.86513954          0.86513954          0.86513954
  26.993          0.49538505          0.49538505          0.88667035          0.88667035          0.88667035
  27.046          0.46926919          0.46926919          0.90682662          0.90682662          0.90682662
  27.100          0.45406106          0.45406106          0.92515385          0.92515385          0.92515385
  27.154          0.45064941          0.45064941          0.94128060          0.94128060          0.94128060
  27.208          0.45958924          0.45958924          0.95496476          0.95496476          0.95496476
  27.261          0.48144695          0.48144695          0.96610713          0.96610713          0.96610713
  27.315          0.51704037          0.51704037          0.97473651          0.97473651          0.97473651
  27.369          0.56749630          0.56749630          0.98098373          0.98098373          0.98098373
  27.423          0.63406879          0.63406879          0.98505789          0.98505789          0.98505789
  27.476          0.71769744          0.71769744          0.98723221          0.98723221          0.98723221
  27.530          0.81831318          0.81831318          0.98783702          0.98783702          0.98783702
  27.584          0.93400806          0.93400806          0.98725176          0.98725176          0.98725176
  27.638          1.06031561          1.06031561          0.98589015          0.98589015          0.98589015
  27.692          1.19002891          1.19002891          0.98417729          0.98417729          0.98417729
  27.745          1.31395948          1.31395948          0.98252535          0.98252535          0.98252535
  27.799          1.42271447          1.42271447          0.98131758          0.98131758          0.98131758
  27.853          1.50905907          1.50905907          0.98090500          0.98090500          0.98090500
  27.907          1.56992030          1.56992030          0.98160970          0.98160970          0.98160970
  27.960          1.60705268          1.60705268          0.98372591          0.98372591          0.98372591
  28.014          1.62595510          1.62595510          0.98750412          0.98750412          0.98750412
  28.068          1.63356256          1.63356256          0.99311751          0.99311751          0.99311751
  28.122          1.63586700          1.63586700          1.00062001          1.00062001          1.00062001
  28.175          1.63656616          1.63656616          1.00991702          1.00991702          1.00991702
  28.229          1.63712490          1.63712490          1.02077377          1.02077377          1.02077377
  28.283          1.63779211          1.63779211          1.03286660          1.03286660          1.03286660
  28.337          1.63858867          1.63858867          1.04586840          1.04586840          1.04586840
  28.391          1.63949943          1.63949943          1.05953288          1.05953288          1.05953288
  28.444          1.63970518          1.63970518          1.07374203          1.07374203          1.07374203
  28.498          1.63646340          1.63646340          1.08850014          1.08850014          1.08850014
  28.552          1.62460816          1.62460816          1.10387957          1.10387957          1.10387957
  28.606          1.59738326          1.59738326          1.11995208          1.11995208          1.11995208
  28.659          1.54854202          1.54854202          1.13673604          1.13673604          1.13673604
  28.713          1.47482967          1.47482967          1.15417886          1.15417886          1.15417886
  28.767          1.37761974          1.37761974          1.17216718          1.17216718          1.17216718
  28.821          1.26287901          1.26287901          1.19054675          1.19054675          1.19054675
  28.874          1.13956475          1.13956475          1.20912611          1.20912611          1.20912611
  28.928          1.01727283          1.01727283          1.22765744          1.22765744          1.22765744
  28.982          0.90417254          0.90417254          1.24580419          1.24580419          1.24580419
  29.036          0.80587423          0.80587423          1.26311755          1.26311755          1.26311755
  29.090          0.72530144          0.72530144          1.27904367          1.27904367          1.27904367
  29.143          0.66327035          0.66327035          1.29296875          1.29296875          1.29296875
  29.197          0.61932844          0.61932844          1.30428946          1.30428946          1.30428946
  29.251          0.59255517          0.59255517          1.31248748          1.31248748          1.31248748
  29.305          0.58216196          0.58216196          1.31718707          1.31718707          1.31718707
  29.358          0.58780432          0.58780432          1.31818986          1.31818986          1.31818986
  29.412          0.60971636          0.60971636          1.31548882          1.31548882          1.31548882
  29.466          0.64863497          0.64863497          1.30927122          1.30927122          1.30927122
  29.520          0.70550615          0.70550615          1.29990757          1.29990757          1.29990757
  29.573          0.78095448          0.78095448          1.28792453          1.28792453          1.28792453
  29.627          0.87453747          0.87453747          1.27395296          1.27395296          1.27395296
  29.681          0.98390126          0.98390126          1.25865686          1.25865686          1.25865686
  29.735          1.10410428          1.10410428          1.24266148          1.24266148          1.24266148
  29.789          1.22755361          1.22755361          1.22650135          1.22650135          1.22650135
  29.842          1.34490609          1.34490609          1.21060789          1.21060789          1.21060789
  29.896          1.44695985          1.44695985          1.19533038          1.19533038          1.19533038
  29.950          1.52700782          1.52700782          1.18097520          1.18097520          1.18097520
  30.004          1.58266866          1.58266866          1.16783416          1.16783416          1.16783416
  30.057          1.61627245          1.61627245          1.15618479          1.15618479          1.15618479
  30.111          1.63351023          1.63351023          1.14626253          1.14626253          1.14626253
  30.165          1.64102674          1.64102674          1.13821971          1.13821971          1.13821971
  30.219          1.64414823          1.64414823          1.13209796          1.13209796          1.13209796
  30.272          1.64579046          1.64579046          1.12783420          1.12783420          1.12783420
  30.326          1.64679360          1.64679360          1.12530506          1.12530506          1.12530506
  30.380          1.64708328          1.64708328          1.12439632          1.12439632          1.12439632
  30.434          1.64664125          1.64664125          1.12506449          1.12506449          1.12506449
  30.488          1.64556360          1.64556360          1.12736261          1.12736261          1.12736261
  30.541          1.64313674          1.64313674          1.13141596          1.13141596          1.13141596
  30.595          1.63665617          1.63665617          1.13735950          1.13735950          1.13735950
  30.649          1.62098324          1.62098324          1.14526749          1.14526749          1.14526749
  30.703          1.58950090          1.58950090          1.15510464          1.15510464          1.15510464
  30.756          1.53631377          1.53631377          1.16671848          1.16671848          1.16671848
  30.810          1.45869994          1.45869994          1.17986727          1.17986727          1.17986727
  30.864          1.35859454          1.35859454          1.19426382          1.19426382          1.19426382
  30.918          1.24236679          1.24236679          1.20960915          1.20960915          1.20960915
  30.971          1.11908901          1.11908901          1.22559667          1.22559667          1.22559667
  31.025          0.99818283          0.99818283          1.24188685          1.24188685          1.24188685
  31.079          0.88745463          0.88745463          1.25806701          1.25806701          1.25806701
  31.133          0.79209971          0.79209971          1.27362597          1.27362597          1.27362597
  31.187          0.71468681          0.71468681          1.28796089          1.28796089          1.28796089
  31.240          0.65579975          0.65579975          1.30042398          1.30042398          1.30042398
  31.294          0.61487573          0.61487573          1.31039321          1.31039321          1.31039321
  31.348          0.59097344          0.59097344          1.31734383          1.31734383          1.31734383
  31.402          0.58334446          0.58334446          1.32090294          1.32090294          1.32090294
  31.455          0.59171242          0.59171242          1.32087934          1.32087934          1.32087934
  31.509          0.61637747          0.61637747          1.31727636          1.31727636          1.31727636
  31.563          0.65810633          0.65810633          1.31029105          1.31029105          1.31029105
  31.617          0.71783721          0.71783721          1.30030203          1.30030203          1.30030203
  31.671          0.79609841          0.79609841          1.28783715          1.28783715          1.28783715
  31.724          0.89223301          0.89223301          1.27351904          1.27351904          1.27351904
  31.778          1.00356042          1.00356042          1.25799286          1.25799286          1.25799286
  31.832          1.12475944          1.12475944          1.24185658          1.24185658          1.24185658
  31.886          1.24791694          1.24791694          1.22561586          1.22561586          1.22561586
  31.939          1.36357808          1.36357808          1.20967853          1.20967853          1.20967853
  31.993          1.46274507          1.46274507          1.19438207          1.19438207          1.19438207
  32.047          1.53922439          1.53922439          1.18003249          1.18003249          1.18003249
  32.101          1.59130692          1.59130692          1.16692924          1.16692924          1.16692924
  32.154          1.62191021          1.62191021          1.15535939          1.15535939          1.15535939
  32.208          1.63702941          1.63702941          1.14556277          1.14556277          1.14556277
  32.262          1.64326656          1.64326656          1.13768899          1.13768899          1.13768899
  32.316          1.64567256          1.64567256          1.13177037          1.13177037          1.13177037
  32.370          1.64685202          1.64685202          1.12773275          1.12773275          1.12773275
  32.423          1.64745998          1.64745998          1.12544549          1.12544549          1.12544549
  32.477          1.64739490          1.64739490          1.12479305          1.12479305          1.12479305
  32.531          1.64668107          1.64668107          1.12573552          1.12573552          1.12573552
  32.585          1.64537096          1.64537096          1.12832975          1.12832975          1.12832975
  32.638          1.64253414          1.64253414          1.13269961          1.13269961          1.13269961
  32.692          1.63512385          1.63512385          1.13897097          1.13897097          1.13897097
  32.746          1.61769605          1.61769605          1.14720201          1.14720201          1.14720201
  32.800          1.58357430          1.58357430          1.15733933          1.15733933          1.15733933
  32.853          1.52714968          1.52714968          1.16921496          1.16921496          1.16921496
  32.907          1.44627512          1.44627512          1.18257797          1.18257797          1.18257797
  32.961          1.34353614          1.34353614          1.19713819          1.19713819          1.19713819
  33.015          1.22579730          1.22579730          1.21259630          1.21259630          1.21259630
  33.069          1.10231602          1.10231602          1.22864342          1.22864342          1.22864342
  33.122          0.98239189          0.98239189          1.24493253          1.24493253          1.24493253
  33.176          0.87351251          0.87351251          1.26103926          1.26103926          1.26103926
  33.230          0.78049868          0.78049868          1.27643883          1.27643883          1.27643883
  33.284          0.70560342          0.70560342          1.29051971          1.29051971          1.29051971
  33.337          0.64920634          0.64920634          1.30263424          1.30263424          1.30263424
  33.391          0.61065096          0.61065096          1.31217074          1.31217074          1.31217074
  33.445          0.58899599          0.58899599          1.31862354          1.31862354          1.31862354
  33.499          0.58354658          0.58354658          1.32164431          1.32164431          1.32164431
  33.552          0.59410328          0.59410328          1.32106936          1.32106936          1.32106936
  33.606          0.62104183          0.62104183          1.31692970          1.31692970          1.31692970
  33.660          0.66517192          0.66517192          1.30944955          1.30944955          1.30944955
  33.714          0.72741717          0.72741717          1.29903173          1.29903173          1.29903173
  33.768          0.80819041          0.80819041          1.28622186          1.28622186          1.28622186
  33.821          0.90660888          0.90660888          1.27165151          1.27165151          1.27165151
  33.875          1.01965857          1.01965857          1.25596404          1.25596404          1.25596404
  33.929          1.14163995          1.14163995          1.23974741          1.23974741          1.23974741
  33.983          1.26434600          1.26434600          1.22349370          1.22349370          1.22349370
  34.036          1.37824893          1.37824893          1.20759940          1.20759940          1.20759940
  34.090          1.47459912          1.47459912          1.19239473          1.19239473          1.19239473
  34.144          1.54774249          1.54774249          1.17818367          1.17818367          1.17818367
  34.198          1.59663260          1.59663260          1.16526413          1.16526413          1.16526413
  34.251          1.62473094          1.62473094          1.15391827          1.15391827          1.15391827
  34.305          1.63826644          1.63826644          1.14437532          1.14437532          1.14437532
  34.359          1.64373648          1.64373648          1.13676846          1.13676846          1.13676846
  34.413          1.64587593          1.64587593          1.13111341          1.13111341          1.13111341
  34.467          1.64696801          1.64696801          1.12732387          1.12732387          1.12732387
  34.520          1.64749300          1.64749300          1.12526631          1.12526631          1.12526631
  34.574          1.64733195          1.64733195          1.12483239          1.12483239          1.12483239
  34.628          1.64654338          1.64654338          1.12599516          1.12599516          1.12599516
  34.682          1.64511561          1.64511561          1.12882340          1.12882340          1.12882340
  34.735          1.64189136          1.64189136          1.13344562          1.13344562          1.13344562
  34.789          1.63348174          1.63348174          1.13998234          1.13998234          1.13998234
  34.843          1.61417437          1.61417437          1.14847839          1.14847839          1.14847839
  34.897          1.57728624          1.57728624          1.15886402          1.15886402          1.15886402
  34.950          1.51755381          1.51755381          1.17095780          1.17095780          1.17095780
  35.004          1.43343747          1.43343747          1.18450081          1.18450081          1.18450081
  35.058          1.32817185          1.32817185          1.19920075          1.19920075          1.19920075
  35.112          1.20907986          1.20907986          1.21475732          1.21475732          1.21475732
  35.166          1.08556151          1.08556151          1.23085904          1.23085904          1.23085904
  35.219          0.96675777          0.96675777          1.24715030          1.24715030          1.24715030
  35.273          0.85982001          0.85982001          1.26319361          1.26319361          1.26319361
  35.327          0.76919448          0.76919448          1.27845085          1.27845085          1.27845085
  35.381          0.69683087          0.69683087          1.29230177          1.29230177          1.29230177
  35.434          0.64291900          0.64291900          1.30409908          1.30409908          1.30409908
  35.488          0.60672218          0.60672218          1.31324172          1.31324172          1.31324172
  35.542          0.58730900          0.58730900          1.31924319          1.31924319          1.31924319
  35.596          0.58404082          0.58404082          1.32177889          1.32177889          1.32177889
  35.649          0.59679753          0.59679753          1.32071161          1.32071161          1.32071161
  35.703          0.62602550          0.62602550          1.31609893          1.31609893          1.31609893
  35.757          0.67257541          0.67257541          1.30819094          1.30819094          1.30819094
  35.811          0.73734301          0.73734301          1.29741216          1.29741216          1.29741216
  35.865          0.82061350          0.82061350          1.28432405          1.28432405          1.28432405
  35.918          0.92126119          0.92126119          1.26956403          1.26956403          1.26956403
  35.972          1.03592634          1.03592634          1.25377166          1.25377166          1.25377166
  36.026          1.15853631          1.15853631          1.23752332          1.23752332          1.23752332
  36.080          1.28061044          1.28061044          1.22129726          1.22129726          1.22129726
  36.133          1.39258945          1.39258945          1.20547843          1.20547843          1.20547843
  36.187          1.48601413          1.48601413          1.19039154          1.19039154          1.19039154
  36.241          1.55580246          1.55580246          1.17633915          1.17633915          1.17633915
  36.295          1.60156810          1.60156810          1.16361845          1.16361845          1.16361845
  36.348          1.62728107          1.62728107          1.15250659          1.15250659          1.15250659
  36.402          1.63935745          1.63935745          1.14322233          1.14322233          1.14322233
  36.456          1.64414811          1.64414811          1.13588333          1.13588333          1.13588333
  36.510          1.64606166          1.64606166          1.13048959          1.13048959          1.13048959
  36.564          1.64707482          1.64707482          1.12694418          1.12694418          1.12694418
  36.617          1.64751339          1.64751339          1.12511301          1.12511301          1.12511301
  36.671          1.64725697          1.64725697          1.12489617          1.12489617          1.12489617
  36.725          1.64639401          1.64639401          1.12628019          1.12628019          1.12628019
  36.779          1.64483082          1.64483082          1.12934482          1.12934482          1.12934482
  36.832          1.64115560          1.64115560          1.13422215          1.13422215          1.13422215
  36.886          1.63163829          1.63163829          1.14102566          1.14102566          1.14102566
  36.940          1.61032271          1.61032271          1.14978623          1.14978623          1.14978623
  36.994          1.57056689          1.57056689          1.16041768          1.16041768          1.16041768
  37.047          1.50749707          1.50749707          1.17272556          1.17272556          1.17272556
  37.101          1.42020023          1.42020023          1.18644392          1.18644392          1.18644392
  37.155          1.31254733          1.31254733          1.20127833          1.20127833          1.20127833
  37.209          1.19228065          1.19228065          1.21692824          1.21692824          1.21692824
  37.263          1.06889737          1.06889737          1.23307812          1.23307812          1.23307812
  37.316          0.95134872          0.95134872          1.24936354          1.24936354          1.24936354
  37.370          0.84643435          0.84643435          1.26533365          1.26533365          1.26533365
  37.424          0.75823259          0.75823259          1.28043687          1.28043687          1.28043687
  37.478          0.68840331          0.68840331          1.29404557          1.29404557          1.29404557
  37.531          0.63696146          0.63696146          1.30551445          1.30551445          1.30551445
  37.585          0.60310525          0.60310525          1.31425416          1.31425416          1.31425416
  37.639          0.58592135          0.58592135          1.31979811          1.31979811          1.31979811
  37.693          0.58483237          0.58483237          1.32184625          1.32184625          1.32184625
  37.747          0.59979761          0.59979761          1.32028770          1.32028770          1.32028770
  37.800          0.63133126          0.63133126          1.31520689          1.31520689          1.31520689
  37.854          0.68031871          0.68031871          1.30687881          1.30687881          1.30687881
  37.908          0.74761534          0.74761534          1.29574966          1.29574966          1.29574966
  37.962          0.83336353          0.83336353          1.28239524          1.28239524          1.28239524
  38.015          0.93617892          0.93617892          1.26745760          1.26745760          1.26745760
  38.069          1.05234563          1.05234563          1.25157118          1.25157118          1.25157118
  38.123          1.17542493          1.17542493          1.23529994          1.23529994          1.23529994
  38.177          1.29668605          1.29668605          1.21910846          1.21910846          1.21910846
  38.230          1.40657890          1.40657890          1.20337117          1.20337117          1.20337117
  38.284          1.49698257          1.49698257          1.18840778          1.18840778          1.18840778
  38.338          1.56340885          1.56340885          1.17451954          1.17451954          1.17451954
  38.392          1.60612631          1.60612631          1.16200268          1.16200268          1.16200268
  38.446          1.62957704          1.62957704          1.15112913          1.15112913          1.15112913
  38.499          1.64031541          1.64031541          1.14210582          1.14210582          1.14210582
  38.553          1.64451075          1.64451075          1.13503468          1.13503468          1.13503468
  38.607          1.64623475          1.64623475          1.12990022          1.12990022          1.12990022
  38.661          1.64717162          1.64717162          1.12659645          1.12659645          1.12659645
