   0.000        -12.19948196        -12.19948196         -7.12216043         -7.12216043         -7.12216043
   0.058        -12.11976147        -12.11976147         -7.12216043         -7.12216043         -7.12216043
   0.116        -11.88464928        -11.88464928         -7.14508200         -7.14508200         -7.14508200
   0.174        -11.50621796        -11.50621796         -7.18997431         -7.18997431         -7.18997431
   0.232        -11.00406837        -11.00406837         -7.25502300         -7.25502300         -7.25502300
   0.290        -10.40401173        -10.40401173         -7.33769989         -7.33769989         -7.33769989
   0.348         -9.73556137         -9.73556137         -7.43493557         -7.43493557         -7.43493557
   0.406         -9.02867317         -9.02867317         -7.54328299         -7.54328299         -7.54328299
   0.464         -8.31050205         -8.31050205         -7.65905237         -7.65905237         -7.65905237
   0.522         -7.60330153         -7.60330153         -7.77844143         -7.77844143         -7.77844143
   0.580         -6.92404032         -6.92404032         -7.89765453         -7.89765453         -7.89765453
   0.639         -6.28558350         -6.28558350         -8.01304054         -8.01304054         -8.01304054
   0.697         -5.69863749         -5.69863749         -8.12121964         -8.12121964         -8.12121964
   0.755         -5.17355490         -5.17355490         -8.21920204         -8.21920204         -8.21920204
   0.813         -4.72131014         -4.72131014         -8.30445862         -8.30445862         -8.30445862
   0.871         -4.35339594         -4.35339594         -8.37495136         -8.37495136         -8.37495136
   0.929         -4.08092356         -4.08092356         -8.42911625         -8.42911625         -8.42911625
   0.987         -3.91324687         -3.91324687         -8.46582794         -8.46582794         -8.46582794
   1.045         -3.85661888         -3.85661888         -8.48436165         -8.48436165         -8.48436165
   1.103         -3.91324520         -3.91324520         -8.48436165         -8.48436165         -8.48436165
   1.161         -4.08092260         -4.08092260         -8.46582794         -8.46582794         -8.46582794
   1.219         -4.35339403         -4.35339403         -8.42911530         -8.42911530         -8.42911530
   1.277         -4.72130775         -4.72130775         -8.37495041         -8.37495041         -8.37495041
   1.335         -5.17355251         -5.17355251         -8.30445671         -8.30445671         -8.30445671
   1.393         -5.69863415         -5.69863415         -8.21920013         -8.21920013         -8.21920013
   1.451         -6.28557777         -6.28557777         -8.12121773         -8.12121773         -8.12121773
   1.509         -6.92403698         -6.92403698         -8.01303768         -8.01303768         -8.01303768
   1.567         -7.60329723         -7.60329723         -7.89765215         -7.89765215         -7.89765215
   1.625         -8.31049728         -8.31049728         -7.77843904         -7.77843904         -7.77843904
   1.683         -9.02866745         -9.02866745         -7.65904951         -7.65904951         -7.65904951
   1.741         -9.73555660         -9.73555660         -7.54327965         -7.54327965         -7.54327965
   1.799        -10.40400219        -10.40400219         -7.43493176         -7.43493176         -7.43493176
   1.858        -11.00405979        -11.00405979         -7.33769560         -7.33769560         -7.33769560
   1.916        -11.50621128        -11.50621128         -7.25501919         -7.25501919         -7.25501919
   1.974        -11.88463974        -11.88463974         -7.18997049         -7.18997049         -7.18997049
   2.032        -12.11975288        -12.11975288         -7.14507771         -7.14507771         -7.14507771
   2.090        -12.19947243        -12.19947243         -7.12215519         -7.12215519         -7.12215519
   2.148        -12.11975288        -12.11975288         -7.12215519         -7.12215519         -7.12215519
   2.206        -11.88463974        -11.88463974         -7.14507771         -7.14507771         -7.14507771
   2.264        -11.50621223        -11.50621223         -7.18997049         -7.18997049         -7.18997049
   2.322        -11.00405884        -11.00405884         -7.25501919         -7.25501919         -7.25501919
   2.380        -10.40400219        -10.40400219         -7.33769560         -7.33769560         -7.33769560
   2.438         -9.73555660         -9.73555660         -7.43493176         -7.43493176         -7.43493176
   2.496         -9.02866745         -9.02866745         -7.54327965         -7.54327965         -7.54327965
   2.554         -8.31049728         -8.31049728         -7.65904951         -7.65904951         -7.65904951
   2.612         -7.60329723         -7.60329723         -7.77843904         -7.77843904         -7.77843904
   2.670         -6.92403698         -6.92403698         -7.89765215         -7.89765215         -7.89765215
   2.728         -6.28557777         -6.28557777         -8.01303768         -8.01303768         -8.01303768
   2.786         -5.69863415         -5.69863415         -8.12121773         -8.12121773         -8.12121773
   2.844         -5.17355204         -5.17355204         -8.21920013         -8.21920013         -8.21920013
   2.902         -4.72130775         -4.72130775         -8.30445671         -8.30445671         -8.30445671
   2.960         -4.35339403         -4.35339403         -8.37495041         -8.37495041         -8.37495041
   3.018         -4.08092260         -4.08092260         -8.42911625         -8.42911625         -8.42911625
   3.076         -3.91324520         -3.91324520         -8.46582794         -8.46582794         -8.46582794
   3.135         -3.85661864         -3.85661864         -8.48436165         -8.48436165         -8.48436165
   3.193         -3.91324687         -3.91324687         -8.48436165         -8.48436165         -8.48436165
   3.251         -4.08092403         -4.08092403         -8.46582890         -8.46582890         -8.46582890
   3.309         -4.35339594         -4.35339594         -8.42911625         -8.42911625         -8.42911625
   3.367         -4.72131062         -4.72131062         -8.37495136         -8.37495136         -8.37495136
   3.425         -5.17355490         -5.17355490         -8.30445862         -8.30445862         -8.30445862
   3.483         -5.69863749         -5.69863749         -8.21920204         -8.21920204         -8.21920204
   3.541         -6.28558350         -6.28558350         -8.12121964         -8.12121964         -8.12121964
   3.599         -6.92404032         -6.92404032         -8.01304054         -8.01304054         -8.01304054
   3.657         -7.60330200         -7.60330200         -7.89765453         -7.89765453         -7.89765453
   3.715         -8.31050205         -8.31050205         -7.77844143         -7.77844143         -7.77844143
   3.773         -9.02867413         -9.02867413         -7.65905285         -7.65905285         -7.65905285
   3.831         -9.73556137         -9.73556137         -7.54328299         -7.54328299         -7.54328299
   3.889        -10.40401173        -10.40401173         -7.43493605         -7.43493605         -7.43493605
   3.947        -11.00406742        -11.00406742         -7.33769989         -7.33769989         -7.33769989
   4.005        -11.50621796        -11.50621796         -7.25502300         -7.25502300         -7.25502300
   4.063        -11.88464928        -11.88464928         -7.18997478         -7.18997478         -7.18997478
   4.121        -12.11976147        -12.11976147         -7.14508200         -7.14508200         -7.14508200
   4.179        -12.19948196        -12.19948196         -7.12216043         -7.12216043         -7.12216043
   4.237        -12.11976147        -12.11976147         -7.12216043         -7.12216043         -7.12216043
   4.295        -11.88465023        -11.88465023         -7.14508295         -7.14508295         -7.14508295
   4.354        -11.50621891        -11.50621891         -7.18997622         -7.18997622         -7.18997622
   4.412        -11.00407124        -11.00407124         -7.25502491         -7.25502491         -7.25502491
   4.470        -10.40401459        -10.40401459         -7.33770132         -7.33770132         -7.33770132
   4.528         -9.73556423         -9.73556423         -7.43493795         -7.43493795         -7.43493795
   4.586         -9.02867699         -9.02867699         -7.54328585         -7.54328585         -7.54328585
   4.644         -8.31050587         -8.31050587         -7.65905571         -7.65905571         -7.65905571
   4.702         -7.60330677         -7.60330677         -7.77844429         -7.77844429         -7.77844429
   4.760         -6.92404270         -6.92404270         -7.89765835         -7.89765835         -7.89765835
   4.818         -6.28558731         -6.28558731         -8.01304436         -8.01304436         -8.01304436
   4.876         -5.69864178         -5.69864178         -8.12122345         -8.12122345         -8.12122345
   4.934         -5.17356157         -5.17356157         -8.21920586         -8.21920586         -8.21920586
   4.992         -4.72131634         -4.72131634         -8.30446339         -8.30446339         -8.30446339
   5.050         -4.35340357         -4.35340357         -8.37495613         -8.37495613         -8.37495613
   5.108         -4.08093119         -4.08093119         -8.42912197         -8.42912197         -8.42912197
   5.166         -3.91325450         -3.91325450         -8.46583366         -8.46583366         -8.46583366
   5.224         -3.85662794         -3.85662794         -8.48436832         -8.48436832         -8.48436832
   5.282         -3.91325498         -3.91325498         -8.48436832         -8.48436832         -8.48436832
   5.340         -4.08093214         -4.08093214         -8.46583366         -8.46583366         -8.46583366
   5.398         -4.35340548         -4.35340548         -8.42912197         -8.42912197         -8.42912197
   5.456         -4.72131634         -4.72131634         -8.37495708         -8.37495708         -8.37495708
   5.514         -5.17356253         -5.17356253         -8.30446434         -8.30446434         -8.30446434
   5.573         -5.69864368         -5.69864368         -8.21920681         -8.21920681         -8.21920681
   5.631         -6.28559017         -6.28559017         -8.12122536         -8.12122536         -8.12122536
   5.689         -6.92404699         -6.92404699         -8.01304531         -8.01304531         -8.01304531
   5.747         -7.60330629         -7.60330629         -7.89766026         -7.89766026         -7.89766026
   5.805         -8.31051159         -8.31051159         -7.77844667         -7.77844667         -7.77844667
   5.863         -9.02867985         -9.02867985         -7.65905762         -7.65905762         -7.65905762
   5.921         -9.73556805         -9.73556805         -7.54328775         -7.54328775         -7.54328775
   5.979        -10.40401363        -10.40401363         -7.43494081         -7.43494081         -7.43494081
   6.037        -11.00407028        -11.00407028         -7.33770466         -7.33770466         -7.33770466
   6.095        -11.50621986        -11.50621986         -7.25502729         -7.25502729         -7.25502729
   6.153        -11.88465118        -11.88465118         -7.18997908         -7.18997908         -7.18997908
   6.211        -12.11976528        -12.11976528         -7.14508629         -7.14508629         -7.14508629
   6.269        -12.19948387        -12.19948387         -7.12216377         -7.12216377         -7.12216377
   6.327        -12.11976528        -12.11976528         -7.12216377         -7.12216377         -7.12216377
   6.385        -11.88465118        -11.88465118         -7.14508629         -7.14508629         -7.14508629
   6.443        -11.50621986        -11.50621986         -7.18997908         -7.18997908         -7.18997908
   6.501        -11.00407028        -11.00407028         -7.25502729         -7.25502729         -7.25502729
   6.559        -10.40401173        -10.40401173         -7.33770418         -7.33770418         -7.33770418
   6.617         -9.73556805         -9.73556805         -7.43494081         -7.43494081         -7.43494081
   6.675         -9.02867889         -9.02867889         -7.54328775         -7.54328775         -7.54328775
   6.733         -8.31051159         -8.31051159         -7.65905762         -7.65905762         -7.65905762
   6.792         -7.60330677         -7.60330677         -7.77844667         -7.77844667         -7.77844667
   6.850         -6.92404652         -6.92404652         -7.89766026         -7.89766026         -7.89766026
   6.908         -6.28558922         -6.28558922         -8.01304531         -8.01304531         -8.01304531
   6.966         -5.69864321         -5.69864321         -8.12122536         -8.12122536         -8.12122536
   7.024         -5.17356253         -5.17356253         -8.21920681         -8.21920681         -8.21920681
   7.082         -4.72131634         -4.72131634         -8.30446434         -8.30446434         -8.30446434
   7.140         -4.35340548         -4.35340548         -8.37495708         -8.37495708         -8.37495708
   7.198         -4.08093166         -4.08093166         -8.42912197         -8.42912197         -8.42912197
   7.256         -3.91325450         -3.91325450         -8.46583366         -8.46583366         -8.46583366
   7.314         -3.85662746         -3.85662746         -8.48436832         -8.48436832         -8.48436832
   7.372         -3.91325378         -3.91325378         -8.48436832         -8.48436832         -8.48436832
   7.430         -4.08093119         -4.08093119         -8.46583366         -8.46583366         -8.46583366
   7.488         -4.35340357         -4.35340357         -8.42912102         -8.42912102         -8.42912102
   7.546         -4.72131586         -4.72131586         -8.37495613         -8.37495613         -8.37495613
   7.604         -5.17356110         -5.17356110         -8.30446339         -8.30446339         -8.30446339
   7.662         -5.69864178         -5.69864178         -8.21920586         -8.21920586         -8.21920586
   7.720         -6.28558731         -6.28558731         -8.12122345         -8.12122345         -8.12122345
   7.778         -6.92404270         -6.92404270         -8.01304436         -8.01304436         -8.01304436
   7.836         -7.60330629         -7.60330629         -7.89765835         -7.89765835         -7.89765835
   7.894         -8.31050587         -8.31050587         -7.77844429         -7.77844429         -7.77844429
   7.952         -9.02867699         -9.02867699         -7.65905571         -7.65905571         -7.65905571
   8.011         -9.73556423         -9.73556423         -7.54328489         -7.54328489         -7.54328489
   8.069        -10.40401363        -10.40401363         -7.43493748         -7.43493748         -7.43493748
   8.127        -11.00407124        -11.00407124         -7.33770132         -7.33770132         -7.33770132
   8.185        -11.50621891        -11.50621891         -7.25502443         -7.25502443         -7.25502443
   8.243        -11.88465023        -11.88465023         -7.18997526         -7.18997526         -7.18997526
   8.301        -12.11976147        -12.11976147         -7.14508247         -7.14508247         -7.14508247
