   0.000        -11.94933987        -11.94933987        -11.94933987         -7.09220982         -7.09220982         -7.09220982
   0.054        -11.88077927        -11.88077927        -11.88077927         -7.08424377         -7.08424377         -7.08424377
   0.108        -11.67827415        -11.67827415        -11.67827415         -7.09655380         -7.09655380         -7.09655380
   0.161        -11.35077286        -11.35077286        -11.35077286         -7.12845516         -7.12845516         -7.12845516
   0.215        -10.91277695        -10.91277695        -10.91277695         -7.17863178         -7.17863178         -7.17863178
   0.269        -10.38383389        -10.38383389        -10.38383389         -7.24521399         -7.24521399         -7.24521399
   0.323         -9.78656197         -9.78656197         -9.78656197         -7.32588243         -7.32588243         -7.32588243
   0.376         -9.14517403         -9.14517403         -9.14517403         -7.41797018         -7.41797018         -7.41797018
   0.430         -8.48258781         -8.48258781         -8.48258781         -7.51855516         -7.51855516         -7.51855516
   0.484         -7.81871367         -7.81871367         -7.81871367         -7.62454844         -7.62454844         -7.62454844
   0.538         -7.16971493         -7.16971493         -7.16971493         -7.73277521         -7.73277521         -7.73277521
   0.591         -6.54793310         -6.54793310         -6.54793310         -7.84007359         -7.84007359         -7.84007359
   0.645         -5.96301079         -5.96301079         -5.96301079         -7.94339228         -7.94339228         -7.94339228
   0.699         -5.42330074         -5.42330074         -5.42330074         -8.03989601         -8.03989601         -8.03989601
   0.753         -4.93707132         -4.93707132         -4.93707132         -8.12706089         -8.12706089         -8.12706089
   0.807         -4.51296902         -4.51296902         -4.51296902         -8.20273209         -8.20273209         -8.20273209
   0.860         -4.16025686         -4.16025686         -4.16025686         -8.26515484         -8.26515484         -8.26515484
   0.914         -3.88781309         -3.88781309         -3.88781309         -8.31297493         -8.31297493         -8.31297493
   0.968         -3.70347047         -3.70347047         -3.70347047         -8.34519672         -8.34519672         -8.34519672
   1.022         -3.61307836         -3.61307836         -3.61307836         -8.36115170         -8.36115170         -8.36115170
   1.075         -3.61961150         -3.61961150         -3.61961150         -8.36046600         -8.36046600         -8.36046600
   1.129         -3.72283816         -3.72283816         -3.72283816         -8.34302616         -8.34302616         -8.34302616
   1.183         -3.91936421         -3.91936421         -3.91936421         -8.30897903         -8.30897903         -8.30897903
   1.237         -4.20302057         -4.20302057         -4.20302057         -8.25874233         -8.25874233         -8.25874233
   1.290         -4.56581163         -4.56581163         -4.56581163         -8.19302273         -8.19302273         -8.19302273
   1.344         -4.99867344         -4.99867344         -4.99867344         -8.11285782         -8.11285782         -8.11285782
   1.398         -5.49246645         -5.49246645         -5.49246645         -8.01966381         -8.01966381         -8.01966381
   1.452         -6.03859472         -6.03859472         -6.03859472         -7.91524601         -7.91524601         -7.91524601
   1.506         -6.62888432         -6.62888432         -6.62888432         -7.80181265         -7.80181265         -7.80181265
   1.559         -7.25479031         -7.25479031         -7.25479031         -7.68193531         -7.68193531         -7.68193531
   1.613         -7.90635681         -7.90635681         -7.90635681         -7.55848408         -7.55848408         -7.55848408
   1.667         -8.57089710         -8.57089710         -8.57089710         -7.43452978         -7.43452978         -7.43452978
   1.721         -9.23163033         -9.23163033         -9.23163033         -7.31324387         -7.31324387         -7.31324387
   1.774         -9.86816978         -9.86816978         -9.86816978         -7.20560694         -7.20560694         -7.20560694
   1.828        -10.45727348        -10.45727348        -10.45727348         -7.10687685         -7.10687685         -7.10687685
   1.882        -10.97490692        -10.97490692        -10.97490692         -7.01994801         -7.01994801         -7.01994801
   1.936        -11.39871120        -11.39871120        -11.39871120         -6.94744444         -6.94744444         -6.94744444
   1.989        -11.70964718        -11.70964718        -11.70964718         -6.89163017         -6.89163017         -6.89163017
   2.043        -11.89403534        -11.89403534        -11.89403534         -6.85430479         -6.85430479         -6.85430479
   2.097        -11.94379807        -11.94379807        -11.94379807         -6.83670330         -6.83670330         -6.83670330
   2.151        -11.85674763        -11.85674763        -11.85674763         -6.83941793         -6.83941793         -6.83941793
   2.205        -11.63666153        -11.63666153        -11.63666153         -6.86235332         -6.86235332         -6.86235332
   2.258        -11.29319096        -11.29319096        -11.29319096         -6.90473938         -6.90473938         -6.90473938
   2.312        -10.84165192        -10.84165192        -10.84165192         -6.96517420         -6.96517420         -6.96517420
   2.366        -10.30203724        -10.30203724        -10.30203724         -7.04172230         -7.04172230         -7.04172230
   2.420         -9.69746876         -9.69746876         -9.69746876         -7.13201141         -7.13201141         -7.13201141
   2.473         -9.05196667         -9.05196667         -9.05196667         -7.23333502         -7.23333502         -7.23333502
   2.527         -8.38815212         -8.38815212         -8.38815212         -7.34274292         -7.34274292         -7.34274292
   2.581         -7.72556686         -7.72556686         -7.72556686         -7.45712948         -7.45712948         -7.45712948
   2.635         -7.07972240         -7.07972240         -7.07972240         -7.57331467         -7.57331467         -7.57331467
   2.688         -6.46251392         -6.46251392         -6.46251392         -7.68814659         -7.68814659         -7.68814659
   2.742         -5.88338900         -5.88338900         -5.88338900         -7.79859686         -7.79859686         -7.79859686
   2.796         -5.35054922         -5.35054922         -5.35054922         -7.90187025         -7.90187025         -7.90187025
   2.850         -4.87233639         -4.87233639         -4.87233639         -7.99548578         -7.99548578         -7.99548578
   2.904         -4.45755053         -4.45755053         -4.45755053         -8.07734489         -8.07734489         -8.07734489
   2.957         -4.11535025         -4.11535025         -4.11535025         -8.14574909         -8.14574909         -8.14574909
   3.011         -3.85454869         -3.85454869         -3.85454869         -8.19939327         -8.19939327         -8.19939327
   3.065         -3.68284440         -3.68284440         -3.68284440         -8.23732948         -8.23732948         -8.23732948
   3.119         -3.60568666         -3.60568666         -3.60568666         -8.25893211         -8.25893211         -8.25893211
   3.172         -3.62556648         -3.62556648         -3.62556648         -8.26386166         -8.26386166         -8.26386166
   3.226         -3.74186063         -3.74186063         -3.74186063         -8.25204563         -8.25204563         -8.25204563
   3.280         -3.95076823         -3.95076823         -3.95076823         -8.22365952         -8.22365952         -8.22365952
   3.334         -4.24582195         -4.24582195         -4.24582195         -8.17916203         -8.17916203         -8.17916203
   3.388         -4.61878729         -4.61878729         -4.61878729         -8.11930370         -8.11930370         -8.11930370
   3.441         -5.06056166         -5.06056166         -5.06056166         -8.04517174         -8.04517174         -8.04517174
   3.495         -5.56209707         -5.56209707         -5.56209707         -7.95823145         -7.95823145         -7.95823145
   3.549         -6.11482334         -6.11482334         -6.11482334         -7.86034632         -7.86034632         -7.86034632
   3.603         -6.71054411         -6.71054411         -6.71054411         -7.75377560         -7.75377560         -7.75377560
   3.656         -7.34065962         -7.34065962         -7.34065962         -7.64113712         -7.64113712         -7.64113712
   3.710         -7.99496222         -7.99496222         -7.99496222         -7.52533197         -7.52533197         -7.52533197
   3.764         -8.66007423         -8.66007423         -8.66007423         -7.40945530         -7.40945530         -7.40945530
   3.818         -9.31889725         -9.31889725         -9.31889725         -7.29668093         -7.29668093         -7.29668093
   3.871         -9.95046425         -9.95046425         -9.95046425         -7.19016838         -7.19016838         -7.19016838
   3.925        -10.53140831        -10.53140831        -10.53140831         -7.09297085         -7.09297085         -7.09297085
   3.979        -11.03752232        -11.03752232        -11.03752232         -7.00794888         -7.00794888         -7.00794888
   4.033        -11.44702339        -11.44702339        -11.44702339         -6.93768549         -6.93768549         -6.93768549
   4.087        -11.74155807        -11.74155807        -11.74155807         -6.88438463         -6.88438463         -6.88438463
   4.140        -11.90800285        -11.90800285        -11.90800285         -6.84977674         -6.84977674         -6.84977674
   4.194        -11.93921757        -11.93921757        -11.93921757         -6.83501291         -6.83501291         -6.83501291
   4.248        -11.83369064        -11.83369064        -11.83369064         -6.84059286         -6.84059286         -6.84059286
   4.302        -11.59611034        -11.59611034        -11.59611034         -6.86632729         -6.86632729         -6.86632729
   4.355        -11.23704052        -11.23704052        -11.23704052         -6.91135454         -6.91135454         -6.91135454
   4.409        -10.77231312        -10.77231312        -10.77231312         -6.97419548         -6.97419548         -6.97419548
   4.463        -10.22254944        -10.22254944        -10.22254944         -7.05284786         -7.05284786         -7.05284786
   4.517         -9.61103630         -9.61103630         -9.61103630         -7.14488649         -7.14488649         -7.14488649
   4.570         -8.96185207         -8.96185207         -8.96185207         -7.24757099         -7.24757099         -7.24757099
   4.624         -8.29725075         -8.29725075         -8.29725075         -7.35792160         -7.35792160         -7.35792160
   4.678         -7.63620424         -7.63620424         -7.63620424         -7.47281456         -7.47281456         -7.47281456
   4.732         -6.99371338         -6.99371338         -6.99371338         -7.58907032         -7.58907032         -7.58907032
   4.786         -6.38130045         -6.38130045         -6.38130045         -7.70354509         -7.70354509         -7.70354509
   4.839         -5.80803680         -5.80803680         -5.80803680         -7.81323767         -7.81323767         -7.81323767
   4.893         -5.28224993         -5.28224993         -5.28224993         -7.91538668         -7.91538668         -7.91538668
   4.947         -4.81226397         -4.81226397         -4.81226397         -8.00756264         -8.00756264         -8.00756264
   5.001         -4.40691996         -4.40691996         -4.40691996         -8.08772182         -8.08772182         -8.08772182
   5.054         -4.07538319         -4.07538319         -4.07538319         -8.15421581         -8.15421581         -8.15421581
   5.108         -3.82645321         -3.82645321         -3.82645321         -8.20579052         -8.20579052         -8.20579052
   5.162         -3.66744328         -3.66744328         -3.66744328         -8.24154377         -8.24154377         -8.24154377
   5.216         -3.60350156         -3.60350156         -3.60350156         -8.26089001         -8.26089001         -8.26089001
   5.269         -3.63674235         -3.63674235         -3.63674235         -8.26352501         -8.26352501         -8.26352501
   5.323         -3.76604009         -3.76604009         -3.76604009         -8.24940491         -8.24940491         -8.24940491
   5.377         -3.98719859         -3.98719859         -3.98719859         -8.21874809         -8.21874809         -8.21874809
   5.431         -4.29349852         -4.29349852         -4.29349852         -8.17204475         -8.17204475         -8.17204475
   5.485         -4.67647886         -4.67647886         -4.67647886         -8.11008930         -8.11008930         -8.11008930
   5.538         -5.12703371         -5.12703371         -5.12703371         -8.03401947         -8.03401947         -8.03401947
   5.592         -5.63611698         -5.63611698         -5.63611698         -7.94534969         -7.94534969         -7.94534969
   5.646         -6.19525576         -6.19525576         -6.19525576         -7.84599686         -7.84599686         -7.84599686
   5.700         -6.79629517         -6.79629517         -6.79629517         -7.73827076         -7.73827076         -7.73827076
   5.753         -7.43042278         -7.43042278         -7.43042278         -7.62483263         -7.62483263         -7.62483263
   5.807         -8.08709908         -8.08709908         -8.08709908         -7.50861502         -7.50861502         -7.50861502
   5.861         -8.75257015         -8.75257015         -8.75257015         -7.39272594         -7.39272594         -7.39272594
   5.915         -9.40904713         -9.40904713         -9.40904713         -7.28034401         -7.28034401         -7.28034401
   5.968        -10.03519821        -10.03519821        -10.03519821         -7.17461824         -7.17461824         -7.17461824
   6.022        -10.60728741        -10.60728741        -10.60728741         -7.07857990         -7.07857990         -7.07857990
   6.076        -11.10152531        -11.10152531        -11.10152531         -6.99505758         -6.99505758         -6.99505758
   6.130        -11.49627304        -11.49627304        -11.49627304         -6.92658520         -6.92658520         -6.92658520
   6.184        -11.77387524        -11.77387524        -11.77387524         -6.87531376         -6.87531376         -6.87531376
   6.237        -11.92232513        -11.92232513        -11.92232513         -6.84289980         -6.84289980         -6.84289980
   6.291        -11.93476677        -11.93476677        -11.93476677         -6.83041382         -6.83041382         -6.83041382
   6.345        -11.81069565        -11.81069565        -11.81069565         -6.83826542         -6.83826542         -6.83826542
   6.399        -11.55573940        -11.55573940        -11.55573940         -6.86617851         -6.86617851         -6.86617851
   6.452        -11.18093967        -11.18093967        -11.18093967         -6.91320753         -6.91320753         -6.91320753
   6.506        -10.70316601        -10.70316601        -10.70316601         -6.97779894         -6.97779894         -6.97779894
   6.560        -10.14323330        -10.14323330        -10.14323330         -7.05789280         -7.05789280         -7.05789280
   6.614         -9.52488518         -9.52488518         -9.52488518         -7.15101719         -7.15101719         -7.15101719
   6.667         -8.87202549         -8.87202549         -8.87202549         -7.25439358         -7.25439358         -7.25439358
   6.721         -8.20639706         -8.20639706         -8.20639706         -7.36502028         -7.36502028         -7.36502028
   6.775         -7.54659653         -7.54659653         -7.54659653         -7.47976112         -7.47976112         -7.47976112
   6.829         -6.90700626         -6.90700626         -6.90700626         -7.59543705         -7.59543705         -7.59543705
   6.883         -6.29869461         -6.29869461         -6.29869461         -7.70891333         -7.70891333         -7.70891333
   6.936         -5.73068619         -5.73068619         -5.73068619         -7.81721640         -7.81721640         -7.81721640
   6.990         -5.21118402         -5.21118402         -5.21118402         -7.91762352         -7.91762352         -7.91762352
   7.044         -4.74850559         -4.74850559         -4.74850559         -8.00775242         -8.00775242         -8.00775242
   7.098         -4.35169268         -4.35169268         -4.35169268         -8.08560562         -8.08560562         -8.08560562
   7.151         -4.02984619         -4.02984619         -4.02984619         -8.14958668         -8.14958668         -8.14958668
   7.205         -3.79156566         -3.79156566         -3.79156566         -8.19848061         -8.19848061         -8.19848061
   7.259         -3.64401674         -3.64401674         -3.64401674         -8.23142338         -8.23142338         -8.23142338
   7.313         -3.59189105         -3.59189105         -3.59189105         -8.24785614         -8.24785614         -8.24785614
   7.366         -3.63692737         -3.63692737         -3.63692737         -8.24749756         -8.24749756         -8.24749756
   7.420         -3.77750945         -3.77750945         -3.77750945         -8.23032951         -8.23032951         -8.23032951
   7.474         -4.00910711         -4.00910711         -4.00910711         -8.19659042         -8.19659042         -8.19659042
   7.528         -4.32464457         -4.32464457         -4.32464457         -8.14680004         -8.14680004         -8.14680004
   7.582         -4.71558332         -4.71558332         -4.71558332         -8.08178616         -8.08178616         -8.08178616
   7.635         -5.17274666         -5.17274666         -5.17274666         -8.00272083         -8.00272083         -8.00272083
   7.689         -5.68725824         -5.68725824         -5.68725824         -7.91116762         -7.91116762         -7.91116762
   7.743         -6.25068378         -6.25068378         -6.25068378         -7.80909061         -7.80909061         -7.80909061
   7.797         -6.85483980         -6.85483980         -6.85483980         -7.69884777         -7.69884777         -7.69884777
   7.850         -7.49093485         -7.49093485         -7.49093485         -7.58313942         -7.58313942         -7.58313942
   7.904         -8.14801121         -8.14801121         -8.14801121         -7.46492910         -7.46492910         -7.46492910
   7.958         -8.81194496         -8.81194496         -8.81194496         -7.34734440         -7.34734440         -7.34734440
   8.012         -9.46434784         -9.46434784         -9.46434784         -7.23356581         -7.23356581         -7.23356581
   8.065        -10.08368301        -10.08368301        -10.08368301         -7.12674189         -7.12674189         -7.12674189
   8.119        -10.64602470        -10.64602470        -10.64602470         -7.02989197         -7.02989197         -7.02989197
   8.173        -11.12755299        -11.12755299        -11.12755299         -6.94581890         -6.94581890         -6.94581890
   8.227        -11.50730228        -11.50730228        -11.50730228         -6.87702656         -6.87702656         -6.87702656
   8.281        -11.76801682        -11.76801682        -11.76801682         -6.82561493         -6.82561493         -6.82561493
   8.334        -11.89833450        -11.89833450        -11.89833450         -6.79318237         -6.79318237         -6.79318237
   8.388        -11.89235497        -11.89235497        -11.89235497         -6.78072453         -6.78072453         -6.78072453
   8.442        -11.75035763        -11.75035763        -11.75035763         -6.78856611         -6.78856611         -6.78856611
   8.496        -11.47860336        -11.47860336        -11.47860336         -6.81634426         -6.81634426         -6.81634426
   8.549        -11.08894444        -11.08894444        -11.08894444         -6.86302137         -6.86302137         -6.86302137
   8.603        -10.59881687        -10.59881687        -10.59881687         -6.92696333         -6.92696333         -6.92696333
   8.657        -10.02957058        -10.02957058        -10.02957058         -7.00602579         -7.00602579         -7.00602579
   8.711         -9.40501595         -9.40501595         -9.40501595         -7.09766483         -7.09766483         -7.09766483
   8.765         -8.74865723         -8.74865723         -8.74865723         -7.19902992         -7.19902992         -7.19902992
   8.818         -8.08197498         -8.08197498         -8.08197498         -7.30706072         -7.30706072         -7.30706072
   8.872         -7.42273283         -7.42273283         -7.42273283         -7.41856813         -7.41856813         -7.41856813
   8.926         -6.78476143         -6.78476143         -6.78476143         -7.53033590         -7.53033590         -7.53033590
   8.980         -6.17869377         -6.17869377         -6.17869377         -7.63921070         -7.63921070         -7.63921070
   9.033         -5.61322451         -5.61322451         -5.61322451         -7.74221468         -7.74221468         -7.74221468
   9.087         -5.09651566         -5.09651566         -5.09651566         -7.83664274         -7.83664274         -7.83664274
   9.141         -4.63705349         -4.63705349         -4.63705349         -7.92013311         -7.92013311         -7.92013311
   9.195         -4.24386263         -4.24386263         -4.24386263         -7.99071121         -7.99071121         -7.99071121
   9.248         -3.92611957         -3.92611957         -3.92611957         -8.04679680         -8.04679680         -8.04679680
   9.302         -3.69239140         -3.69239140         -3.69239140         -8.08717728         -8.08717728         -8.08717728
   9.356         -3.54962802         -3.54962802         -3.54962802         -8.11096668         -8.11096668         -8.11096668
   9.410         -3.50226021         -3.50226021         -3.50226021         -8.11756325         -8.11756325         -8.11756325
   9.464         -3.55173302         -3.55173302         -3.55173302         -8.10661030         -8.10661030         -8.10661030
   9.517         -3.69618797         -3.69618797         -3.69618797         -8.07798100         -8.07798100         -8.07798100
   9.571         -3.93080950         -3.93080950         -3.93080950         -8.03177452         -8.03177452         -8.03177452
   9.625         -4.24843740         -4.24843740         -4.24843740         -7.96832561         -7.96832561         -7.96832561
   9.679         -4.64050531         -4.64050531         -4.64050531         -7.88823557         -7.88823557         -7.88823557
   9.732         -5.09802294         -5.09802294         -5.09802294         -7.79240656         -7.79240656         -7.79240656
   9.786         -5.61229181         -5.61229181         -5.61229181         -7.68208456         -7.68208456         -7.68208456
   9.840         -6.17507362         -6.17507362         -6.17507362         -7.55887365         -7.55887365         -7.55887365
   9.894         -6.77823210         -6.77823210         -6.77823210         -7.42473698         -7.42473698         -7.42473698
   9.947         -7.41284084         -7.41284084         -7.41284084         -7.28196096         -7.28196096         -7.28196096
  10.001         -8.06757259         -8.06757259         -8.06757259         -7.13308716         -7.13308716         -7.13308716
  10.055         -8.72758198         -8.72758198         -8.72758198         -6.98083401         -6.98083401         -6.98083401
  10.109         -9.37390614         -9.37390614         -9.37390614         -6.82800436         -6.82800436         -6.82800436
  10.163         -9.98418331         -9.98418331         -9.98418331         -6.67739153         -6.67739153         -6.67739153
  10.216        -10.53397083        -10.53397083        -10.53397083         -6.53169012         -6.53169012         -6.53169012
  10.270        -10.99925232        -10.99925232        -10.99925232         -6.39339399         -6.39339399         -6.39339399
  10.324        -11.35870075        -11.35870075        -11.35870075         -6.26469994         -6.26469994         -6.26469994
  10.378        -11.59560871        -11.59560871        -11.59560871         -6.14739799         -6.14739799         -6.14739799
  10.431        -11.69853401        -11.69853401        -11.69853401         -6.04278755         -6.04278755         -6.04278755
  10.485        -11.66243076        -11.66243076        -11.66243076         -5.95161724         -5.95161724         -5.95161724
  10.539        -11.48821259        -11.48821259        -11.48821259         -5.87408400         -5.87408400         -5.87408400
  10.593        -11.18292332        -11.18292332        -11.18292332         -5.80986834         -5.80986834         -5.80986834
  10.646        -10.75953960        -10.75953960        -10.75953960         -5.75821543         -5.75821543         -5.75821543
  10.700        -10.23631096        -10.23631096        -10.23631096         -5.71802807         -5.71802807         -5.71802807
  10.754         -9.63531208         -9.63531208         -9.63531208         -5.68795586         -5.68795586         -5.68795586
  10.808         -8.98027706         -8.98027706         -8.98027706         -5.66647148         -5.66647148         -5.66647148
  10.862         -8.29452419         -8.29452419         -8.29452419         -5.65191269         -5.65191269         -5.65191269
  10.915         -7.59860468         -7.59860468         -7.59860468         -5.64252520         -5.64252520         -5.64252520
  10.969         -6.90900040         -6.90900040         -6.90900040         -5.63649225         -5.63649225         -5.63649225
  11.023         -6.23809385         -6.23809385         -6.23809385         -5.63196898         -5.63196898         -5.63196898
  11.077         -5.59488487         -5.59488487         -5.59488487         -5.62711716         -5.62711716         -5.62711716
  11.130         -4.98625040         -4.98625040         -4.98625040         -5.62014437         -5.62014437         -5.62014437
  11.184         -4.41845179         -4.41845179         -4.41845179         -5.60934067         -5.60934067         -5.60934067
  11.238         -3.89765334         -3.89765334         -3.89765334         -5.59310722         -5.59310722         -5.59310722
  11.292         -3.43021750         -3.43021750         -3.43021750         -5.56997919         -5.56997919         -5.56997919
  11.345         -3.02224565         -3.02224565         -3.02224565         -5.53864622         -5.53864622         -5.53864622
  11.399         -2.67890453         -2.67890453         -2.67890453         -5.49796104         -5.49796104         -5.49796104
  11.453         -2.40374732         -2.40374732         -2.40374732         -5.44695330         -5.44695330         -5.44695330
  11.507         -2.19816828         -2.19816828         -2.19816828         -5.38482571         -5.38482571         -5.38482571
  11.561         -2.06124592         -2.06124592         -2.06124592         -5.31095219         -5.31095219         -5.31095219
  11.614         -1.98988700         -1.98988700         -1.98988700         -5.22487020         -5.22487020         -5.22487020
  11.668         -1.97935092         -1.97935092         -1.97935092         -5.12627935         -5.12627935         -5.12627935
  11.722         -2.02386403         -2.02386403         -2.02386403         -5.01504707         -5.01504707         -5.01504707
  11.776         -2.11721230         -2.11721230         -2.11721230         -4.89123917         -4.89123917         -4.89123917
  11.829         -2.25314879         -2.25314879         -2.25314879         -4.75515842         -4.75515842         -4.75515842
  11.883         -2.42545891         -2.42545891         -2.42545891         -4.60740089         -4.60740089         -4.60740089
  11.937         -2.62767792         -2.62767792         -2.62767792         -4.44889402         -4.44889402         -4.44889402
  11.991         -2.85254002         -2.85254002         -2.85254002         -4.28091908         -4.28091908         -4.28091908
  12.044         -3.09149313         -3.09149313         -3.09149313         -4.10510349         -4.10510349         -4.10510349
  12.098         -3.33449340         -3.33449340         -3.33449340         -3.92337108         -3.92337108         -3.92337108
  12.152         -3.57012534         -3.57012534         -3.57012534         -3.73787212         -3.73787212         -3.73787212
  12.206         -3.78653836         -3.78653836         -3.78653836         -3.55089545         -3.55089545         -3.55089545
  12.260         -3.97218275         -3.97218275         -3.97218275         -3.36477280         -3.36477280         -3.36477280
  12.313         -4.11693287         -4.11693287         -4.11693287         -3.18177581         -3.18177581         -3.18177581
  12.367         -4.21275187         -4.21275187         -4.21275187         -3.00401807         -3.00401807         -3.00401807
  12.421         -4.25411463         -4.25411463         -4.25411463         -2.83335924         -2.83335924         -2.83335924
  12.475         -4.23817492         -4.23817492         -4.23817492         -2.67132187         -2.67132187         -2.67132187
  12.528         -4.16473818         -4.16473818         -4.16473818         -2.51903296         -2.51903296         -2.51903296
  12.582         -4.03626585         -4.03626585         -4.03626585         -2.37720561         -2.37720561         -2.37720561
  12.636         -3.85778975         -3.85778975         -3.85778975         -2.24615312         -2.24615312         -2.24615312
  12.690         -3.63663077         -3.63663077         -3.63663077         -2.12584352         -2.12584352         -2.12584352
  12.743         -3.38186932         -3.38186932         -3.38186932         -2.01597309         -2.01597309         -2.01597309
  12.797         -3.10335732         -3.10335732         -3.10335732         -1.91604352         -1.91604352         -1.91604352
  12.851         -2.81081700         -2.81081700         -2.81081700         -1.82542002         -1.82542002         -1.82542002
  12.905         -2.51277375         -2.51277375         -2.51277375         -1.74338078         -1.74338078         -1.74338078
  12.959         -2.21599770         -2.21599770         -2.21599770         -1.66913211         -1.66913211         -1.66913211
  13.012         -1.92544508         -1.92544508         -1.92544508         -1.60181677         -1.60181677         -1.60181677
  13.066         -1.64460325         -1.64460325         -1.64460325         -1.54051375         -1.54051375         -1.54051375
  13.120         -1.37599862         -1.37599862         -1.37599862         -1.48424065         -1.48424065         -1.48424065
  13.174         -1.12186527         -1.12186527         -1.12186527         -1.43196404         -1.43196404         -1.43196404
  13.227         -0.88438940         -0.88438940         -0.88438940         -1.38261759         -1.38261759         -1.38261759
  13.281         -0.66583693         -0.66583693         -0.66583693         -1.33513021         -1.33513021         -1.33513021
  13.335         -0.46841905         -0.46841905         -0.46841905         -1.28845632         -1.28845632         -1.28845632
  13.389         -0.29399416         -0.29399416         -0.29399416         -1.24160767         -1.24160767         -1.24160767
  13.442         -0.14383413         -0.14383413         -0.14383413         -1.19367969         -1.19367969         -1.19367969
  13.496         -0.01842393         -0.01842393         -0.01842393         -1.14386678         -1.14386678         -1.14386678
  13.550          0.08258473          0.08258473          0.08258473         -1.09147179         -1.09147179         -1.09147179
  13.604          0.16029876          0.16029876          0.16029876         -1.03590572         -1.03590572         -1.03590572
  13.658          0.21640007          0.21640007          0.21640007         -0.97668809         -0.97668809         -0.97668809
  13.711          0.25294420          0.25294420          0.25294420         -0.91344857         -0.91344857         -0.91344857
  13.765          0.27215785          0.27215785          0.27215785         -0.84593731         -0.84593731         -0.84593731
  13.819          0.27635434          0.27635434          0.27635434         -0.77404368         -0.77404368         -0.77404368
  13.873          0.26792523          0.26792523          0.26792523         -0.69781566         -0.69781566         -0.69781566
  13.926          0.24940853          0.24940853          0.24940853         -0.61748099         -0.61748099         -0.61748099
  13.980          0.22359990          0.22359990          0.22359990         -0.53345293         -0.53345293         -0.53345293
  14.034          0.19357151          0.19357151          0.19357151         -0.44632408         -0.44632408         -0.44632408
  14.088          0.16261093          0.16261093          0.16261093         -0.35684565         -0.35684565         -0.35684565
  14.141          0.13408946          0.13408946          0.13408946         -0.26589432         -0.26589432         -0.26589432
  14.195          0.11118022          0.11118022          0.11118022         -0.17443347         -0.17443347         -0.17443347
  14.249          0.09668473          0.09668473          0.09668473         -0.08347096         -0.08347096         -0.08347096
  14.303          0.09283025          0.09283025          0.09283025          0.00598368          0.00598368          0.00598368
  14.357          0.10119818          0.10119818          0.10119818          0.09296210          0.09296210          0.09296210
  14.410          0.12267467          0.12267467          0.12267467          0.17658037          0.17658037          0.17658037
  14.464          0.15744422          0.15744422          0.15744422          0.25607601          0.25607601          0.25607601
  14.518          0.20501725          0.20501725          0.20501725          0.33083811          0.33083811          0.33083811
  14.572          0.26426104          0.26426104          0.26426104          0.40042078          0.40042078          0.40042078
  14.625          0.33346894          0.33346894          0.33346894          0.46454090          0.46454090          0.46454090
  14.679          0.41052940          0.41052940          0.41052940          0.52305847          0.52305847          0.52305847
  14.733          0.49318290          0.49318290          0.49318290          0.57594824          0.57594824          0.57594824
  14.787          0.57923251          0.57923251          0.57923251          0.62326980          0.62326980          0.62326980
  14.841          0.66680259          0.66680259          0.66680259          0.66514564          0.66514564          0.66514564
  14.894          0.75442195          0.75442195          0.75442195          0.70174795          0.70174795          0.70174795
  14.948          0.84102982          0.84102982          0.84102982          0.73329955          0.73329955          0.73329955
  15.002          0.92588550          0.92588550          0.92588550          0.76008016          0.76008016          0.76008016
  15.056          1.00841963          1.00841963          1.00841963          0.78243399          0.78243399          0.78243399
  15.109          1.08804250          1.08804250          1.08804250          0.80077481          0.80077481          0.80077481
  15.163          1.16415942          1.16415942          1.16415942          0.81558228          0.81558228          0.81558228
  15.217          1.23607981          1.23607981          1.23607981          0.82739091          0.82739091          0.82739091
  15.271          1.30307972          1.30307972          1.30307972          0.83677238          0.83677238          0.83677238
  15.324          1.36446917          1.36446917          1.36446917          0.84431463          0.84431463          0.84431463
  15.378          1.41965938          1.41965938          1.41965938          0.85060060          0.85060060          0.85060060
  15.432          1.46817851          1.46817851          1.46817851          0.85618865          0.85618865          0.85618865
  15.486          1.50970626          1.50970626          1.50970626          0.86159700          0.86159700          0.86159700
  15.540          1.54410338          1.54410338          1.54410338          0.86729085          0.86729085          0.86729085
  15.593          1.57127964          1.57127964          1.57127964          0.87367254          0.87367254          0.87367254
  15.647          1.59126091          1.59126091          1.59126091          0.88107401          0.88107401          0.88107401
  15.701          1.60406482          1.60406482          1.60406482          0.88975120          0.88975120          0.88975120
  15.755          1.60968840          1.60968840          1.60968840          0.89988106          0.89988106          0.89988106
  15.808          1.60813022          1.60813022          1.60813022          0.91156155          0.91156155          0.91156155
  15.862          1.59937406          1.59937406          1.59937406          0.92481500          0.92481500          0.92481500
  15.916          1.58342505          1.58342505          1.58342505          0.93959379          0.93959379          0.93959379
  15.970          1.56035340          1.56035340          1.56035340          0.95578945          0.95578945          0.95578945
  16.023          1.53035414          1.53035414          1.53035414          0.97324222          0.97324222          0.97324222
  16.077          1.49377823          1.49377823          1.49377823          0.99175090          0.99175090          0.99175090
  16.131          1.45109105          1.45109105          1.45109105          1.01108217          1.01108217          1.01108217
  16.185          1.40290856          1.40290856          1.40290856          1.03098059          1.03098059          1.03098059
  16.239          1.34993339          1.34993339          1.34993339          1.05117822          1.05117822          1.05117822
  16.292          1.29286873          1.29286873          1.29286873          1.07140434          1.07140434          1.07140434
  16.346          1.23235238          1.23235238          1.23235238          1.09139788          1.09139788          1.09139788
  16.400          1.16894746          1.16894746          1.16894746          1.11091685          1.11091685          1.11091685
  16.454          1.10313570          1.10313570          1.10313570          1.12974870          1.12974870          1.12974870
  16.507          1.03544462          1.03544462          1.03544462          1.14771533          1.14771533          1.14771533
  16.561          0.96654707          0.96654707          0.96654707          1.16467607          1.16467607          1.16467607
  16.615          0.89744043          0.89744043          0.89744043          1.18052459          1.18052459          1.18052459
  16.669          0.82956707          0.82956707          0.82956707          1.19518626          1.19518626          1.19518626
  16.722          0.76481068          0.76481068          0.76481068          1.20861268          1.20861268          1.20861268
  16.776          0.70539582          0.70539582          0.70539582          1.22077882          1.22077882          1.22077882
  16.830          0.65368360          0.65368360          0.65368360          1.23167908          1.23167908          1.23167908
  16.884          0.61191899          0.61191899          0.61191899          1.24132824          1.24132824          1.24132824
  16.938          0.58199084          0.58199084          0.58199084          1.24976003          1.24976003          1.24976003
  16.991          0.56528860          0.56528860          0.56528860          1.25702775          1.25702775          1.25702775
  17.045          0.56259793          0.56259793          0.56259793          1.26320279          1.26320279          1.26320279
  17.099          0.57403439          0.57403439          0.57403439          1.26837230          1.26837230          1.26837230
  17.153          0.59907836          0.59907836          0.59907836          1.27263653          1.27263653          1.27263653
  17.206          0.63656151          0.63656151          0.63656151          1.27610505          1.27610505          1.27610505
  17.260          0.68478286          0.68478286          0.68478286          1.27889299          1.27889299          1.27889299
  17.314          0.74161804          0.74161804          0.74161804          1.28111684          1.28111684          1.28111684
  17.368          0.80474710          0.80474710          0.80474710          1.28289306          1.28289306          1.28289306
  17.421          0.87190920          0.87190920          0.87190920          1.28433704          1.28433704          1.28433704
  17.475          0.94112492          0.94112492          0.94112492          1.28556108          1.28556108          1.28556108
  17.529          1.01083004          1.01083004          1.01083004          1.28667712          1.28667712          1.28667712
  17.583          1.07992756          1.07992756          1.07992756          1.28779519          1.28779519          1.28779519
  17.637          1.14770508          1.14770508          1.14770508          1.28902578          1.28902578          1.28902578
  17.690          1.21366131          1.21366131          1.21366131          1.29047775          1.29047775          1.29047775
  17.744          1.27738535          1.27738535          1.27738535          1.29225910          1.29225910          1.29225910
  17.798          1.33840156          1.33840156          1.33840156          1.29447579          1.29447579          1.29447579
  17.852          1.39617658          1.39617658          1.39617658          1.29722762          1.29722762          1.29722762
  17.905          1.45008612          1.45008612          1.45008612          1.30060828          1.30060828          1.30060828
  17.959          1.49948680          1.49948680          1.49948680          1.30470359          1.30470359          1.30470359
  18.013          1.54384327          1.54384327          1.54384327          1.30958915          1.30958915          1.30958915
  18.067          1.58268476          1.58268476          1.58268476          1.31533110          1.31533110          1.31533110
  18.120          1.61576879          1.61576879          1.61576879          1.32198775          1.32198775          1.32198775
  18.174          1.64305401          1.64305401          1.64305401          1.32960820          1.32960820          1.32960820
  18.228          1.66471982          1.66471982          1.66471982          1.33823466          1.33823466          1.33823466
  18.282          1.68110585          1.68110585          1.68110585          1.34789956          1.34789956          1.34789956
  18.336          1.69277012          1.69277012          1.69277012          1.35862136          1.35862136          1.35862136
  18.389          1.70032775          1.70032775          1.70032775          1.37039816          1.37039816          1.37039816
  18.443          1.70452154          1.70452154          1.70452154          1.38319993          1.38319993          1.38319993
  18.497          1.70604169          1.70604169          1.70604169          1.39695895          1.39695895          1.39695895
  18.551          1.70558977          1.70558977          1.70558977          1.41156292          1.41156292          1.41156292
  18.604          1.70379770          1.70379770          1.70379770          1.42685294          1.42685294          1.42685294
  18.658          1.70120871          1.70120871          1.70120871          1.44262385          1.44262385          1.44262385
  18.712          1.69828105          1.69828105          1.69828105          1.45862997          1.45862997          1.45862997
  18.766          1.69532096          1.69532096          1.69532096          1.47459352          1.47459352          1.47459352
  18.819          1.69257700          1.69257700          1.69257700          1.49021626          1.49021626          1.49021626
  18.873          1.69016707          1.69016707          1.69016707          1.50519156          1.50519156          1.50519156
  18.927          1.68812692          1.68812692          1.68812692          1.51921761          1.51921761          1.51921761
  18.981          1.68642139          1.68642139          1.68642139          1.53201020          1.53201020          1.53201020
  19.035          1.68496740          1.68496740          1.68496740          1.54331529          1.54331529          1.54331529
  19.088          1.68366706          1.68366706          1.68366706          1.55291843          1.55291843          1.55291843
  19.142          1.68240869          1.68240869          1.68240869          1.56064904          1.56064904          1.56064904
  19.196          1.68111277          1.68111277          1.68111277          1.56638217          1.56638217          1.56638217
  19.250          1.67969131          1.67969131          1.67969131          1.57003367          1.57003367          1.57003367
  19.303          1.67812109          1.67812109          1.67812109          1.57155275          1.57155275          1.57155275
  19.357          1.67634594          1.67634594          1.67634594          1.57091320          1.57091320          1.57091320
  19.411          1.67437363          1.67437363          1.67437363          1.56810749          1.56810749          1.56810749
  19.465          1.67221797          1.67221797          1.67221797          1.56314194          1.56314194          1.56314194
  19.518          1.66988885          1.66988885          1.66988885          1.55603969          1.55603969          1.55603969
  19.572          1.66745853          1.66745853          1.66745853          1.54684651          1.54684651          1.54684651
  19.626          1.66501188          1.66501188          1.66501188          1.53563797          1.53563797          1.53563797
  19.680          1.66260278          1.66260278          1.66260278          1.52252841          1.52252841          1.52252841
  19.734          1.66036534          1.66036534          1.66036534          1.50767612          1.50767612          1.50767612
  19.787          1.65837419          1.65837419          1.65837419          1.49128473          1.49128473          1.49128473
  19.841          1.65666616          1.65666616          1.65666616          1.47359860          1.47359860          1.47359860
  19.895          1.65522981          1.65522981          1.65522981          1.45489526          1.45489526          1.45489526
  19.949          1.65399718          1.65399718          1.65399718          1.43547344          1.43547344          1.43547344
  20.002          1.65273345          1.65273345          1.65273345          1.41564047          1.41564047          1.41564047
  20.056          1.65115929          1.65115929          1.65115929          1.39569986          1.39569986          1.39569986
  20.110          1.64888608          1.64888608          1.64888608          1.37593758          1.37593758          1.37593758
  20.164          1.64538026          1.64538026          1.64538026          1.35661113          1.35661113          1.35661113
  20.218          1.64005506          1.64005506          1.64005506          1.33793986          1.33793986          1.33793986
  20.271          1.63225138          1.63225138          1.63225138          1.32009804          1.32009804          1.32009804
  20.325          1.62125337          1.62125337          1.62125337          1.30321324          1.30321324          1.30321324
  20.379          1.60638106          1.60638106          1.60638106          1.28736675          1.28736675          1.28736675
  20.433          1.58696246          1.58696246          1.58696246          1.27259982          1.27259982          1.27259982
  20.486          1.56245339          1.56245339          1.56245339          1.25892138          1.25892138          1.25892138
  20.540          1.53245652          1.53245652          1.53245652          1.24631786          1.24631786          1.24631786
  20.594          1.49673867          1.49673867          1.49673867          1.23475945          1.23475945          1.23475945
  20.648          1.45529449          1.45529449          1.45529449          1.22420609          1.22420609          1.22420609
  20.701          1.40830910          1.40830910          1.40830910          1.21460879          1.21460879          1.21460879
  20.755          1.35621679          1.35621679          1.35621679          1.20591092          1.20591092          1.20591092
  20.809          1.29950905          1.29950905          1.29950905          1.19804716          1.19804716          1.19804716
  20.863          1.23883009          1.23883009          1.23883009          1.19094265          1.19094265          1.19094265
  20.917          1.17481649          1.17481649          1.17481649          1.18451333          1.18451333          1.18451333
  20.970          1.10804403          1.10804403          1.10804403          1.17866576          1.17866576          1.17866576
  21.024          1.03900397          1.03900397          1.03900397          1.17329967          1.17329967          1.17329967
  21.078          0.96813035          0.96813035          0.96813035          1.16830897          1.16830897          1.16830897
  21.132          0.89586425          0.89586425          0.89586425          1.16358411          1.16358411          1.16358411
  21.185          0.82284415          0.82284415          0.82284415          1.15901351          1.15901351          1.15901351
  21.239          0.75003636          0.75003636          0.75003636          1.15448499          1.15448499          1.15448499
  21.293          0.67882568          0.67882568          0.67882568          1.14988589          1.14988589          1.14988589
  21.347          0.61106598          0.61106598          0.61106598          1.14510274          1.14510274          1.14510274
  21.400          0.54895359          0.54895359          0.54895359          1.14002037          1.14002037          1.14002037
  21.454          0.49478745          0.49478745          0.49478745          1.13452280          1.13452280          1.13452280
  21.508          0.45077354          0.45077354          0.45077354          1.12849188          1.12849188          1.12849188
  21.562          0.41874820          0.41874820          0.41874820          1.12180948          1.12180948          1.12180948
  21.616          0.40005466          0.40005466          0.40005466          1.11435854          1.11435854          1.11435854
  21.669          0.39540666          0.39540666          0.39540666          1.10602796          1.10602796          1.10602796
  21.723          0.40490958          0.40490958          0.40490958          1.09671450          1.09671450          1.09671450
  21.777          0.42797822          0.42797822          0.42797822          1.08632815          1.08632815          1.08632815
  21.831          0.46343848          0.46343848          0.46343848          1.07479417          1.07479417          1.07479417
  21.884          0.50955117          0.50955117          0.50955117          1.06205583          1.06205583          1.06205583
  21.938          0.56417346          0.56417346          0.56417346          1.04807520          1.04807520          1.04807520
  21.992          0.62496120          0.62496120          0.62496120          1.03283441          1.03283441          1.03283441
  22.046          0.68961763          0.68961763          0.68961763          1.01633501          1.01633501          1.01633501
  22.099          0.75611591          0.75611591          0.75611591          0.99859917          0.99859917          0.99859917
  22.153          0.82285810          0.82285810          0.82285810          0.97967118          0.97967118          0.97967118
  22.207          0.88869578          0.88869578          0.88869578          0.95962262          0.95962262          0.95962262
  22.261          0.95285082          0.95285082          0.95285082          0.93855584          0.93855584          0.93855584
  22.315          1.01475036          1.01475036          1.01475036          0.91660857          0.91660857          0.91660857
  22.368          1.07390034          1.07390034          1.07390034          0.89395589          0.89395589          0.89395589
  22.422          1.12976229          1.12976229          1.12976229          0.87080860          0.87080860          0.87080860
  22.476          1.18168449          1.18168449          1.18168449          0.84740740          0.84740740          0.84740740
  22.530          1.22898388          1.22898388          1.22898388          0.82401347          0.82401347          0.82401347
  22.583          1.27093470          1.27093470          1.27093470          0.80089879          0.80089879          0.80089879
  22.637          1.30687761          1.30687761          1.30687761          0.77833444          0.77833444          0.77833444
  22.691          1.33626604          1.33626604          1.33626604          0.75657964          0.75657964          0.75657964
  22.745          1.35871017          1.35871017          1.35871017          0.73587286          0.73587286          0.73587286
  22.798          1.37395108          1.37395108          1.37395108          0.71642262          0.71642262          0.71642262
  22.852          1.38186085          1.38186085          1.38186085          0.69839799          0.69839799          0.69839799
  22.906          1.38238883          1.38238883          1.38238883          0.68192035          0.68192035          0.68192035
  22.960          1.37553978          1.37553978          1.37553978          0.66705352          0.66705352          0.66705352
  23.014          1.36133564          1.36133564          1.36133564          0.65379614          0.65379614          0.65379614
  23.067          1.33974421          1.33974421          1.33974421          0.64207560          0.64207560          0.64207560
  23.121          1.31076252          1.31076252          1.31076252          0.63174403          0.63174403          0.63174403
  23.175          1.27439082          1.27439082          1.27439082          0.62257779          0.62257779          0.62257779
  23.229          1.23068786          1.23068786          1.23068786          0.61427927          0.61427927          0.61427927
  23.282          1.17980909          1.17980909          1.17980909          0.60648102          0.60648102          0.60648102
  23.336          1.12206852          1.12206852          1.12206852          0.59875119          0.59875119          0.59875119
  23.390          1.05793512          1.05793512          1.05793512          0.59060156          0.59060156          0.59060156
  23.444          0.98801023          0.98801023          0.98801023          0.58149785          0.58149785          0.58149785
  23.497          0.91299057          0.91299057          0.91299057          0.57087213          0.57087213          0.57087213
  23.551          0.83362335          0.83362335          0.83362335          0.55814099          0.55814099          0.55814099
  23.605          0.75062770          0.75062770          0.75062770          0.54272449          0.54272449          0.54272449
  23.659          0.66465014          0.66465014          0.66465014          0.52406788          0.52406788          0.52406788
  23.713          0.57628781          0.57628781          0.57628781          0.50166154          0.50166154          0.50166154
  23.766          0.48615277          0.48615277          0.48615277          0.47505602          0.47505602          0.47505602
  23.820          0.39499247          0.39499247          0.39499247          0.44387010          0.44387010          0.44387010
  23.874          0.30385050          0.30385050          0.30385050          0.40779054          0.40779054          0.40779054
  23.928          0.21417819          0.21417819          0.21417819          0.36656547          0.36656547          0.36656547
  23.981          0.12782960          0.12782960          0.12782960          0.31999594          0.31999594          0.31999594
  24.035          0.04696852          0.04696852          0.04696852          0.26792935          0.26792935          0.26792935
  24.089         -0.02613595         -0.02613595         -0.02613595          0.21026318          0.21026318          0.21026318
  24.143         -0.08936688         -0.08936688         -0.08936688          0.14695905          0.14695905          0.14695905
  24.196         -0.14099379         -0.14099379         -0.14099379          0.07806698          0.07806698          0.07806698
  24.250         -0.17982304         -0.17982304         -0.17982304          0.00375645          0.00375645          0.00375645
  24.304         -0.20528682         -0.20528682         -0.20528682         -0.07565659         -0.07565659         -0.07565659
  24.358         -0.21748681         -0.21748681         -0.21748681         -0.15969206         -0.15969206         -0.15969206
  24.412         -0.21718904         -0.21718904         -0.21718904         -0.24770601         -0.24770601         -0.24770601
  24.465         -0.20581448         -0.20581448         -0.20581448         -0.33890706         -0.33890706         -0.33890706
  24.519         -0.18544473         -0.18544473         -0.18544473         -0.43238720         -0.43238720         -0.43238720
  24.573         -0.15870680         -0.15870680         -0.15870680         -0.52716106         -0.52716106         -0.52716106
  24.627         -0.12863004         -0.12863004         -0.12863004         -0.62220788         -0.62220788         -0.62220788
  24.680         -0.09843541         -0.09843541         -0.09843541         -0.71651405         -0.71651405         -0.71651405
  24.734         -0.07129008         -0.07129008         -0.07129008         -0.80911690         -0.80911690         -0.80911690
  24.788         -0.05015440         -0.05015440         -0.05015440         -0.89914513         -0.89914513         -0.89914513
  24.842         -0.03768893         -0.03768893         -0.03768893         -0.98585790         -0.98585790         -0.98585790
  24.895         -0.03631618         -0.03631618         -0.03631618         -1.06867599         -1.06867599         -1.06867599
  24.949         -0.04831522         -0.04831522         -0.04831522         -1.14720213         -1.14720213         -1.14720213
  25.003         -0.07595856         -0.07595856         -0.07595856         -1.22122622         -1.22122622         -1.22122622
  25.057         -0.12151920         -0.12151920         -0.12151920         -1.29071534         -1.29071534         -1.29071534
  25.111         -0.18723434         -0.18723434         -0.18723434         -1.35579526         -1.35579526         -1.35579526
  25.164         -0.27513325         -0.27513325         -0.27513325         -1.41672969         -1.41672969         -1.41672969
  25.218         -0.38681537         -0.38681537         -0.38681537         -1.47390246         -1.47390246         -1.47390246
  25.272         -0.52322096         -0.52322096         -0.52322096         -1.52780688         -1.52780688         -1.52780688
  25.326         -0.68447238         -0.68447238         -0.68447238         -1.57904601         -1.57904601         -1.57904601
  25.379         -0.86983508         -0.86983508         -0.86983508         -1.62833035         -1.62833035         -1.62833035
  25.433         -1.07779276         -1.07779276         -1.07779276         -1.67647874         -1.67647874         -1.67647874
  25.487         -1.30628109         -1.30628109         -1.30628109         -1.72440970         -1.72440970         -1.72440970
  25.541         -1.55297577         -1.55297577         -1.55297577         -1.77312398         -1.77312398         -1.77312398
  25.594         -1.81554008         -1.81554008         -1.81554008         -1.82368255         -1.82368255         -1.82368255
  25.648         -2.09176230         -2.09176230         -2.09176230         -1.87717438         -1.87717438         -1.87717438
  25.702         -2.37941194         -2.37941194         -2.37941194         -1.93468845         -1.93468845         -1.93468845
  25.756         -2.67588067         -2.67588067         -2.67588067         -1.99728632         -1.99728632         -1.99728632
  25.810         -2.97756529         -2.97756529         -2.97756529         -2.06598043         -2.06598043         -2.06598043
  25.863         -3.27933216         -3.27933216         -3.27933216         -2.14172387         -2.14172387         -2.14172387
  25.917         -3.57418871         -3.57418871         -3.57418871         -2.22540236         -2.22540236         -2.22540236
  25.971         -3.85344982         -3.85344982         -3.85344982         -2.31783175         -2.31783175         -2.31783175
  26.025         -4.10733557         -4.10733557         -4.10733557         -2.41975069         -2.41975069         -2.41975069
  26.078         -4.32601786         -4.32601786         -4.32601786         -2.53179765         -2.53179765         -2.53179765
  26.132         -4.50060081         -4.50060081         -4.50060081         -2.65446901         -2.65446901         -2.65446901
  26.186         -4.62401772         -4.62401772         -4.62401772         -2.78805876         -2.78805876         -2.78805876
  26.240         -4.69157791         -4.69157791         -4.69157791         -2.93257856         -2.93257856         -2.93257856
  26.294         -4.70113897         -4.70113897         -4.70113897         -3.08768773         -3.08768773         -3.08768773
  26.347         -4.65320635         -4.65320635         -4.65320635         -3.25264120         -3.25264120         -3.25264120
  26.401         -4.55103970         -4.55103970         -4.55103970         -3.42627525         -3.42627525         -3.42627525
  26.455         -4.40047073         -4.40047073         -4.40047073         -3.60702848         -3.60702848         -3.60702848
  26.509         -4.20987415         -4.20987415         -4.20987415         -3.79300833         -3.79300833         -3.79300833
  26.562         -3.98959970         -3.98959970         -3.98959970         -3.98207164         -3.98207164         -3.98207164
  26.616         -3.75128245         -3.75128245         -3.75128245         -4.17192459         -4.17192459         -4.17192459
  26.670         -3.50685358         -3.50685358         -3.50685358         -4.36022139         -4.36022139         -4.36022139
  26.724         -3.26749110         -3.26749110         -3.26749110         -4.54465818         -4.54465818         -4.54465818
  26.777         -3.04305482         -3.04305482         -3.04305482         -4.72307539         -4.72307539         -4.72307539
  26.831         -2.84186625         -2.84186625         -2.84186625         -4.89354038         -4.89354038         -4.89354038
  26.885         -2.67103791         -2.67103791         -2.67103791         -5.05441809         -5.05441809         -5.05441809
  26.939         -2.53690267         -2.53690267         -2.53690267         -5.20441866         -5.20441866         -5.20441866
  26.993         -2.44566989         -2.44566989         -2.44566989         -5.34260750         -5.34260750         -5.34260750
  27.046         -2.40357542         -2.40357542         -2.40357542         -5.46838665         -5.46838665         -5.46838665
  27.100         -2.41685796         -2.41685796         -2.41685796         -5.58145237         -5.58145237         -5.58145237
  27.154         -2.49128723         -2.49128723         -2.49128723         -5.68174505         -5.68174505         -5.68174505
  27.208         -2.63157010         -2.63157010         -2.63157010         -5.76940441         -5.76940441         -5.76940441
  27.261         -2.84074426         -2.84074426         -2.84074426         -5.84474325         -5.84474325         -5.84474325
  27.315         -3.11962891         -3.11962891         -3.11962891         -5.90823746         -5.90823746         -5.90823746
  27.369         -3.46672511         -3.46672511         -3.46672511         -5.96052742         -5.96052742         -5.96052742
  27.423         -3.87842894         -3.87842894         -3.87842894         -6.00242376         -6.00242376         -6.00242376
  27.476         -4.34947062         -4.34947062         -4.34947062         -6.03491354         -6.03491354         -6.03491354
  27.530         -4.87371922         -4.87371922         -4.87371922         -6.05915594         -6.05915594         -6.05915594
  27.584         -5.44478798         -5.44478798         -5.44478798         -6.07648134         -6.07648134         -6.07648134
  27.638         -6.05647135         -6.05647135         -6.05647135         -6.08837223         -6.08837223         -6.08837223
  27.692         -6.70263720         -6.70263720         -6.70263720         -6.09644985         -6.09644985         -6.09644985
  27.745         -7.37628746         -7.37628746         -7.37628746         -6.10245085         -6.10245085         -6.10245085
  27.799         -8.06846905         -8.06846905         -8.06846905         -6.10819387         -6.10819387         -6.10819387
  27.853         -8.76691723         -8.76691723         -8.76691723         -6.11554098         -6.11554098         -6.11554098
  27.907         -9.45509243         -9.45509243         -9.45509243         -6.12636089         -6.12636089         -6.12636089
  27.960        -10.11242390        -10.11242390        -10.11242390         -6.14248896         -6.14248896         -6.14248896
  28.014        -10.71573257        -10.71573257        -10.71573257         -6.16568995         -6.16568995         -6.16568995
  28.068        -11.24120522        -11.24120522        -11.24120522         -6.19763184         -6.19763184         -6.19763184
  28.122        -11.66664505        -11.66664505        -11.66664505         -6.23984528         -6.23984528         -6.23984528
  28.175        -11.97400093        -11.97400093        -11.97400093         -6.29367352         -6.29367352         -6.29367352
  28.229        -12.15021133        -12.15021133        -12.15021133         -6.36020088         -6.36020088         -6.36020088
  28.283        -12.18829060        -12.18829060        -12.18829060         -6.44016218         -6.44016218         -6.44016218
  28.337        -12.08729649        -12.08729649        -12.08729649         -6.53385639         -6.53385639         -6.53385639
  28.391        -11.85225582        -11.85225582        -11.85225582         -6.64106083         -6.64106083         -6.64106083
  28.444        -11.49466896        -11.49466896        -11.49466896         -6.76100016         -6.76100016         -6.76100016
  28.498        -11.03128624        -11.03128624        -11.03128624         -6.89235258         -6.89235258         -6.89235258
  28.552        -10.48343849        -10.48343849        -10.48343849         -7.03330946         -7.03330946         -7.03330946
  28.606         -9.87515163         -9.87515163         -9.87515163         -7.18166351         -7.18166351         -7.18166351
  28.659         -9.23089027         -9.23089027         -9.23089027         -7.33490801         -7.33490801         -7.33490801
  28.713         -8.57309914         -8.57309914         -8.57309914         -7.49034119         -7.49034119         -7.49034119
  28.767         -7.92069626         -7.92069626         -7.92069626         -7.64516306         -7.64516306         -7.64516306
  28.821         -7.28855562         -7.28855562         -7.28855562         -7.79656410         -7.79656410         -7.79656410
  28.874         -6.68799305         -6.68799305         -6.68799305         -7.94181871         -7.94181871         -7.94181871
  28.928         -6.12797594         -6.12797594         -6.12797594         -8.07837391         -8.07837391         -8.07837391
  28.982         -5.61660147         -5.61660147         -5.61660147         -8.20393848         -8.20393848         -8.20393848
  29.036         -5.16210556         -5.16210556         -5.16210556         -8.31653786         -8.31653786         -8.31653786
  29.090         -4.77311802         -4.77311802         -4.77311802         -8.41456127         -8.41456127         -8.41456127
  29.143         -4.45873642         -4.45873642         -4.45873642         -8.49676228         -8.49676228         -8.49676228
  29.197         -4.22742844         -4.22742844         -4.22742844         -8.56222916         -8.56222916         -8.56222916
  29.251         -4.08636665         -4.08636665         -4.08636665         -8.61036587         -8.61036587         -8.61036587
  29.305         -4.04033422         -4.04033422         -4.04033422         -8.64083767         -8.64083767         -8.64083767
  29.358         -4.09118319         -4.09118319         -4.09118319         -8.65354633         -8.65354633         -8.65354633
  29.412         -4.23752689         -4.23752689         -4.23752689         -8.64862442         -8.64862442         -8.64862442
  29.466         -4.47485542         -4.47485542         -4.47485542         -8.62642765         -8.62642765         -8.62642765
  29.520         -4.79624557         -4.79624557         -4.79624557         -8.58756256         -8.58756256         -8.58756256
  29.573         -5.19308186         -5.19308186         -5.19308186         -8.53291988         -8.53291988         -8.53291988
  29.627         -5.65618277         -5.65618277         -5.65618277         -8.46371269         -8.46371269         -8.46371269
  29.681         -6.17646551         -6.17646551         -6.17646551         -8.38152599         -8.38152599         -8.38152599
  29.735         -6.74543619         -6.74543619         -6.74543619         -8.28833675         -8.28833675         -8.28833675
  29.789         -7.35489559         -7.35489559         -7.35489559         -8.18650627         -8.18650627         -8.18650627
  29.842         -7.99603844         -7.99603844         -7.99603844         -8.07874584         -8.07874584         -8.07874584
  29.896         -8.65819263         -8.65819263         -8.65819263         -7.96803522         -7.96803522         -7.96803522
  29.950         -9.32741451         -9.32741451         -9.32741451         -7.85752821         -7.85752821         -7.85752821
  30.004         -9.98601246         -9.98601246         -9.98601246         -7.75044680         -7.75044680         -7.75044680
  30.057        -10.61235714        -10.61235714        -10.61235714         -7.64997816         -7.64997816         -7.64997816
  30.111        -11.18295097        -11.18295097        -11.18295097         -7.55918503         -7.55918503         -7.55918503
  30.165        -11.67403984        -11.67403984        -11.67403984         -7.48092270         -7.48092270         -7.48092270
  30.219        -12.06429195        -12.06429195        -12.06429195         -7.41773415         -7.41773415         -7.41773415
  30.272        -12.33652592        -12.33652592        -12.33652592         -7.37176514         -7.37176514         -7.37176514
  30.326        -12.47868156        -12.47868156        -12.47868156         -7.34465122         -7.34465122         -7.34465122
  30.380        -12.48462772        -12.48462772        -12.48462772         -7.33742857         -7.33742857         -7.33742857
  30.434        -12.35428905        -12.35428905        -12.35428905         -7.35046339         -7.35046339         -7.35046339
  30.488        -12.09323978        -12.09323978        -12.09323978         -7.38342619         -7.38342619         -7.38342619
  30.541        -11.71313953        -11.71313953        -11.71313953         -7.43532038         -7.43532038         -7.43532038
  30.595        -11.23087692        -11.23087692        -11.23087692         -7.50454807         -7.50454807         -7.50454807
  30.649        -10.66765690        -10.66765690        -10.66765690         -7.58900642         -7.58900642         -7.58900642
  30.703        -10.04711437        -10.04711437        -10.04711437         -7.68619108         -7.68619108         -7.68619108
  30.756         -9.39315796         -9.39315796         -9.39315796         -7.79329634         -7.79329634         -7.79329634
  30.810         -8.72752762         -8.72752762         -8.72752762         -7.90730095         -7.90730095         -7.90730095
  30.864         -8.06840897         -8.06840897         -8.06840897         -8.02505875         -8.02505875         -8.02505875
  30.918         -7.43023062         -7.43023062         -7.43023062         -8.14338398         -8.14338398         -8.14338398
  30.971         -6.82385445         -6.82385445         -6.82385445         -8.25915051         -8.25915051         -8.25915051
  31.025         -6.25815582         -6.25815582         -6.25815582         -8.36939240         -8.36939240         -8.36939240
  31.079         -5.74144363         -5.74144363         -5.74144363         -8.47140884         -8.47140884         -8.47140884
  31.133         -5.28204870         -5.28204870         -5.28204870         -8.56284142         -8.56284142         -8.56284142
  31.187         -4.88893890         -4.88893890         -4.88893890         -8.64172459         -8.64172459         -8.64172459
  31.240         -4.57129908         -4.57129908         -4.57129908         -8.70649719         -8.70649719         -8.70649719
  31.294         -4.33768415         -4.33768415         -4.33768415         -8.75598145         -8.75598145         -8.75598145
  31.348         -4.19514465         -4.19514465         -4.19514465         -8.78935242         -8.78935242         -8.78935242
  31.402         -4.14826679         -4.14826679         -4.14826679         -8.80609035         -8.80609035         -8.80609035
  31.455         -4.19862366         -4.19862366         -4.19862366         -8.80595684         -8.80595684         -8.80595684
  31.509         -4.34451485         -4.34451485         -4.34451485         -8.78897476         -8.78897476         -8.78897476
  31.563         -4.58119202         -4.58119202         -4.58119202         -8.75542641         -8.75542641         -8.75542641
  31.617         -4.90155792         -4.90155792         -4.90155792         -8.70587063         -8.70587063         -8.70587063
  31.671         -5.29699087         -5.29699087         -5.29699087         -8.64117813         -8.64117813         -8.64117813
  31.724         -5.75829887         -5.75829887         -5.75829887         -8.56256771         -8.56256771         -8.56256771
  31.778         -6.27658272         -6.27658272         -6.27658272         -8.47164345         -8.47164345         -8.47164345
  31.832         -6.84343290         -6.84343290         -6.84343290         -8.37040710         -8.37040710         -8.37040710
  31.886         -7.45063305         -7.45063305         -7.45063305         -8.26124954         -8.26124954         -8.26124954
  31.939         -8.08923817         -8.08923817         -8.08923817         -8.14689827         -8.14689827         -8.14689827
  31.993         -8.74816227         -8.74816227         -8.74816227         -8.03033447         -8.03033447         -8.03033447
  32.047         -9.41288090         -9.41288090         -9.41288090         -7.91469336         -7.91469336         -7.91469336
  32.101        -10.06506538        -10.06506538        -10.06506538         -7.80315781         -7.80315781         -7.80315781
  32.154        -10.68272686        -10.68272686        -10.68272686         -7.69886923         -7.69886923         -7.69886923
  32.208        -11.24188995        -11.24188995        -11.24188995         -7.60482836         -7.60482836         -7.60482836
  32.262        -11.71914005        -11.71914005        -11.71914005         -7.52381754         -7.52381754         -7.52381754
  32.316        -12.09331322        -12.09331322        -12.09331322         -7.45831156         -7.45831156         -7.45831156
  32.370        -12.34780693        -12.34780693        -12.34780693         -7.41037369         -7.41037369         -7.41037369
  32.423        -12.47132206        -12.47132206        -12.47132206         -7.38156033         -7.38156033         -7.38156033
  32.477        -12.45839882        -12.45839882        -12.45839882         -7.37282228         -7.37282228         -7.37282228
  32.531        -12.30965233        -12.30965233        -12.30965233         -7.38444233         -7.38444233         -7.38444233
  32.585        -12.03157139        -12.03157139        -12.03157139         -7.41601086         -7.41601086         -7.41601086
  32.638        -11.63646698        -11.63646698        -11.63646698         -7.46646452         -7.46646452         -7.46646452
  32.692        -11.14181995        -11.14181995        -11.14181995         -7.53414583         -7.53414583         -7.53414583
  32.746        -10.56937408        -10.56937408        -10.56937408         -7.61690903         -7.61690903         -7.61690903
  32.800         -9.94285870         -9.94285870         -9.94285870         -7.71221733         -7.71221733         -7.71221733
  32.853         -9.28605461         -9.28605461         -9.28605461         -7.81724262         -7.81724262         -7.81724262
  32.907         -8.62028122         -8.62028122         -8.62028122         -7.92895508         -7.92895508         -7.92895508
  32.961         -7.96327972         -7.96327972         -7.96327972         -8.04420185         -8.04420185         -8.04420185
  33.015         -7.32878637         -7.32878637         -7.32878637         -8.15980625         -8.15980625         -8.15980625
  33.069         -6.72741270         -6.72741270         -6.72741270         -8.27265930         -8.27265930         -8.27265930
  33.122         -6.16798306         -6.16798306         -6.16798306         -8.37982368         -8.37982368         -8.37982368
  33.176         -5.65862179         -5.65862179         -5.65862179         -8.47864151         -8.47864151         -8.47864151
  33.230         -5.20776224         -5.20776224         -5.20776224         -8.56679916         -8.56679916         -8.56679916
  33.284         -4.82445812         -4.82445812         -4.82445812         -8.64237785         -8.64237785         -8.64237785
  33.337         -4.51786947         -4.51786947         -4.51786947         -8.70386124         -8.70386124         -8.70386124
  33.391         -4.29639864         -4.29639864         -4.29639864         -8.75010967         -8.75010967         -8.75010967
  33.445         -4.16678381         -4.16678381         -4.16678381         -8.78033066         -8.78033066         -8.78033066
  33.499         -4.13323259         -4.13323259         -4.13323259         -8.79402924         -8.79402924         -8.79402924
  33.552         -4.19687271         -4.19687271         -4.19687271         -8.79098892         -8.79098892         -8.79098892
  33.606         -4.35557842         -4.35557842         -4.35557842         -8.77125168         -8.77125168         -8.77125168
  33.660         -4.60422564         -4.60422564         -4.60422564         -8.73511791         -8.73511791         -8.73511791
  33.714         -4.93542004         -4.93542004         -4.93542004         -8.68317413         -8.68317413         -8.68317413
  33.768         -5.34045982         -5.34045982         -5.34045982         -8.61631966         -8.61631966         -8.61631966
  33.821         -5.81014252         -5.81014252         -5.81014252         -8.53580952         -8.53580952         -8.53580952
  33.875         -6.33566618         -6.33566618         -6.33566618         -8.44328785         -8.44328785         -8.44328785
  33.929         -6.90855932         -6.90855932         -6.90855932         -8.34079933         -8.34079933         -8.34079933
  33.983         -7.52073383         -7.52073383         -7.52073383         -8.23077488         -8.23077488         -8.23077488
  34.036         -8.16287613         -8.16287613         -8.16287613         -8.11597061         -8.11597061         -8.11597061
  34.090         -8.82356358         -8.82356358         -8.82356358         -7.99939251         -7.99939251         -7.99939251
  34.144         -9.48790932         -9.48790932         -9.48790932         -7.88417864         -7.88417864         -7.88417864
  34.198        -10.13683796        -10.13683796        -10.13683796         -7.77351189         -7.77351189         -7.77351189
  34.251        -10.74793530        -10.74793530        -10.74793530         -7.67051363         -7.67051363         -7.67051363
  34.305        -11.29744816        -11.29744816        -11.29744816         -7.57815981         -7.57815981         -7.57815981
  34.359        -11.76185322        -11.76185322        -11.76185322         -7.49919605         -7.49919605         -7.49919605
  34.413        -12.12068558        -12.12068558        -12.12068558         -7.43604422         -7.43604422         -7.43604422
  34.467        -12.35789013        -12.35789013        -12.35789013         -7.39070845         -7.39070845         -7.39070845
  34.520        -12.46306896        -12.46306896        -12.46306896         -7.36466408         -7.36466408         -7.36466408
  34.574        -12.43163586        -12.43163586        -12.43163586         -7.35877752         -7.35877752         -7.35877752
  34.628        -12.26477432        -12.26477432        -12.26477432         -7.37323332         -7.37323332         -7.37323332
  34.682        -11.96998119        -11.96998119        -11.96998119         -7.40753412         -7.40753412         -7.40753412
  34.735        -11.56026554        -11.56026554        -11.56026554         -7.46052790         -7.46052790         -7.46052790
  34.789        -11.05373383        -11.05373383        -11.05373383         -7.53048515         -7.53048515         -7.53048515
  34.843        -10.47256756        -10.47256756        -10.47256756         -7.61520052         -7.61520052         -7.61520052
  34.897         -9.84068871         -9.84068871         -9.84068871         -7.71209145         -7.71209145         -7.71209145
  34.950         -9.18159103         -9.18159103         -9.18159103         -7.81829739         -7.81829739         -7.81829739
  35.004         -8.51607990         -8.51607990         -8.51607990         -7.93076515         -7.93076515         -7.93076515
  35.058         -7.86152554         -7.86152554         -7.86152554         -8.04633617         -8.04633617         -8.04633617
  35.112         -7.23108149         -7.23108149         -7.23108149         -8.16183281         -8.16183281         -8.16183281
  35.166         -6.63504219         -6.63504219         -6.63504219         -8.27416515         -8.27416515         -8.27416515
  35.219         -6.08204412         -6.08204412         -6.08204412         -8.38042927         -8.38042927         -8.38042927
  35.273         -5.58019590         -5.58019590         -5.58019590         -8.47800922         -8.47800922         -8.47800922
  35.327         -5.13808823         -5.13808823         -5.13808823         -8.56464291         -8.56464291         -8.56464291
  35.381         -4.76484060         -4.76484060         -4.76484060         -8.63846874         -8.63846874         -8.63846874
  35.434         -4.46947098         -4.46947098         -4.46947098         -8.69801998         -8.69801998         -8.69801998
  35.488         -4.26024294         -4.26024294         -4.26024294         -8.74221134         -8.74221134         -8.74221134
  35.542         -4.14365101         -4.14365101         -4.14365101         -8.77028942         -8.77028942         -8.77028942
  35.596         -4.12345028         -4.12345028         -4.12345028         -8.78180027         -8.78180027         -8.78180027
  35.649         -4.20033932         -4.20033932         -4.20033932         -8.77656269         -8.77656269         -8.77656269
  35.703         -4.37172699         -4.37172699         -4.37172699         -8.75465298         -8.75465298         -8.75465298
  35.757         -4.63222075         -4.63222075         -4.63222075         -8.71640968         -8.71640968         -8.71640968
  35.811         -4.97412348         -4.97412348         -4.97412348         -8.66246033         -8.66246033         -8.66246033
  35.865         -5.38859606         -5.38859606         -5.38859606         -8.59374905         -8.59374905         -8.59374905
  35.918         -5.86650133         -5.86650133         -5.86650133         -8.51158333         -8.51158333         -8.51158333
  35.972         -6.39901352         -6.39901352         -6.39901352         -8.41765976         -8.41765976         -8.41765976
  36.026         -6.97787142         -6.97787142         -6.97787142         -8.31408119         -8.31408119         -8.31408119
  36.080         -7.59477425         -7.59477425         -7.59477425         -8.20332336         -8.20332336         -8.20332336
  36.133         -8.24029064         -8.24029064         -8.24029064         -8.08818626         -8.08818626         -8.08818626
  36.187         -8.90256786         -8.90256786         -8.90256786         -7.97169399         -7.97169399         -7.97169399
  36.241         -9.56605530         -9.56605530         -9.56605530         -7.85700130         -7.85700130         -7.85700130
  36.295        -10.21125031        -10.21125031        -10.21125031         -7.74728727         -7.74728727         -7.74728727
  36.348        -10.81554222        -10.81554222        -10.81554222         -7.64565611         -7.64565611         -7.64565611
  36.402        -11.35484886        -11.35484886        -11.35484886         -7.55506134         -7.55506134         -7.55506134
  36.456        -11.80605507        -11.80605507        -11.80605507         -7.47820711         -7.47820711         -7.47820711
  36.510        -12.14918900        -12.14918900        -12.14918900         -7.41746569         -7.41746569         -7.41746569
  36.564        -12.36898994        -12.36898994        -12.36898994         -7.37477446         -7.37477446         -7.37477446
  36.617        -12.45581913        -12.45581913        -12.45581913         -7.35153151         -7.35153151         -7.35153151
  36.671        -12.40569687        -12.40569687        -12.40569687         -7.34850979         -7.34850979         -7.34850979
  36.725        -12.22101212        -12.22101212        -12.22101212         -7.36580372         -7.36580372         -7.36580372
  36.779        -11.90970707        -11.90970707        -11.90970707         -7.40282345         -7.40282345         -7.40282345
  36.832        -11.48567390        -11.48567390        -11.48567390         -7.45833015         -7.45833015         -7.45833015
  36.886        -10.96770191        -10.96770191        -10.96770191         -7.53052759         -7.53052759         -7.53052759
  36.940        -10.37832642        -10.37832642        -10.37832642         -7.61714935         -7.61714935         -7.61714935
  36.994         -9.74143600         -9.74143600         -9.74143600         -7.71557188         -7.71557188         -7.71557188
  37.047         -9.08034897         -9.08034897         -9.08034897         -7.81508970         -7.81508970         -7.81508970
  37.101         -8.41555595         -8.41555595         -8.41555595         -7.92044401         -7.92044401         -7.92044401
  37.155         -7.76365232         -7.76365232         -7.76365232         -8.02846622         -8.02846622         -8.02846622
  37.209         -7.13744783         -7.13744783         -7.13744783         -8.13598633         -8.13598633         -8.13598633
  37.263         -6.54689598         -6.54689598         -6.54689598         -8.23993301         -8.23993301         -8.23993301
  37.316         -6.00045395         -6.00045395         -6.00045395         -8.33743572         -8.33743572         -8.33743572
  37.370         -5.50633860         -5.50633860         -5.50633860         -8.42592144         -8.42592144         -8.42592144
  37.424         -5.07318068         -5.07318068         -5.07318068         -8.50318527         -8.50318527         -8.50318527
  37.478         -4.71010351         -4.71010351         -4.71010351         -8.56741810         -8.56741810         -8.56741810
  37.531         -4.42608166         -4.42608166         -4.42608166         -8.61720657         -8.61720657         -8.61720657
  37.585         -4.22929430         -4.22929430         -4.22929430         -8.65151310         -8.65151310         -8.65151310
  37.639         -4.12574625         -4.12574625         -4.12574625         -8.66962719         -8.66962719         -8.66962719
  37.693         -4.11891079         -4.11891079         -4.11891079         -8.67113495         -8.67113495         -8.67113495
  37.747         -4.20899868         -4.20899868         -4.20899868         -8.65588856         -8.65588856         -8.65588856
  37.800         -4.39300060         -4.39300060         -4.39300060         -8.62400055         -8.62400055         -8.62400055
  37.854         -4.66515493         -4.66515493         -4.66515493         -8.57584667         -8.57584667         -8.57584667
  37.908         -5.01756430         -5.01756430         -5.01756430         -8.51209641         -8.51209641         -8.51209641
  37.962         -5.44136238         -5.44136238         -5.44136238         -8.43374062         -8.43374062         -8.43374062
  38.015         -5.92728519         -5.92728519         -5.92728519         -8.34213924         -8.34213924         -8.34213924
  38.069         -6.46667719         -6.46667719         -6.46667719         -8.23904324         -8.23904324         -8.23904324
  38.123         -7.05129719         -7.05129719         -7.05129719         -8.12660694         -8.12660694         -8.12660694
  38.177         -7.67278051         -7.67278051         -7.67278051         -8.00735474         -8.00735474         -8.00735474
  38.230         -8.32149315         -8.32149315         -8.32149315         -7.88412571         -7.88412571         -7.88412571
  38.284         -8.98500538         -8.98500538         -8.98500538         -7.75996685         -7.75996685         -7.75996685
  38.338         -9.64729404         -9.64729404         -9.64729404         -7.63804197         -7.63804197         -7.63804197
  38.392        -10.28841305        -10.28841305        -10.28841305         -7.52152443         -7.52152443         -7.52152443
  38.446        -10.88534832        -10.88534832        -10.88534832         -7.41350555         -7.41350555         -7.41350555
  38.499        -11.41398144        -11.41398144        -11.41398144         -7.31690502         -7.31690502         -7.31690502
  38.553        -11.85167217        -11.85167217        -11.85167217         -7.23439217         -7.23439217         -7.23439217
  38.607        -12.17887688        -12.17887688        -12.17887688         -7.16828442         -7.16828442         -7.16828442
  38.661        -12.38106918        -12.38106918        -12.38106918         -7.12045050         -7.12045050         -7.12045050
