   Atom                     Volume(s)
  ------------------------------------------------------------------------
     1   ...     489  494  501  508  509  517  525  599  600  602  603  709  710  765  789  794  795  835  838  846  865  869 1088
     2   ...      87   88   89  115  119  133  136  140  143  152  153  450  451  458  463  615  667  669
     3   ...     490  495  497  504  510  518  523  606  665  698  702  749  762  766  790  809  820  836  839  840  841  848  849  850  866  870 1089
     4   ...      92   93   94  121  123  129  144  145  155  156  172  174  418  452  453  460  466  511  512  530  614  616  670
     5   ...    1278 1294 1302 1353 1354 1552 1592 1593 1603 1624 1646 1660 1661 1704 1830 1831 1900
     6   ...     847  875  877  883  885  889 1044 1062 1064 1164 1177 1233 1239 1257 1263 1372 1387
     7   ...    1279 1290 1296 1298 1351 1357 1558 1566 1582 1604 1615 1625 1647 1648 1653 1657 1705 1712 1730 1832 1901
     8   ...     851  873  878  890  898  899  917 1041 1047 1094 1096 1106 1116 1129 1136 1146 1165 1182 1211 1216 1234 1240 1258 1316 1362 1367 1368 1375 1376 1377 1389 1512
     9   ...       1    2    3   47   48   53   63   65   75   80   81  109  114  118  388 1984 2002 2003 2004 2011 2012 2031 2032 2036 2251 2273 2303 2304 2305 2319
    10   ...    1710 1711 1726 1736 1740 1744 1838 1840 1912 1930 1969 2019 2039 2045 2050 2051 2198 2226
    11   ...       9   10   54   66   70   71   82   90   91  110  389 1987 2005 2009 2013 2015 2020 2033 2037 2224 2244 2252 2269 2274 2295 2306 2314 2320 2333
    12   ...    1713 1727 1737 1741 1745 1746 1754 1907 1916 1918 1931 1937 1971 1979 2021 2040 2044 2047 2053 2054 2055 2227
    13   ...     528  539  621  622  673  727  728  895  896  910  925  943  944 1043 1052 1053 1066 1075
    14   ...     201  202  225  235  247  251  255  268  269  290  318  396  400  423  467  471  479  481  556  627  689
    15   ...     529  534  535  540  541  628  744  746  753  782  785  811  897  912  916  928  929 1045 1046 1076
    16   ...     207  229  238  239  241  256  271  272  273  295  297  321  401  429  468  473  476  477  547  548  549  633  690
    17   ...    1310 1315 1320 1322 1327 1371 1386 1394 1403 1404 1405 1408 1427 1525 1621 1631 1667 1668 1850 1857 1858 1890
    18   ...     926  927  945  951  954  957  959  966  977 1102 1155 1202 1206 1243 1249 1271 1329 1406 1409 1423 1428 1444 1499 1501
    19   ...    1311 1318 1323 1373 1374 1388 1397 1412 1429 1526 1535 1541 1568 1584 1595 1598 1632 1639 1669 1752 1753 1762 1763 1843 1851 1852
    20   ...     930  946  952  963  968  979 1057 1101 1103 1107 1120 1125 1148 1150 1153 1156 1170 1203 1214 1244 1267 1272 1418 1430 1431 1446 1462 1518
    21   ...     151  176  182  183  191  200  223 2049 2066 2072 2079 2080 2083
    22   ...    1761 1775 1781 1793 1794 1807 1859 1863 1942 1960 1966 2084 2100 2101 2111 2112 2125 2129 2238
    23   ...     154  177  186  192  203  204  205  206  262 2052 2067 2073 2081 2085 2234 2236 2278 2299
    24   ...    1764 1765 1776 1782 1790 1792 1801 1804 1861 1864 1869 1909 1911 1920 1925 1938 1943 1954 1961 1973 2086 2094 2096 2102 2103 2114 2115 2116 2126 2130 2239
    25   ...     555  567  568  571  572  573  578  584  585  640  642  644  712  757  760  771  965  991  998 1012 1013 1021 1081
    26   ...       4    5    6    7    8   58  336  337  349  351  369  378  382  387  410  413  435  441  446  485  502  594  649  650  656  657
    27   ...     557  558  564  574  579  586  636  645  678  696  734  736  772  787  967  978  987  992 1000 1001 1015 1058 1059 1082
    28   ...      11   12   13   14   15   49   59   67  338  339  352  361  362  366  367  379  383  414  436  439  448  483  487  589  592  651  652  658  684
    29   ...    1333 1339 1344 1443 1474 1478 1578 1618 1619 1671 1672 1681 1810 1891 1892
    30   ...     818  819  999 1014 1026 1033 1068 1070 1121 1126 1140 1144 1196 1224 1230 1487 1489 1496 1508 1521
    31   ...    1334 1340 1345 1445 1464 1466 1475 1479 1570 1574 1600 1601 1613 1673 1674 1682 1795 1814 1819 1873 1893
    32   ...     821  822 1002 1016 1027 1028 1086 1110 1113 1139 1142 1192 1197 1215 1225 1253 1255 1276 1490 1491 1509 1538
    33   ...     267  312  313  315  316  317  330  357 2110 2136 2138 2145 2146 2149 2203 2204 2205 2242 2243 2267 2317 2318 2327 2328
    34   ...    1685 1813 1822 1879 1883 1886 1927 1948 1952 1958 1985 1986 2154 2155 2175 2187 2188 2194 2206 2220 2230
    35   ...     270  300  302  305  319  320  331  355  375 2113 2133 2139 2147 2150 2156 2157 2173 2207 2214 2216 2218 2256 2281 2283 2288 2323 2329 2336 2338
    36   ...    1686 1701 1815 1824 1828 1885 1905 1929 1956 1988 1989 1990 2158 2167 2169 2177 2178 2183 2189 2208 2222 2231
    37   ...     491  499  513  520  521  526  604  608  611  664  686  694  700  707  767  791  796  803  805  823  852  871 1037 1090
    38   ...     532  542  619  623  624  629  704  705  780  799  813  900  901  918  931 1073 1077
    39   ...     559  575  580  637  641  643  677  717  773  800  807  815  993  996 1003 1083
    40   ...    1280 1291 1299 1355 1359 1546 1553 1594 1605 1626 1629 1649 1656 1662 1706 1833 1902
    41   ...    1312 1324 1378 1399 1400 1415 1513 1550 1622 1633 1665 1755 1756 1766 1853 1898
    42   ...    1335 1341 1348 1468 1470 1471 1571 1620 1641 1644 1675 1811 1875 1894
    43   ...      16   17   55   72   76   77   83   84  111  390  394  395 1991 2006 2016 2022 2034 2195 2197 2253 2259 2264 2271 2275 2285 2294 2307 2313 2341
    44   ...     157  178  184  187  193  263 2056 2074 2077 2087 2088 2280 2297
    45   ...     274  275  308  310  322  332  363 2117 2137 2140 2143 2151 2159 2166 2179 2209 2247 2262 2289 2293 2302 2316 2324 2330
    46   ...      95   96   97  130  141  146  158  159  170  194  416  612
    47   ...     208  209  221  226  230  243  252  257  276  408  421  550  674
    48   ...      18   19   20   21   22   51   60  340  341  371  373  595  596  647  662
    49   ...     853  854  881  882  886  911 1039 1118 1179 1181 1212 1235 1261 1363 1364 1390 1396 1527
    50   ...     932  947  960  969  980  988 1055 1056 1131 1133 1152 1157 1172 1185 1188 1222 1245 1252 1265 1269 1410 1419 1447 1448 1530
    51   ...     824  825 1022 1024 1036 1112 1162 1176 1190 1194 1210 1226 1349 1485
    52   ...    1714 1715 1716 1717 1733 1735 1750 1922 1934 1982 2023 2057 2068 2071
    53   ...    1767 1779 1785 1789 1799 1802 1865 1914 1940 1944 1962 1968 1978 1980 2098 2104 2201
    54   ...    1687 1688 1689 1690 1691 1698 1702 1950 1992 2170 2184
    55   ...     125  127  138  160  179  189  197  231  245  420  444  682  752  764  801  817  914  919
    56   ...      23   24   25   52  277  278  279  291  303  309  445  570  601  715  719  738  997 1004 1005
    57   ...    1303 1305 1309 1498 1502 1516 1534 1543 1565 1586 1597 1611 1638 1844 1845 1888
    58   ...    1281 1285 1289 1295 1476 1505 1520 1537 1545 1551 1560 1561 1588 1609 1614 1645 1876 1880 1881 1904
    59   ...     258  426  693  706  721  732  748  758  778  816 1109 1189 1424 1432 1433
    60   ...     248  405  406  407  427  433  551  625  713  726 1029 1098 1123 1124 1208 1420 1434 1449 1450 1451 1531
    61   ...     428
    62   ...     430
    63   ...     246  292  425  431  434  683  711  725  742  802 1119 1128 1168 1175 1187 1220 1221 1275 1328 1330 1336 1452 1506
    64   ...     259  695  720  724  733  743  756  759  761  784 1072 1138 1174 1200 1201 1421 1425 1435 1436 1453 1454 1461 1503
    65   ...     126  131  135  139  169  173  198  236  264  399  681  714  731  740  798  915  933  934
    66   ...      26   27   50  280  281  294  299  323  342  409  680  716  730  739 1006
    67   ...    1304 1306 1307 1308 1331 1437 1517 1540 1544 1557 1563 1581 1608 1610 1637 1837 1842 1846 1847 1848 1889
    68   ...    1282 1286 1287 1288 1455 1480 1533 1547 1554 1562 1564 1589 1642 1871 1872 1877 1897
    69   ...      98   99  100  116  128  147  161  162  171  199  417  613
    70   ...     210  211  222  228  232  244  249  253  282  333  422  552  635  675
    71   ...      28   29   30   31   32  343  344  372  374  393  398  597  648  663
    72   ...     855  856  887  891  907  908 1040 1093 1169 1180 1183 1213 1236 1262 1361 1365 1395 1528
    73   ...     935  948  955  961  970  971  981  985 1054 1100 1132 1154 1158 1173 1186 1223 1246 1250 1266 1270 1422 1438 1456 1507 1532
    74   ...     826  827 1023 1025 1034 1115 1161 1163 1191 1195 1209 1227 1350 1486
    75   ...    1718 1719 1720 1721 1732 1734 1751 1923 1935 1983 2024 2058 2069 2200
    76   ...    1768 1780 1786 1787 1800 1806 1915 1941 1945 1963 1975 1977 1981 2099 2105 2106 2202
    77   ...    1692 1693 1694 1695 1699 1821 1827 1924 1951 1993 2171 2185 2190
    78   ...     492  500  505  506  522  527  605  609  687  701  708  751  768  776  777  792  797  804  828  834  842  857  858  859  867 1038 1091
    79   ...     101  102  103  122  124  132  148  149  164  165  175  419  454  455  461  462  464  514  515  610  617  671
    80   ...     493  496  498  507  516  519  524  607  666  699  703  750  763  769  793  810  831  837  843  844  845  861  862  863  868  872 1092
    81   ...     106  107  108  117  120  134  137  142  150  167  168  456  457  459  465  618  668  672
    82   ...    1283 1292 1300 1356 1360 1523 1524 1548 1555 1577 1580 1591 1606 1627 1630 1650 1655 1658 1700 1707 1708 1834 1835
    83   ...     860  874  879  892  893  904  905  921 1042 1048 1095 1097 1117 1130 1137 1147 1166 1184 1217 1218 1237 1241 1259 1317 1366 1369 1370 1380 1381 1382 1391 1515
    84   ...    1284 1293 1297 1301 1352 1358 1559 1567 1583 1607 1616 1628 1651 1652 1654 1659 1709 1723 1731 1836 1903
    85   ...     864  876  880  884  888  894 1051 1063 1065 1167 1178 1238 1242 1260 1264 1385 1393
    86   ...      33   34   56   64   78   79   85  112  391  443 1994 2007 2017 2025 2026 2196 2250 2254 2258 2260 2272 2276 2286 2308 2310 2321 2335 2340
    87   ...    1722 1728 1738 1742 1747 1748 1758 1908 1917 1919 1932 1936 1972 2027 2028 2041 2043 2048 2060 2061 2062 2228
    88   ...      40   41   57   69   73   74   86  104  105  113  392 1998 2008 2010 2014 2018 2029 2035 2038 2225 2245 2255 2270 2277 2296 2309 2315 2322 2334
    89   ...    1724 1725 1729 1739 1743 1749 1839 1841 1913 1933 1970 2030 2042 2046 2064 2065 2199 2229
    90   ...     533  536  543  546  620  626  630  688  722  741  770  781  806  814  902  903  909  920  923  924  936  937 1067 1074 1078
    91   ...     214  233  234  240  242  260  284  285  286  296  298  326  402  432  469  474  475  478  553  554  569  634  691
    92   ...     531  537  538  544  545  631  745  747  754  783  786  812  906  913  922  939  940 1049 1050 1079
    93   ...     219  220  227  237  250  254  261  288  289  293  329  397  403  424  470  472  480  482  563  632  692
    94   ...    1313 1321 1325 1379 1401 1402 1416 1417 1514 1549 1556 1617 1623 1634 1636 1663 1664 1666 1757 1769 1854 1899
    95   ...     938  949  964  973  982  989 1080 1099 1104 1108 1134 1149 1151 1159 1171 1204 1219 1247 1268 1273 1413 1439 1440 1458 1463 1519
    96   ...    1314 1319 1326 1383 1384 1392 1398 1414 1441 1529 1536 1542 1569 1585 1596 1599 1635 1640 1670 1759 1760 1772 1773 1849 1855 1856
    97   ...     941  942  950  953  956  958  962  976  984 1105 1160 1205 1207 1248 1251 1274 1332 1407 1411 1426 1442 1460 1500 1504
    98   ...     163  180  185  190  195  212  213  224  265  404 2059 2075 2078 2089 2090 2246 2261 2265 2268 2287 2298 2311 2342
    99   ...    1770 1771 1777 1783 1788 1791 1803 1805 1862 1866 1868 1870 1910 1921 1926 1939 1946 1955 1964 1974 2091 2095 2097 2107 2119 2120 2121 2127 2131 2240
   100   ...     166  181  188  196  215  216  217  218  266 2063 2070 2076 2082 2092 2235 2237 2279 2300
   101   ...    1774 1778 1784 1797 1798 1808 1860 1867 1947 1965 1967 2093 2108 2109 2123 2124 2128 2132 2241
   102   ...     560  565  576  581  582  587  590  638  676  718  723  729  755  774  779  808  972  986  994  995 1007 1017 1084
   103   ...      35   36   37   38   39   61   68  345  346  353  359  364  365  368  380  384  415  437  440  449  484  488  591  593  653  659  685
   104   ...     561  562  566  577  583  588  639  646  679  697  735  737  775  788  974  975  983  990 1009 1010 1019 1060 1061 1085
   105   ...      42   43   44   45   46   62  347  348  350  354  370  381  385  386  411  412  438  442  447  486  503  598  654  655  660  661
   106   ...    1337 1342 1347 1457 1469 1472 1473 1482 1483 1484 1572 1576 1579 1590 1643 1676 1677 1680 1683 1809 1812 1878 1895
   107   ...     829  830 1008 1018 1030 1031 1087 1111 1114 1135 1143 1193 1198 1228 1232 1254 1256 1277 1492 1493 1494 1510 1539
   108   ...    1338 1343 1346 1459 1465 1467 1477 1481 1573 1575 1587 1602 1612 1678 1679 1684 1796 1817 1820 1874 1896
   109   ...     832  833 1011 1020 1032 1035 1069 1071 1122 1127 1141 1145 1199 1229 1231 1488 1495 1497 1511 1522
   110   ...     283  306  311  314  324  325  334  358  360  376 2118 2134 2141 2144 2152 2160 2180 2210 2248 2249 2263 2266 2290 2292 2301 2312 2325 2331
   111   ...    1696 1703 1816 1825 1826 1829 1906 1957 1976 1995 1996 1997 2161 2168 2172 2181 2182 2186 2191 2211 2223 2232
   112   ...     287  301  304  307  327  328  335  356  377 2122 2135 2142 2148 2153 2162 2163 2174 2212 2215 2217 2219 2257 2282 2284 2291 2326 2332 2337 2339
   113   ...    1697 1818 1823 1882 1884 1887 1928 1949 1953 1959 1999 2000 2001 2164 2165 2176 2192 2193 2213 2221 2233
  ------------------------------------------------------------------------
