              -8042.6709143124
          0.001092181      -0.000000000      -0.000000001
         -0.000000000       0.001092181      -0.000000000
         -0.000000001      -0.000000000       0.000904056
          96
  1    79       0.000000441       0.000000630       0.004125815  Au
  1    79       0.000000170      -0.000000012       0.004125509  Au
  1    79       0.000000066      -0.000000051       0.004125877  Au
  1    79      -0.000000027       0.000000038       0.004125672  Au
  1    79       0.000000116       0.000000333       0.004125704  Au
  1    79       0.000000105      -0.000000012       0.004125682  Au
  1    79       0.000000070      -0.000000035       0.004125697  Au
  1    79      -0.000000108       0.000000000       0.004125514  Au
  1    79       0.000000512       0.000000025       0.000452515  Au
  1    79       0.000000206       0.000000099       0.000452405  Au
  1    79       0.000000143       0.000000570       0.000452578  Au
  1    79       0.000000312      -0.000000038       0.000452400  Au
  1    79       0.000000385       0.000000033       0.000452110  Au
  1    79      -0.000000012       0.000000357       0.000452163  Au
  1    79       0.000000276       0.000000650       0.000452528  Au
  1    79       0.000000681       0.000000038       0.000452259  Au
  1    79       0.000000549       0.000000799       0.028029699  Au
  1    79       0.000000631      -0.000000065       0.028029886  Au
  1    79       0.000000464       0.000000018       0.028029798  Au
  1    79       0.000000011       0.000000165       0.028029505  Au
  1    79       0.000000120       0.000000781       0.028029960  Au
  1    79       0.000000529       0.000000021       0.028029868  Au
  1    79       0.000000343      -0.000000032       0.028029637  Au
  1    79      -0.000000188      -0.000000160       0.028029332  Au
  1    79       0.000000718       0.000000023      -0.014840931  Au
  1    79       0.000000308       0.000000082      -0.014841152  Au
  1    79       0.000000243       0.000000687      -0.014840770  Au
  1    79       0.000000654      -0.000000005      -0.014840927  Au
  1    79       0.000000415       0.000000031      -0.014840954  Au
  1    79       0.000000079       0.000000393      -0.014841301  Au
  1    79       0.000000393       0.000000876      -0.014840976  Au
  1    79       0.000000673      -0.000000014      -0.014841091  Au
  1    79       0.000000818       0.000000844       0.016173820  Au
  1    79       0.000000743       0.000000056       0.016173879  Au
  1    79       0.000000170       0.000000053       0.016173637  Au
  1    79      -0.000000125       0.000000189       0.016173504  Au
  1    79      -0.000000004       0.000000781       0.016174109  Au
  1    79       0.000000308       0.000000055       0.016173597  Au
  1    79       0.000000462       0.000000003       0.016173552  Au
  1    79      -0.000000034      -0.000000010       0.016173429  Au
  1    79       0.000000446       0.000000016      -0.073884250  Au
  1    79      -0.000000124      -0.000000292      -0.073884067  Au
  1    79       0.000000036       0.000000467      -0.073884316  Au
  1    79       0.000000302       0.000000023      -0.073884491  Au
  1    79       0.000000255       0.000000028      -0.073884470  Au
  1    79      -0.000000131      -0.000000122      -0.073884215  Au
  1    79      -0.000000006       0.000000541      -0.073884202  Au
  1    79       0.000000133       0.000000010      -0.073884273  Au
  1    79       0.000000306       0.000000553       0.039196522  Au
  1    79       0.000000292       0.000000029       0.039196415  Au
  1    79       0.000000124      -0.000000011       0.039196572  Au
  1    79      -0.000000003      -0.000000014       0.039196538  Au
  1    79       0.000000224       0.000000621       0.039196671  Au
  1    79       0.000000172       0.000000000       0.039196581  Au
  1    79       0.000000157       0.000000034       0.039196572  Au
  1    79      -0.000000009      -0.000000023       0.039196582  Au
  1    79       0.000000012       0.000000023       0.030987804  Au
  1    79       0.000000044      -0.000000091       0.030987731  Au
  1    79       0.000000040       0.000000287       0.030987677  Au
  1    79      -0.000000209      -0.000000017       0.030987804  Au
  1    79      -0.000000173       0.000000024       0.030987806  Au
  1    79      -0.000000110      -0.000000197       0.030987739  Au
  1    79      -0.000000015       0.000000198       0.030987547  Au
  1    79      -0.000000267       0.000000045       0.030987777  Au
  1    79       0.000000433       0.000000577      -0.021004612  Au
  1    79       0.000000387       0.000000000      -0.021004858  Au
  1    79       0.000000166      -0.000000065      -0.021004358  Au
  1    79      -0.000000007       0.000000365      -0.021005233  Au
  1    79       0.000000151       0.000000629      -0.021004216  Au
  1    79       0.000000237       0.000000025      -0.021004429  Au
  1    79       0.000000510      -0.000000021      -0.021004671  Au
  1    79       0.000000261       0.000000189      -0.021005076  Au
  1    79       0.000000755      -0.000000068       0.019666616  Au
  1    79       0.000000303       0.000000128       0.019666237  Au
  1    79       0.000000308       0.000000706       0.019666847  Au
  1    79       0.000000491      -0.000000011       0.019666128  Au
  1    79       0.000000601       0.000000015       0.019666271  Au
  1    79      -0.000000048       0.000000208       0.019666322  Au
  1    79       0.000000118       0.000000862       0.019666651  Au
  1    79       0.000000682      -0.000000022       0.019666518  Au
  1    79       0.000000736       0.000001010      -0.030229598  Au
  1    79       0.000000969       0.000000055      -0.030229773  Au
  1    79       0.000000638      -0.000000018      -0.030229613  Au
  1    79      -0.000000101       0.000000175      -0.030230054  Au
  1    79       0.000000286       0.000001120      -0.030229324  Au
  1    79       0.000000449       0.000000014      -0.030229679  Au
  1    79       0.000000399       0.000000022      -0.030229753  Au
  1    79      -0.000000023      -0.000000068      -0.030230304  Au
  1    79       0.000001164      -0.000000022       0.000603740  Au
  1    79       0.000000346       0.000000126       0.000603695  Au
  1    79       0.000000137       0.000001089       0.000603822  Au
  1    79       0.000000816      -0.000000012       0.000603913  Au
  1    79       0.000000775      -0.000000006       0.000604033  Au
  1    79      -0.000000122       0.000000303       0.000603903  Au
  1    79      -0.000000106       0.000001108       0.000603854  Au
  1    79       0.000000776       0.000000039       0.000603894  Au
