   0.000        -13.24963665        -13.24963665         -8.86626244         -8.86626244         -8.86626244
   0.113        -12.87308025        -12.87308025         -8.72630596         -8.72630596         -8.72630596
   0.226        -11.81842422        -11.81842422         -8.69996357         -8.69996357         -8.69996357
   0.339        -10.29308224        -10.29308224         -8.77242661         -8.77242661         -8.77242661
   0.452         -8.55898190         -8.55898190         -8.91620159         -8.91620159         -8.91620159
   0.565         -6.83721781         -6.83721781         -9.09526443         -9.09526443         -9.09526443
   0.678         -5.28309536         -5.28309536         -9.27056599         -9.27056599         -9.27056599
   0.791         -4.02039433         -4.02039433         -9.40606689         -9.40606689         -9.40606689
   0.905         -3.15979004         -3.15979004         -9.47359276         -9.47359276         -9.47359276
   1.018         -2.78529525         -2.78529525         -9.45448685         -9.45448685         -9.45448685
   1.131         -2.93540549         -2.93540549         -9.33892250         -9.33892250         -9.33892250
   1.244         -3.59446812         -3.59446812         -9.12518883         -9.12518883         -9.12518883
   1.357         -4.69613218         -4.69613218         -8.81959248         -8.81959248         -8.81959248
   1.470         -6.13856697         -6.13856697         -8.43687820         -8.43687820         -8.43687820
   1.583         -7.80351400         -7.80351400         -8.00115585         -8.00115585         -8.00115585
   1.696         -9.55381107         -9.55381107         -7.54552650         -7.54552650         -7.54552650
   1.809        -11.19867897        -11.19867897         -7.24181080         -7.24181080         -7.24181080
   1.922        -12.48465443        -12.48465443         -6.99424934         -6.99424934         -6.99424934
   2.035        -13.16834354        -13.16834354         -6.83459520         -6.83459520         -6.83459520
   2.148        -13.11209202        -13.11209202         -6.78347826         -6.78347826         -6.78347826
   2.261        -12.32687378        -12.32687378         -6.84736156         -6.84736156         -6.84736156
   2.374        -10.96956730        -10.96956730         -7.01764774         -7.01764774         -7.01764774
   2.488         -9.29154587         -9.29154587         -7.27187586         -7.27187586         -7.27187586
   2.601         -7.53991938         -7.53991938         -7.57706356         -7.57706356         -7.57706356
   2.714         -5.89561987         -5.89561987         -7.89472437         -7.89472437         -7.89472437
   2.827         -4.49146748         -4.49146748         -8.18681049         -8.18681049         -8.18681049
   2.940         -3.44404697         -3.44404697         -8.42136860         -8.42136860         -8.42136860
   3.053         -2.85138869         -2.85138869         -8.57566833         -8.57566833         -8.57566833
   3.166         -2.77324843         -2.77324843         -8.63622570         -8.63622570         -8.63622570
   3.279         -3.21745157         -3.21745157         -8.59789753         -8.59789753         -8.59789753
   3.392         -4.13815784         -4.13815784         -8.46353817         -8.46353817         -8.46353817
   3.505         -5.44624233         -5.44624233         -8.24417973         -8.24417973         -8.24417973
   3.618         -7.02879667         -7.02879667         -7.95982599         -7.95982599         -7.95982599
   3.731         -8.75958252         -8.75958252         -7.63996553         -7.63996553         -7.63996553
   3.844        -10.47547722        -10.47547722         -7.32141447         -7.32141447         -7.32141447
   3.957        -11.94580555        -11.94580555         -7.04316235         -7.04316235         -7.04316235
   4.071        -12.90993977        -12.90993977         -6.84032297         -6.84032297         -6.84032297
   4.184        -13.17602634        -13.17602634         -6.73878479         -6.73878479         -6.73878479
   4.297        -12.68962193        -12.68962193         -6.75131273         -6.75131273         -6.75131273
   4.410        -11.54788494        -11.54788494         -6.87573862         -6.87573862         -6.87573862
   4.523         -9.97214031         -9.97214031         -7.09525442         -7.09525442         -7.09525442
   4.636         -8.22345161         -8.22345161         -7.38085222         -7.38085222         -7.38085222
   4.749         -6.51285791         -6.51285791         -7.69571638         -7.69571638         -7.69571638
   4.862         -4.98871851         -4.98871851         -8.00086784         -8.00086784         -8.00086784
   4.975         -3.77274632         -3.77274632         -8.26117992         -8.26117992         -8.26117992
   5.088         -2.97304487         -2.97304487         -8.44985008         -8.44985008         -8.44985008
   5.201         -2.66807771         -2.66807771         -8.54959297         -8.54959297         -8.54959297
   5.314         -2.88881540         -2.88881540         -8.55182743         -8.55182743         -8.55182743
   5.427         -3.61183834         -3.61183834         -8.45604134         -8.45604134         -8.45604134
   5.540         -4.76452494         -4.76452494         -8.26976204         -8.26976204         -8.26976204
   5.654         -6.24168682         -6.24168682         -8.00906563         -8.00906563         -8.00906563
   5.767         -7.92342043         -7.92342043         -7.69947052         -7.69947052         -7.69947052
   5.880         -9.66738796         -9.66738796         -7.37516642         -7.37516642         -7.37516642
   5.993        -11.27268505        -11.27268505         -7.07496214         -7.07496214         -7.07496214
   6.106        -12.48110580        -12.48110580         -6.83635855         -6.83635855         -6.83635855
   6.219        -13.05939102        -13.05939102         -6.68981218         -6.68981218         -6.68981218
   6.332        -12.88997269        -12.88997269         -6.65413618         -6.65413618         -6.65413618
   6.445        -12.00592899        -12.00592899         -6.73375511         -6.73375511         -6.73375511
   6.558        -10.58261585        -10.58261585         -6.91807365         -6.91807365         -6.91807365
   6.671         -8.87754822         -8.87754822         -7.18290520         -7.18290520         -7.18290520
   6.784         -7.13045645         -7.13045645         -7.49407768         -7.49407768         -7.49407768
   6.897         -5.51324987         -5.51324987         -7.81269026         -7.81269026         -7.81269026
   7.010         -4.15524101         -4.15524101         -8.10120964         -8.10120964         -8.10120964
   7.123         -3.17118120         -3.17118120         -8.32890701         -8.32890701         -8.32890701
   7.236         -2.65459466         -2.65459466         -8.47443485         -8.47443485         -8.47443485
   7.350         -2.65796280         -2.65796280         -8.52548218         -8.52548218         -8.52548218
   7.463         -3.18081069         -3.18081069         -8.47791004         -8.47791004         -8.47791004
   7.576         -4.16990280         -4.16990280         -8.33551216         -8.33551216         -8.33551216
   7.689         -5.53151894         -5.53151894         -8.11031151         -8.11031151         -8.11031151
   7.802         -7.15149689         -7.15149689         -7.82346010         -7.82346010         -7.82346010
   7.915         -8.90184498         -8.90184498         -7.50552034         -7.50552034         -7.50552034
   8.028        -10.61201954        -10.61201954         -7.19382763         -7.19382763         -7.19382763
   8.141        -12.04241657        -12.04241657         -6.92702818         -6.92702818         -6.92702818
   8.254        -12.93367290        -12.93367290         -6.73902416         -6.73902416         -6.73902416
   8.367        -13.10790730        -13.10790730         -6.65371990         -6.65371990         -6.65371990
   8.480        -12.53142929        -12.53142929         -6.68133116         -6.68133116         -6.68133116
   8.593        -11.32365036        -11.32365036         -6.81684828         -6.81684828         -6.81684828
   8.706         -9.71975899         -9.71975899         -7.04061985         -7.04061985         -7.04061985
   8.819         -7.97764397         -7.97764397         -7.32114124         -7.32114124         -7.32114124
   8.933         -6.29595900         -6.29595900         -7.61977100         -7.61977100         -7.61977100
   9.046         -4.81452131         -4.81452131         -7.89660549         -7.89660549         -7.89660549
   9.159         -3.65148425         -3.65148425         -8.11646652         -8.11646652         -8.11646652
   9.272         -2.91138935         -2.91138935         -8.25287533         -8.25287533         -8.25287533
   9.385         -2.66712523         -2.66712523         -8.28861523         -8.28861523         -8.28861523
   9.498         -2.94291496         -2.94291496         -8.21454334         -8.21454334         -8.21454334
   9.611         -3.70861912         -3.70861912         -8.02865887         -8.02865887         -8.02865887
   9.724         -4.88598776         -4.88598776         -7.73564959         -7.73564959         -7.73564959
   9.837         -6.36581373         -6.36581373         -7.34708357         -7.34708357         -7.34708357
   9.950         -8.02347851         -8.02347851         -6.88215828         -6.88215828         -6.88215828
  10.063         -9.70588779         -9.70588779         -6.36718702         -6.36718702         -6.36718702
  10.176        -11.19596767        -11.19596767         -5.83247280         -5.83247280         -5.83247280
  10.289        -12.22640324        -12.22640324         -5.30770206         -5.30770206         -5.30770206
  10.402        -12.57086468        -12.57086468         -4.81725025         -4.81725025         -4.81725025
  10.516        -12.13007736        -12.13007736         -4.37668133         -4.37668133         -4.37668133
  10.629        -10.95963383        -10.95963383         -3.99227238         -3.99227238         -3.99227238
  10.742         -9.25380421         -9.25380421         -3.66317701         -3.66317701         -3.66317701
  10.855         -7.27307224         -7.27307224         -3.38353300         -3.38353300         -3.38353300
  10.968         -5.24210405         -5.24210405         -3.14328456         -3.14328456         -3.14328456
  11.081         -3.30936265         -3.30936265         -2.92871094         -2.92871094         -2.92871094
  11.194         -1.57494402         -1.57494402         -2.72353363         -2.72353363         -2.72353363
  11.307         -0.11157912         -0.11157912         -2.51057816         -2.51057816         -2.51057816
  11.420          1.04497087          1.04497087         -2.27361369         -2.27361369         -2.27361369
  11.533          1.90532732          1.90532732         -1.99897695         -1.99897695         -1.99897695
  11.646          2.51547050          2.51547050         -1.67661786         -1.67661786         -1.67661786
  11.759          2.93353271          2.93353271         -1.30062366         -1.30062366         -1.30062366
  11.872          3.21167731          3.21167731         -0.87017536         -0.87017536         -0.87017536
  11.985          3.38991737          3.38991737         -0.39168376         -0.39168376         -0.39168376
  12.099          3.49728894          3.49728894          0.11953203          0.11953203          0.11953203
  12.212          3.55463457          3.55463457          0.64060986          0.64060986          0.64060986
  12.325          3.57690501          3.57690501          1.14537871          1.14537871          1.14537871
  12.438          3.57480240          3.57480240          1.60952103          1.60952103          1.60952103
  12.551          3.55596519          3.55596519          2.01519442          2.01519442          2.01519442
  12.664          3.52582145          3.52582145          2.35323954          2.35323954          2.35323954
  12.777          3.48819494          3.48819494          2.62198591          2.62198591          2.62198591
  12.890          3.44574881          3.44574881          2.82471204          2.82471204          2.82471204
  13.003          3.40031314          3.40031314          2.96803284          2.96803284          2.96803284
  13.116          3.35311604          3.35311604          3.06098700          3.06098700          3.06098700
  13.229          3.30495906          3.30495906          3.11380649          3.11380649          3.11380649
  13.342          3.25634336          3.25634336          3.13636780          3.13636780          3.13636780
  13.455          3.20756412          3.20756412          3.13701558          3.13701558          3.13701558
  13.568          3.15877962          3.15877962          3.12215710          3.12215710          3.12215710
  13.681          3.11007023          3.11007023          3.09645963          3.09645963          3.09645963
  13.795          3.06147003          3.06147003          3.06325817          3.06325817          3.06325817
  13.908          3.01299000          3.01299000          3.02491832          3.02491832          3.02491832
  14.021          2.96463227          2.96463227          2.98311234          2.98311234          2.98311234
  14.134          2.91639614          2.91639614          2.93901324          2.93901324          2.93901324
  14.247          2.86828303          2.86828303          2.89343691          2.89343691          2.89343691
  14.360          2.82029104          2.82029104          2.84694624          2.84694624          2.84694624
  14.473          2.77242136          2.77242136          2.79992175          2.79992175          2.79992175
  14.586          2.72467470          2.72467470          2.75261688          2.75261688          2.75261688
  14.699          2.67704916          2.67704916          2.70519638          2.70519638          2.70519638
  14.812          2.62954926          2.62954926          2.65776396          2.65776396          2.65776396
  14.925          2.58216882          2.58216882          2.61038232          2.61038232          2.61038232
  15.038          2.53490806          2.53490806          2.56308794          2.56308794          2.56308794
  15.151          2.48777556          2.48777556          2.51589990          2.51589990          2.51589990
  15.264          2.44075799          2.44075799          2.46882749          2.46882749          2.46882749
  15.378          2.39386964          2.39386964          2.42187548          2.42187548          2.42187548
  15.491          2.34709930          2.34709930          2.37504506          2.37504506          2.37504506
  15.604          2.30044961          2.30044961          2.32833648          2.32833648          2.32833648
  15.717          2.25392795          2.25392795          2.28175044          2.28175044          2.28175044
  15.830          2.20752192          2.20752192          2.23528647          2.23528647          2.23528647
  15.943          2.16124296          2.16124296          2.18894482          2.18894482          2.18894482
  16.056          2.11508465          2.11508465          2.14272523          2.14272523          2.14272523
  16.169          2.06904721          2.06904721          2.09662771          2.09662771          2.09662771
  16.282          2.02313232          2.02313232          2.05065250          2.05065250          2.05065250
  16.395          1.97734058          1.97734058          2.00479960          2.00479960          2.00479960
  16.508          1.93167341          1.93167341          1.95906889          1.95906889          1.95906889
  16.621          1.88612437          1.88612437          1.91346014          1.91346014          1.91346014
  16.734          1.84069908          1.84069908          1.86797261          1.86797261          1.86797261
  16.847          1.79539502          1.79539502          1.82260394          1.82260394          1.82260394
  16.961          1.75021589          1.75021589          1.77734864          1.77734864          1.77734864
  17.074          1.70515549          1.70515549          1.73219419          1.73219419          1.73219419
  17.187          1.66021943          1.66021943          1.68711627          1.68711627          1.68711627
  17.300          1.61540580          1.61540580          1.64207113          1.64207113          1.64207113
  17.413          1.57071364          1.57071364          1.59698439          1.59698439          1.59698439
  17.526          1.52614379          1.52614379          1.55173409          1.55173409          1.55173409
  17.639          1.48169589          1.48169589          1.50612998          1.50612998          1.50612998
  17.752          1.43737078          1.43737078          1.45988095          1.45988095          1.45988095
  17.865          1.39316666          1.39316666          1.41255319          1.41255319          1.41255319
  17.978          1.34908581          1.34908581          1.36350906          1.36350906          1.36350906
  18.091          1.30512667          1.30512667          1.31182587          1.31182587          1.31182587
  18.204          1.26128483          1.26128483          1.25617933          1.25617933          1.25617933
  18.317          1.21754229          1.21754229          1.19468486          1.19468486          1.19468486
  18.430          1.17385173          1.17385173          1.12467492          1.12467492          1.12467492
  18.544          1.13011241          1.13011241          1.04238927          1.04238927          1.04238927
  18.657          1.08612394          1.08612394          0.94258213          0.94258213          0.94258213
  18.770          1.04153252          1.04153252          0.81816411          0.81816411          0.81816411
  18.883          0.99574786          0.99574786          0.66021615          0.66021615          0.66021615
  18.996          0.94784504          0.94784504          0.45873225          0.45873225          0.45873225
  19.109          0.89641982          0.89641982          0.20402932          0.20402932          0.20402932
  19.222          0.83939809          0.83939809         -0.11178652         -0.11178652         -0.11178652
  19.335          0.77377474          0.77377474         -0.49381256         -0.49381256         -0.49381256
  19.448          0.69524860          0.69524860         -0.94329721         -0.94329721         -0.94329721
  19.561          0.59772724          0.59772724         -1.45552099         -1.45552099         -1.45552099
  19.674          0.47263321          0.47263321         -2.01745486         -2.01745486         -2.01745486
  19.787          0.30794397          0.30794397         -2.60793304         -2.60793304         -2.60793304
  19.900          0.08684228          0.08684228         -3.20113635         -3.20113635         -3.20113635
  20.013         -0.21417566         -0.21417566         -3.77162051         -3.77162051         -3.77162051
  20.126         -0.62787020         -0.62787020         -4.29928684         -4.29928684         -4.29928684
  20.240         -1.19881821         -1.19881821         -4.77259922         -4.77259922         -4.77259922
  20.353         -1.98232472         -1.98232472         -5.18845272         -5.18845272         -5.18845272
  20.466         -3.03328347         -3.03328347         -5.54993868         -5.54993868         -5.54993868
  20.579         -4.38429785         -4.38429785         -5.86469173         -5.86469173         -5.86469173
  20.692         -6.02568197         -6.02568197         -6.14429045         -6.14429045         -6.14429045
  20.805         -7.90376186         -7.90376186         -6.40358019         -6.40358019         -6.40358019
  20.918         -9.93463707         -9.93463707         -6.65935373         -6.65935373         -6.65935373
  21.031        -12.00284290        -12.00284290         -6.92858934         -6.92858934         -6.92858934
  21.144        -13.92934513        -13.92934513         -7.22663593         -7.22663593         -7.22663593
  21.257        -15.46484756        -15.46484756         -7.56574345         -7.56574345         -7.56574345
  21.370        -16.36526299        -16.36526299         -7.95424175         -7.95424175         -7.95424175
  21.483        -16.49096489        -16.49096489         -8.39604378         -8.39604378         -8.39604378
  21.596        -15.85323906        -15.85323906         -8.88931274         -8.88931274         -8.88931274
  21.709        -14.61245251        -14.61245251         -9.42402649         -9.42402649         -9.42402649
  21.823        -13.02552795        -13.02552795         -9.98067951         -9.98067951         -9.98067951
  21.936        -11.34547901        -11.34547901        -10.53221607        -10.53221607        -10.53221607
  22.049         -9.75844669         -9.75844669        -11.04825687        -11.04825687        -11.04825687
  22.162         -8.40107632         -8.40107632        -11.49986458        -11.49986458        -11.49986458
  22.275         -7.39221907         -7.39221907        -11.86373043        -11.86373043        -11.86373043
  22.388         -6.83083773         -6.83083773        -12.12418938        -12.12418938        -12.12418938
  22.501         -6.77678490         -6.77678490        -12.27290344        -12.27290344        -12.27290344
  22.614         -7.23767519         -7.23767519        -12.30822849        -12.30822849        -12.30822849
  22.727         -8.16761780         -8.16761780        -12.23534107        -12.23534107        -12.23534107
  22.840         -9.47798061         -9.47798061        -12.06686401        -12.06686401        -12.06686401
  22.953        -11.05722427        -11.05722427        -11.82401180        -11.82401180        -11.82401180
  23.066        -12.78140831        -12.78140831        -11.53736782        -11.53736782        -11.53736782
  23.179        -14.49013329        -14.49013329        -11.24489117        -11.24489117        -11.24489117
  23.292        -15.95457935        -15.95457935        -10.98679447        -10.98679447        -10.98679447
  23.406        -16.91376686        -16.91376686        -10.79941463        -10.79941463        -10.79941463
  23.519        -17.17397690        -17.17397690        -10.70975304        -10.70975304        -10.70975304
  23.632        -16.68000603        -16.68000603        -10.73149204        -10.73149204        -10.73149204
  23.745        -15.53057766        -15.53057766        -10.86317730        -10.86317730        -10.86317730
  23.858        -13.94928551        -13.94928551        -11.08853054        -11.08853054        -11.08853054
  23.971        -12.19803619        -12.19803619        -11.37892342        -11.37892342        -11.37892342
  24.084        -10.48710346        -10.48710346        -11.69783020        -11.69783020        -11.69783020
  24.197         -8.96350956         -8.96350956        -12.00650501        -12.00650501        -12.00650501
  24.310         -7.74802399         -7.74802399        -12.27003956        -12.27003956        -12.27003956
  24.423         -6.94851971         -6.94851971        -12.46183491        -12.46183491        -12.46183491
  24.536         -6.64380598         -6.64380598        -12.56480694        -12.56480694        -12.56480694
  24.649         -6.86552620         -6.86552620        -12.57054710        -12.57054710        -12.57054710
  24.762         -7.59096241         -7.59096241        -12.47867393        -12.47867393        -12.47867393
  24.875         -8.74804115         -8.74804115        -12.29676151        -12.29676151        -12.29676151
  24.989        -10.23187351        -10.23187351        -12.04085827        -12.04085827        -12.04085827
  25.102        -11.92258644        -11.92258644        -11.73640442        -11.73640442        -11.73640442
  25.215        -13.67768955        -13.67768955        -11.41754246        -11.41754246        -11.41754246
  25.328        -15.29604435        -15.29604435        -11.12310791        -11.12310791        -11.12310791
  25.441        -16.51904488        -16.51904488        -10.89065266        -10.89065266        -10.89065266
  25.554        -17.11287880        -17.11287880        -10.75060844        -10.75060844        -10.75060844
  25.667        -16.95940208        -16.95940208        -10.72164726        -10.72164726        -10.72164726
  25.780        -16.09110832        -16.09110832        -10.80799198        -10.80799198        -10.80799198
  25.893        -14.68279839        -14.68279839        -10.99887371        -10.99887371        -10.99887371
  26.006        -12.99154091        -12.99154091        -11.27005386        -11.27005386        -11.27005386
  26.119        -11.25677395        -11.25677395        -11.58743286        -11.58743286        -11.58743286
  26.232         -9.65020275         -9.65020275        -11.91221619        -11.91221619        -11.91221619
  26.345         -8.30101776         -8.30101776        -12.20690536        -12.20690536        -12.20690536
  26.458         -7.32402182         -7.32402182        -12.44072151        -12.44072151        -12.44072151
  26.571         -6.81302643         -6.81302643        -12.59225273        -12.59225273        -12.59225273
  26.685         -6.82097387         -6.82097387        -12.64918232        -12.64918232        -12.64918232
  26.798         -7.34791040         -7.34791040        -12.60743809        -12.60743809        -12.60743809
  26.911         -8.34095383         -8.34095383        -12.47094250        -12.47094250        -12.47094250
  27.024         -9.70634079         -9.70634079        -12.25187111        -12.25187111        -12.25187111
  27.137        -11.32924175        -11.32924175        -11.97152615        -11.97152615        -11.97152615
  27.250        -13.08046818        -13.08046818        -11.66061115        -11.66061115        -11.66061115
  27.363        -14.78836346        -14.78836346        -11.35659122        -11.35659122        -11.35659122
  27.476        -16.21356392        -16.21356392        -11.09825039        -11.09825039        -11.09825039
  27.589        -17.09892845        -17.09892845        -10.91969109        -10.91969109        -10.91969109
  27.702        -17.26937866        -17.26937866        -10.84512520        -10.84512520        -10.84512520
  27.815        -16.69202232        -16.69202232        -10.88525772        -10.88525772        -10.88525772
  27.928        -15.48447514        -15.48447514        -11.03577232        -11.03577232        -11.03577232
  28.041        -13.88002682        -13.88002682        -11.27792835        -11.27792835        -11.27792835
  28.154        -12.13686752        -12.13686752        -11.58130360        -11.58130360        -11.58130360
  28.268        -10.45592976        -10.45592976        -11.90840816        -11.90840816        -11.90840816
  28.381         -8.97956276         -8.97956276        -12.22043991        -12.22043991        -12.22043991
  28.494         -7.82770157         -7.82770157        -12.48322773        -12.48322773        -12.48322773
  28.607         -7.10554409         -7.10554409        -12.67128658        -12.67128658        -12.67128658
  28.720         -6.88570738         -6.88570738        -12.76858330        -12.76858330        -12.76858330
  28.833         -7.19160891         -7.19160891        -12.76764774        -12.76764774        -12.76764774
  28.946         -7.99226618         -7.99226618        -12.66904354        -12.66904354        -12.66904354
  29.059         -9.20919704         -9.20919704        -12.48140907        -12.48140907        -12.48140907
  29.172        -10.73430157        -10.73430157        -12.22206783        -12.22206783        -12.22206783
  29.285        -12.44585228        -12.44585228        -11.91785812        -11.91785812        -11.91785812
  29.398        -14.19550228        -14.19550228        -11.60392284        -11.60392284        -11.60392284
  29.511        -15.77220821        -15.77220821        -11.31925297        -11.31925297        -11.31925297
  29.624        -16.91490173        -16.91490173        -11.10066414        -11.10066414        -11.10066414
  29.737        -17.40227318        -17.40227318        -10.97716904        -10.97716904        -10.97716904
  29.851        -17.13715553        -17.13715553        -10.96557617        -10.96557617        -10.96557617
  29.964        -16.17397690        -16.17397690        -11.06805325        -11.06805325        -11.06805325
  30.077        -14.70461082        -14.70461082        -11.27183819        -11.27183819        -11.27183819
  30.190        -12.98967934        -12.98967934        -11.55104065        -11.55104065        -11.55104065
  30.303        -11.25985336        -11.25985336        -11.87034416        -11.87034416        -11.87034416
  30.416         -9.67825985         -9.67825985        -12.19048691        -12.19048691        -12.19048691
  30.529         -8.37114239         -8.37114239        -12.47465134        -12.47465134        -12.47465134
  30.642         -7.45139503         -7.45139503        -12.69334698        -12.69334698        -12.69334698
  30.755         -7.00815439         -7.00815439        -12.82657051        -12.82657051        -12.82657051
  30.868         -7.08725357         -7.08725357        -12.86328983        -12.86328983        -12.86328983
  30.981         -7.68087721         -7.68087721        -12.80064869        -12.80064869        -12.80064869
  31.094         -8.72925758         -8.72925758        -12.64379406        -12.64379406        -12.64379406
  31.207        -10.13437557        -10.13437557        -12.40620518        -12.40620518        -12.40620518
  31.320        -11.77963161        -11.77963161        -12.11061573        -12.11061573        -12.11061573
  31.434        -13.53222275        -13.53222275        -11.78897762        -11.78897762        -11.78897762
  31.547        -15.21120262        -15.21120262        -11.47933960        -11.47933960        -11.47933960
  31.660        -16.56946945        -16.56946945        -11.22018623        -11.22018623        -11.22018623
  31.773        -17.35564995        -17.35564995        -11.04450130        -11.04450130        -11.04450130
  31.886        -17.40677834        -17.40677834        -10.97474670        -10.97474670        -10.97474670
  31.999        -16.70984459        -16.70984459        -11.01951790        -11.01951790        -11.01951790
  32.112        -15.41062450        -15.41062450        -11.17235374        -11.17235374        -11.17235374
  32.225        -13.75250721        -13.75250721        -11.41262341        -11.41262341        -11.41262341
  32.338        -11.98896599        -11.98896599        -11.57523918        -11.57523918        -11.57523918
  32.451        -10.31076908        -10.31076908        -11.75596237        -11.75596237        -11.75596237
  32.564         -8.85509014         -8.85509014        -11.91630459        -11.91630459        -11.91630459
  32.677         -7.74017572         -7.74017572        -12.02316475        -12.02316475        -12.02316475
  32.790         -7.06786537         -7.06786537        -12.05243492        -12.05243492        -12.05243492
  32.903         -6.90451050         -6.90451050        -11.98936749        -11.98936749        -11.98936749
  33.017         -7.26575804         -7.26575804        -11.82765770        -11.82765770        -11.82765770
  33.130         -8.11311531         -8.11311531        -11.56901646        -11.56901646        -11.56901646
  33.243         -9.36257172         -9.36257172        -11.22326851        -11.22326851        -11.22326851
  33.356        -10.90344715        -10.90344715        -10.80907154        -10.80907154        -10.80907154
  33.469        -12.61196423        -12.61196423        -10.35460281        -10.35460281        -10.35460281
  33.582        -14.33281994        -14.33281994         -9.89589787         -9.89589787         -9.89589787
  33.695        -15.84491634        -15.84491634         -9.47220898         -9.47220898         -9.47220898
  33.808        -16.88632202        -16.88632202         -9.11983299         -9.11983299         -9.11983299
