              -8042.7415594028
          0.001079204      -0.000000000      -0.000000001
         -0.000000000       0.001079204      -0.000000000
         -0.000000001      -0.000000000       0.000862760
          96
  1    79       0.000000944       0.000000944       0.017016935  Au
  1    79       0.000000007       0.000000008       0.017017134  Au
  1    79       0.000000128       0.000000042       0.017017145  Au
  1    79      -0.000000063      -0.000000055       0.017017193  Au
  1    79       0.000000273       0.000000533       0.017017009  Au
  1    79       0.000000119       0.000000020       0.017017155  Au
  1    79       0.000000154       0.000000008       0.017017124  Au
  1    79      -0.000000139      -0.000000082       0.017017224  Au
  1    79       0.000001459       0.000000047       0.001615959  Au
  1    79       0.000000604       0.000000381       0.001615519  Au
  1    79       0.000000449       0.000001370       0.001615920  Au
  1    79       0.000000621      -0.000000006       0.001615468  Au
  1    79       0.000000563       0.000000030       0.001615415  Au
  1    79       0.000000043       0.000000204       0.001615432  Au
  1    79       0.000000721       0.000001003       0.001615697  Au
  1    79       0.000000720       0.000000002       0.001615353  Au
  1    79       0.000001206       0.000001353       0.027544607  Au
  1    79       0.000001517       0.000000021       0.027544687  Au
  1    79       0.000000785       0.000000053       0.027544731  Au
  1    79       0.000000107       0.000000228       0.027544183  Au
  1    79       0.000000409       0.000001409       0.027544925  Au
  1    79       0.000000740       0.000000053       0.027544799  Au
  1    79       0.000000729       0.000000029       0.027544562  Au
  1    79       0.000000030       0.000000021       0.027544077  Au
  1    79       0.000001464       0.000000038      -0.014817366  Au
  1    79       0.000000532       0.000000335      -0.014817695  Au
  1    79       0.000000464       0.000001470      -0.014817434  Au
  1    79       0.000000842       0.000000029      -0.014817391  Au
  1    79       0.000000887      -0.000000003      -0.014817279  Au
  1    79       0.000000175       0.000000283      -0.014817685  Au
  1    79       0.000000559       0.000001079      -0.014817610  Au
  1    79       0.000000656       0.000000026      -0.014817858  Au
  1    79       0.000001073       0.000001401       0.020626119  Au
  1    79       0.000001400      -0.000000012       0.020626256  Au
  1    79       0.000000448       0.000000012       0.020626327  Au
  1    79      -0.000000052      -0.000000007       0.020625746  Au
  1    79       0.000000031       0.000001295       0.020626420  Au
  1    79       0.000000503      -0.000000018       0.020626315  Au
  1    79       0.000000380       0.000000004       0.020625955  Au
  1    79       0.000000002      -0.000000119       0.020625615  Au
  1    79       0.000000065       0.000000048      -0.083743536  Au
  1    79      -0.000000146      -0.000000198      -0.083743108  Au
  1    79      -0.000000048      -0.000000023      -0.083743853  Au
  1    79       0.000000104      -0.000000039      -0.083744079  Au
  1    79       0.000000078       0.000000025      -0.083744088  Au
  1    79      -0.000000141      -0.000000279      -0.083743186  Au
  1    79      -0.000000056      -0.000000092      -0.083743498  Au
  1    79      -0.000000293       0.000000050      -0.083743419  Au
  1    79       0.000000174       0.000000331       0.036867761  Au
  1    79       0.000000136      -0.000000011       0.036867295  Au
  1    79       0.000000055       0.000000043       0.036867404  Au
  1    79       0.000000077      -0.000000043       0.036867284  Au
  1    79       0.000000175       0.000000359       0.036867548  Au
  1    79       0.000000111       0.000000019       0.036867392  Au
  1    79       0.000000075       0.000000035       0.036867378  Au
  1    79       0.000000073      -0.000000039       0.036867287  Au
  1    79       0.000000452       0.000000028       0.024203107  Au
  1    79       0.000000301       0.000000232       0.024203131  Au
  1    79       0.000000136       0.000000811       0.024203247  Au
  1    79      -0.000000174      -0.000000023       0.024203024  Au
  1    79      -0.000000168       0.000000010       0.024202980  Au
  1    79      -0.000000173       0.000000029       0.024202792  Au
  1    79       0.000000272       0.000000542       0.024203517  Au
  1    79       0.000000059       0.000000003       0.024203026  Au
  1    79       0.000000767       0.000001074      -0.023085678  Au
  1    79       0.000001087       0.000000023      -0.023085605  Au
  1    79       0.000000750       0.000000020      -0.023085626  Au
  1    79       0.000000146       0.000000648      -0.023086244  Au
  1    79       0.000000380       0.000001289      -0.023085601  Au
  1    79       0.000000658       0.000000012      -0.023085573  Au
  1    79       0.000000987       0.000000029      -0.023085823  Au
  1    79       0.000000287       0.000000164      -0.023086612  Au
  1    79       0.000001570       0.000000011       0.020186853  Au
  1    79       0.000000496       0.000000302       0.020186143  Au
  1    79       0.000000245       0.000001483       0.020187026  Au
  1    79       0.000000485       0.000000009       0.020186902  Au
  1    79       0.000000435      -0.000000011       0.020186913  Au
  1    79      -0.000000100       0.000000129       0.020186372  Au
  1    79       0.000000489       0.000001318       0.020186895  Au
  1    79       0.000000488       0.000000054       0.020186893  Au
  1    79       0.000001333       0.000001358      -0.030432158  Au
  1    79       0.000001477       0.000000003      -0.030432240  Au
  1    79       0.000000736       0.000000027      -0.030431983  Au
  1    79       0.000000113       0.000000392      -0.030432788  Au
  1    79       0.000000308       0.000001385      -0.030431987  Au
  1    79       0.000000749       0.000000052      -0.030432047  Au
  1    79       0.000000553       0.000000060      -0.030432718  Au
  1    79       0.000000146       0.000000129      -0.030432867  Au
  1    79       0.000001157       0.000000010       0.002253584  Au
  1    79       0.000000254       0.000001186       0.002253240  Au
  1    79       0.000000349       0.000001000       0.002253506  Au
  1    79       0.000000635       0.000000022       0.002253460  Au
  1    79       0.000000645       0.000000034       0.002253426  Au
  1    79      -0.000000088       0.000001196       0.002253267  Au
  1    79       0.000001232       0.000001113       0.002253238  Au
  1    79       0.000001846      -0.000000017       0.002253389  Au
