   0.000        -12.19936848        -12.19936848         -7.09222364         -7.09222364         -7.09222364
   0.054        -12.13079071        -12.13079071         -7.09208727         -7.09208727         -7.09208727
   0.108        -11.92830086        -11.92830086         -7.11222649         -7.11222649         -7.11222649
   0.161        -11.60081100        -11.60081100         -7.15195799         -7.15195799         -7.15195799
   0.215        -11.16286087        -11.16286087         -7.20996380         -7.20996380         -7.20996380
   0.269        -10.63388729        -10.63388729         -7.28437471         -7.28437471         -7.28437471
   0.323        -10.03668690        -10.03668690         -7.37287235         -7.37287235         -7.37287235
   0.376         -9.39529514         -9.39529514         -7.47279024         -7.47279024         -7.47279024
   0.430         -8.73269749         -8.73269749         -7.58120584         -7.58120584         -7.58120584
   0.484         -8.06887531         -8.06887531         -7.69502878         -7.69502878         -7.69502878
   0.538         -7.41990328         -7.41990328         -7.81108618         -7.81108618         -7.81108618
   0.591         -6.79812622         -6.79812622         -7.92621422         -7.92621422         -7.92621422
   0.645         -6.21321392         -6.21321392         -8.03736305         -8.03736305         -8.03736305
   0.699         -5.67352390         -5.67352390         -8.14169788         -8.14169788         -8.14169788
   0.753         -5.18729687         -5.18729687         -8.23669338         -8.23669338         -8.23669338
   0.807         -4.76325321         -4.76325321         -8.32019520         -8.32019520         -8.32019520
   0.860         -4.41053867         -4.41053867         -8.39044952         -8.39044952         -8.39044952
   0.914         -4.13810492         -4.13810492         -8.44609928         -8.44609928         -8.44609928
   0.968         -3.95380068         -3.95380068         -8.48615170         -8.48615170         -8.48615170
   1.022         -3.86342931         -3.86342931         -8.50993824         -8.50993824         -8.50993824
   1.075         -3.86997724         -3.86997724         -8.51708317         -8.51708317         -8.51708317
   1.129         -3.97322059         -3.97322059         -8.50747490         -8.50747490         -8.50747490
   1.183         -4.16975546         -4.16975546         -8.48126030         -8.48126030         -8.48126030
   1.237         -4.45345211         -4.45345211         -8.43885326         -8.43885326         -8.43885326
   1.290         -4.81625319         -4.81625319         -8.38096428         -8.38096428         -8.38096428
   1.344         -5.24912548         -5.24912548         -8.30863285         -8.30863285         -8.30863285
   1.398         -5.74296284         -5.74296284         -8.22326946         -8.22326946         -8.22326946
   1.452         -6.28911543         -6.28911543         -8.12668324         -8.12668324         -8.12668324
   1.506         -6.87938023         -6.87938023         -8.02108097         -8.02108097         -8.02108097
   1.559         -7.50529623         -7.50529623         -7.90903568         -7.90903568         -7.90903568
   1.613         -8.15691376         -8.15691376         -7.79341602         -7.79341602         -7.79341602
   1.667         -8.82142735         -8.82142735         -7.67729425         -7.67729425         -7.67729425
   1.721         -9.48221111         -9.48221111         -7.56384087         -7.56384087         -7.56384087
   1.774        -10.11879349        -10.11879349         -7.45622301         -7.45622301         -7.45622301
   1.828        -10.70792389        -10.70792389         -7.35751390         -7.35751390         -7.35751390
   1.882        -11.22559166        -11.22559166         -7.27060509         -7.27060509         -7.27060509
   1.936        -11.64933777        -11.64933777         -7.19812202         -7.19812202         -7.19812202
   1.989        -11.96034145        -11.96034145         -7.14232779         -7.14232779         -7.14232779
   2.043        -12.14478016        -12.14478016         -7.10502195         -7.10502195         -7.10502195
   2.097        -12.19455338        -12.19455338         -7.08744097         -7.08744097         -7.08744097
   2.151        -12.10749531        -12.10749531         -7.09017611         -7.09017611         -7.09017611
   2.205        -11.88739586        -11.88739586         -7.11313343         -7.11313343         -7.11313343
   2.258        -11.54396343        -11.54396343         -7.15553951         -7.15553951         -7.15553951
   2.312        -11.09245396        -11.09245396         -7.21599483         -7.21599483         -7.21599483
   2.366        -10.55287647        -10.55287647         -7.29256344         -7.29256344         -7.29256344
   2.420         -9.94832039         -9.94832039         -7.38287354         -7.38287354         -7.38287354
   2.473         -9.30282974         -9.30282974         -7.48421812         -7.48421812         -7.48421812
   2.527         -8.63905907         -8.63905907         -7.59364748         -7.59364748         -7.59364748
   2.581         -7.97649336         -7.97649336         -7.70805454         -7.70805454         -7.70805454
   2.635         -7.33067131         -7.33067131         -7.82426167         -7.82426167         -7.82426167
   2.688         -6.71349096         -6.71349096         -7.93911457         -7.93911457         -7.93911457
   2.742         -6.13435411         -6.13435411         -8.04958630         -8.04958630         -8.04958630
   2.796         -5.60155487         -5.60155487         -8.15287971         -8.15287971         -8.15287971
   2.850         -5.12337160         -5.12337160         -8.24651718         -8.24651718         -8.24651718
   2.904         -4.70860624         -4.70860624         -8.32839870         -8.32839870         -8.32839870
   2.957         -4.36641741         -4.36641741         -8.39682484         -8.39682484         -8.39682484
   3.011         -4.10566616         -4.10566616         -8.45049000         -8.45049000         -8.45049000
   3.065         -3.93397689         -3.93397689         -8.48844814         -8.48844814         -8.48844814
   3.119         -3.85680676         -3.85680676         -8.51007271         -8.51007271         -8.51007271
   3.172         -3.87671781         -3.87671781         -8.51502609         -8.51502609         -8.51502609
   3.226         -3.99304271         -3.99304271         -8.50323009         -8.50323009         -8.50323009
   3.280         -4.20196867         -4.20196867         -8.47486782         -8.47486782         -8.47486782
   3.334         -4.49705219         -4.49705219         -8.43039322         -8.43039322         -8.43039322
   3.388         -4.87003756         -4.87003756         -8.37055683         -8.37055683         -8.37055683
   3.441         -5.31184816         -5.31184816         -8.29644775         -8.29644775         -8.29644775
   3.495         -5.81340504         -5.81340504         -8.20952988         -8.20952988         -8.20952988
   3.549         -6.36614561         -6.36614561         -8.11166763         -8.11166763         -8.11166763
   3.603         -6.96188068         -6.96188068         -8.00511932         -8.00511932         -8.00511932
   3.656         -7.59202957         -7.59202957         -7.89250326         -7.89250326         -7.89250326
   3.710         -8.24632740         -8.24632740         -7.77672243         -7.77672243         -7.77672243
   3.764         -8.91149426         -8.91149426         -7.66086817         -7.66086817         -7.66086817
   3.818         -9.57034969         -9.57034969         -7.54811668         -7.54811668         -7.54811668
   3.871        -10.20196533        -10.20196533         -7.44162703         -7.44162703         -7.44162703
   3.925        -10.78284359        -10.78284359         -7.34445286         -7.34445286         -7.34445286
   3.979        -11.28905487        -11.28905487         -7.25945473         -7.25945473         -7.25945473
   4.033        -11.69853401        -11.69853401         -7.18921328         -7.18921328         -7.18921328
   4.087        -11.99305916        -11.99305916         -7.13593578         -7.13593578         -7.13593578
   4.140        -12.15956879        -12.15956879         -7.10134983         -7.10134983         -7.10134983
   4.194        -12.19077492        -12.19077492         -7.08660746         -7.08660746         -7.08660746
   4.248        -12.08530998        -12.08530998         -7.09220886         -7.09220886         -7.09220886
   4.302        -11.84778023        -11.84778023         -7.11796427         -7.11796427         -7.11796427
   4.355        -11.48868179        -11.48868179         -7.16301203         -7.16301203         -7.16301203
   4.409        -11.02399445        -11.02399445         -7.22587252         -7.22587252         -7.22587252
   4.463        -10.47423077        -10.47423077         -7.30454493         -7.30454493         -7.30454493
   4.517         -9.86278343         -9.86278343         -7.39660406         -7.39660406         -7.39660406
   4.570         -9.21361160         -9.21361160         -7.49930573         -7.49930573         -7.49930573
   4.624         -8.54903507         -8.54903507         -7.60967255         -7.60967255         -7.60967255
   4.678         -7.88801718         -7.88801718         -7.72458220         -7.72458220         -7.72458220
   4.732         -7.24556017         -7.24556017         -7.84085369         -7.84085369         -7.84085369
   4.786         -6.63314295         -6.63314295         -7.95534229         -7.95534229         -7.95534229
   4.839         -6.05993938         -6.05993938         -8.06504726         -8.06504726         -8.06504726
   4.893         -5.53418207         -5.53418207         -8.16720676         -8.16720676         -8.16720676
   4.947         -5.06420660         -5.06420660         -8.25939274         -8.25939274         -8.25939274
   5.001         -4.65888882         -4.65888882         -8.33955479         -8.33955479         -8.33955479
   5.054         -4.32739019         -4.32739019         -8.40604877         -8.40604877         -8.40604877
   5.108         -4.07846546         -4.07846546         -8.45761871         -8.45761871         -8.45761871
   5.162         -3.91949487         -3.91949487         -8.49336052         -8.49336052         -8.49336052
   5.216         -3.85557294         -3.85557294         -8.51268864         -8.51268864         -8.51268864
   5.269         -3.88883448         -3.88883448         -8.51529884         -8.51529884         -8.51529884
   5.323         -4.01816893         -4.01816893         -8.50114632         -8.50114632         -8.50114632
   5.377         -4.23936176         -4.23936176         -8.47044849         -8.47044849         -8.47044849
   5.431         -4.54567003         -4.54567003         -8.42369461         -8.42369461         -8.42369461
   5.485         -4.92867231         -4.92867231         -8.36167812         -8.36167812         -8.36167812
   5.538         -5.37923670         -5.37923670         -8.28553486         -8.28553486         -8.28553486
   5.592         -5.88834429         -5.88834429         -8.19678020         -8.19678020         -8.19678020
   5.646         -6.44749832         -6.44749832         -8.09733105         -8.09733105         -8.09733105
   5.700         -7.04852295         -7.04852295         -7.98949671         -7.98949671         -7.98949671
   5.753         -7.68268204         -7.68268204         -7.87593746         -7.87593746         -7.87593746
   5.807         -8.33937931         -8.33937931         -7.75958681         -7.75958681         -7.75958681
   5.861         -9.00482464         -9.00482464         -7.64355230         -7.64355230         -7.64355230
   5.915         -9.66130257         -9.66130257         -7.53101206         -7.53101206         -7.53101206
   5.968        -10.28743172        -10.28743172         -7.42511606         -7.42511606         -7.42511606
   6.022        -10.85952759        -10.85952759         -7.32889557         -7.32889557         -7.32889557
   6.076        -11.35376453        -11.35376453         -7.24517918         -7.24517918         -7.24517918
   6.130        -11.74849987        -11.74849987         -7.17650318         -7.17650318         -7.17650318
   6.184        -12.02616215        -12.02616215         -7.12501717         -7.12501717         -7.12501717
   6.237        -12.17444801        -12.17444801         -7.09237957         -7.09237957         -7.09237957
   6.291        -12.18685055        -12.18685055         -7.07966137         -7.07966137         -7.07966137
   6.345        -12.06282425        -12.06282425         -7.08727312         -7.08727312         -7.08727312
   6.399        -11.80777645        -11.80777645         -7.11493874         -7.11493874         -7.11493874
   6.452        -11.43296337        -11.43296337         -7.16171169         -7.16171169         -7.16171169
   6.506        -10.95505428        -10.95505428         -7.22604227         -7.22604227         -7.22604227
   6.560        -10.39506149        -10.39506149         -7.30586815         -7.30586815         -7.30586815
   6.614         -9.77657318         -9.77657318         -7.39871931         -7.39871931         -7.39871931
   6.667         -9.12344456         -9.12344456         -7.50181580         -7.50181580         -7.50181580
   6.721         -8.45760345         -8.45760345         -7.61215734         -7.61215734         -7.61215734
   6.775         -7.79748058         -7.79748058         -7.72660780         -7.72660780         -7.72660780
   6.829         -7.15754318         -7.15754318         -7.84198475         -7.84198475         -7.84198475
   6.883         -6.54886818         -6.54886818         -7.95515728         -7.95515728         -7.95515728
   6.936         -5.98042154         -5.98042154         -8.06314945         -8.06314945         -8.06314945
   6.990         -5.46040010         -5.46040010         -8.16324043         -8.16324043         -8.16324043
   7.044         -4.99720430         -4.99720430         -8.25304604         -8.25304604         -8.25304604
   7.098         -4.59977436         -4.59977436         -8.33057022         -8.33057022         -8.33057022
   7.151         -4.27727318         -4.27727318         -8.39421463         -8.39421463         -8.39421463
   7.205         -4.03832722         -4.03832722         -8.44276714         -8.44276714         -8.44276714
   7.259         -3.89006162         -3.89006162         -8.47536182         -8.47536182         -8.47536182
   7.313         -3.83720350         -3.83720350         -8.49144077         -8.49144077         -8.49144077
   7.366         -3.88145852         -3.88145852         -8.49072361         -8.49072361         -8.49072361
   7.420         -4.02128077         -4.02128077         -8.47319031         -8.47319031         -8.47319031
   7.474         -4.25208378         -4.25208378         -8.43908119         -8.43908119         -8.43908119
   7.528         -4.56684637         -4.56684637         -8.38891411         -8.38891411         -8.38891411
   7.582         -4.95700598         -4.95700598         -8.32351494         -8.32351494         -8.32351494
   7.635         -5.41343689         -5.41343689         -8.24405956         -8.24405956         -8.24405956
   7.689         -5.92719841         -5.92719841         -8.15211010         -8.15211010         -8.15211010
   7.743         -6.48990917         -6.48990917         -8.04963112         -8.04963112         -8.04963112
   7.797         -7.09342289         -7.09342289         -7.93898010         -7.93898010         -7.93898010
   7.850         -7.72889805         -7.72889805         -7.82285690         -7.82285690         -7.82285690
   7.904         -8.38543224         -8.38543224         -7.70422554         -7.70422554         -7.70422554
   7.958         -9.04879856         -9.04879856         -7.58621311         -7.58621311         -7.58621311
   8.012         -9.70078278         -9.70078278         -7.47200394         -7.47200394         -7.47200394
   8.065        -10.31962204        -10.31962204         -7.36474466         -7.36474466         -7.36474466
   8.119        -10.88149357        -10.88149357         -7.26745415         -7.26745415         -7.26745415
   8.173        -11.36269951        -11.36269951         -7.18293762         -7.18293762         -7.18293762
   8.227        -11.74200344        -11.74200344         -7.11369848         -7.11369848         -7.11369848
   8.281        -12.00242805        -12.00242805         -7.06183958         -7.06183958         -7.06183958
   8.334        -12.13236332        -12.13236332         -7.02895784         -7.02895784         -7.02895784
   8.388        -12.12605000        -12.12605000         -7.01605129         -7.01605129         -7.01605129
   8.442        -11.98370552        -11.98370552         -7.02344751         -7.02344751         -7.02344751
   8.496        -11.71152973        -11.71152973         -7.05078173         -7.05078173         -7.05078173
   8.549        -11.32151222        -11.32151222         -7.09701824         -7.09701824         -7.09701824
   8.603        -10.83098412        -10.83098412         -7.16052198         -7.16052198         -7.16052198
   8.657        -10.26138306        -10.26138306         -7.23915052         -7.23915052         -7.23915052
   8.711         -9.63641071         -9.63641071         -7.33035803         -7.33035803         -7.33035803
   8.765         -8.97969151         -8.97969151         -7.43129539         -7.43129539         -7.43129539
   8.818         -8.31264591         -8.31264591         -7.53890038         -7.53890038         -7.53890038
   8.872         -7.65303612         -7.65303612         -7.64998531         -7.64998531         -7.64998531
   8.926         -7.01470280         -7.01470280         -7.76133013         -7.76133013         -7.76133013
   8.980         -6.40827084         -6.40827084         -7.86978292         -7.86978292         -7.86978292
   9.033         -5.84245014         -5.84245014         -7.97236443         -7.97236443         -7.97236443
   9.087         -5.32538986         -5.32538986         -8.06636620         -8.06636620         -8.06636620
   9.141         -4.86555243         -4.86555243         -8.14942646         -8.14942646         -8.14942646
   9.195         -4.47197104         -4.47197104         -8.21956921         -8.21956921         -8.21956921
   9.248         -4.15383673         -4.15383673         -8.27521133         -8.27521133         -8.27521133
   9.302         -3.91970682         -3.91970682         -8.31513786         -8.31513786         -8.31513786
   9.356         -3.77653170         -3.77653170         -8.33845901         -8.33845901         -8.33845901
   9.410         -3.72877622         -3.72877622         -8.34456921         -8.34456921         -8.34456921
   9.464         -3.77784038         -3.77784038         -8.33310986         -8.33310986         -8.33310986
   9.517         -3.92188668         -3.92188668         -8.30394936         -8.30394936         -8.30394936
   9.571         -4.15610027         -4.15610027         -8.25718117         -8.25718117         -8.25718117
   9.625         -4.47334194         -4.47334194         -8.19313717         -8.19313717         -8.19313717
   9.679         -4.86506796         -4.86506796         -8.11241341         -8.11241341         -8.11241341
   9.732         -5.32226992         -5.32226992         -8.01591206         -8.01591206         -8.01591206
   9.786         -5.83622169         -5.83622169         -7.90487671         -7.90487671         -7.90487671
   9.840         -6.39871120         -6.39871120         -7.78091240         -7.78091240         -7.78091240
   9.894         -7.00166178         -7.00166178         -7.64598513         -7.64598513         -7.64598513
   9.947         -7.63607550         -7.63607550         -7.50238371         -7.50238371         -7.50238371
  10.001         -8.29065323         -8.29065323         -7.35265493         -7.35265493         -7.35265493
  10.055         -8.95054817         -8.95054817         -7.19952059         -7.19952059         -7.19952059
  10.109         -9.59681034         -9.59681034         -7.04578686         -7.04578686         -7.04578686
  10.163        -10.20696735        -10.20696735         -6.89425182         -6.89425182         -6.89425182
  10.216        -10.75662994        -10.75662994         -6.74761391         -6.74761391         -6.74761391
  10.270        -11.22177887        -11.22177887         -6.60837555         -6.60837555         -6.60837555
  10.324        -11.58108711        -11.58108711         -6.47874117         -6.47874117         -6.47874117
  10.378        -11.81771564        -11.81771564         -6.36051464         -6.36051464         -6.36051464
  10.431        -11.92040157        -11.92040157         -6.25501060         -6.25501060         -6.25501060
  10.485        -11.88391972        -11.88391972         -6.16299963         -6.16299963         -6.16299963
  10.539        -11.70920277        -11.70920277         -6.08469677         -6.08469677         -6.08469677
  10.593        -11.40333939        -11.40333939         -6.01980162         -6.01980162         -6.01980162
  10.646        -10.97930145        -10.97930145         -5.96757364         -5.96757364         -5.96757364
  10.700        -10.45528698        -10.45528698         -5.92692614         -5.92692614         -5.92692614
  10.754         -9.85333633         -9.85333633         -5.89651585         -5.89651585         -5.89651585
  10.808         -9.19729519         -9.19729519         -5.87481213         -5.87481213         -5.87481213
  10.862         -8.51040173         -8.51040173         -5.86014891         -5.86014891         -5.86014891
  10.915         -7.81318283         -7.81318283         -5.85076189         -5.85076189         -5.85076189
  10.969         -7.12213469         -7.12213469         -5.84481907         -5.84481907         -5.84481907
  11.023         -6.44957685         -6.44957685         -5.84045458         -5.84045458         -5.84045458
  11.077         -5.80448103         -5.80448103         -5.83580828         -5.83580828         -5.83580828
  11.130         -5.19378233         -5.19378233         -5.82906437         -5.82906437         -5.82906437
  11.184         -4.62365532         -4.62365532         -5.81849098         -5.81849098         -5.81849098
  11.238         -4.10029316         -4.10029316         -5.80246925         -5.80246925         -5.80246925
  11.292         -3.63006425         -3.63006425         -5.77951956         -5.77951956         -5.77951956
  11.345         -3.21912169         -3.21912169         -5.74831772         -5.74831772         -5.74831772
  11.399         -2.87271905         -2.87271905         -5.70770693         -5.70770693         -5.70770693
  11.453         -2.59448600         -2.59448600         -5.65670633         -5.65670633         -5.65670633
  11.507         -2.38591313         -2.38591313         -5.59450865         -5.59450865         -5.59450865
  11.561         -2.24615836         -2.24615836         -5.52047968         -5.52047968         -5.52047968
  11.614         -2.17221189         -2.17221189         -5.43414688         -5.43414688         -5.43414688
  11.668         -2.15936208         -2.15936208         -5.33520222         -5.33520222         -5.33520222
  11.722         -2.20183110         -2.20183110         -5.22350740         -5.22350740         -5.22350740
  11.776         -2.29339194         -2.29339194         -5.09912443         -5.09912443         -5.09912443
  11.829         -2.42779970         -2.42779970         -4.96235704         -4.96235704         -4.96235704
  11.883         -2.59888148         -2.59888148         -4.81380272         -4.81380272         -4.81380272
  11.937         -2.80027580         -2.80027580         -4.65439415         -4.65439415         -4.65439415
  11.991         -3.02491379         -3.02491379         -4.48542118         -4.48542118         -4.48542118
  12.044         -3.26448083         -3.26448083         -4.30851555         -4.30851555         -4.30851555
  12.098         -3.50914025         -3.50914025         -4.12560892         -4.12560892         -4.12560892
  12.152         -3.74771047         -3.74771047         -3.93886018         -3.93886018         -3.93886018
  12.206         -3.96831393         -3.96831393         -3.75056791         -3.75056791         -3.75056791
  12.260         -4.15934515         -4.15934515         -3.56307507         -3.56307507         -3.56307507
  12.313         -4.31044197         -4.31044197         -3.37867022         -3.37867022         -3.37867022
  12.367         -4.41327858         -4.41327858         -3.19948673         -3.19948673         -3.19948673
  12.421         -4.46200085         -4.46200085         -3.02740669         -3.02740669         -3.02740669
  12.475         -4.45340395         -4.45340395         -2.86397696         -2.86397696         -2.86397696
  12.528         -4.38695526         -4.38695526         -2.71034908         -2.71034908         -2.71034908
  12.582         -4.26479244         -4.26479244         -2.56725597         -2.56725597         -2.56725597
  12.636         -4.09162188         -4.09162188         -2.43502879         -2.43502879         -2.43502879
  12.690         -3.87450886         -3.87450886         -2.31364799         -2.31364799         -2.31364799
  12.743         -3.62232924         -3.62232924         -2.20281768         -2.20281768         -2.20281768
  12.797         -3.34492660         -3.34492660         -2.10204077         -2.10204077         -2.10204077
  12.851         -3.05206823         -3.05206823         -2.01068187         -2.01068187         -2.01068187
  12.905         -2.75245929         -2.75245929         -1.92801023         -1.92801023         -1.92801023
  12.959         -2.45311022         -2.45311022         -1.85322011         -1.85322011         -1.85322011
  13.012         -2.15917492         -2.15917492         -1.78543913         -1.78543913         -1.78543913
  13.066         -1.87426519         -1.87426519         -1.72372925         -1.72372925         -1.72372925
  13.120         -1.60101211         -1.60101211         -1.66709208         -1.66709208         -1.66709208
  13.174         -1.34163785         -1.34163785         -1.61447930         -1.61447930         -1.61447930
  13.227         -1.09834695         -1.09834695         -1.56481254         -1.56481254         -1.56481254
  13.281         -0.87343842         -0.87343842         -1.51701009         -1.51701009         -1.51701009
  13.335         -0.66919339         -0.66919339         -1.47001755         -1.47001755         -1.47001755
  13.389         -0.48761243         -0.48761243         -1.42283833         -1.42283833         -1.42283833
  13.442         -0.33013630         -0.33013630         -1.37455821         -1.37455821         -1.37455821
  13.496         -0.19743530         -0.19743530         -1.32436252         -1.32436252         -1.32436252
  13.550         -0.08932753         -0.08932753         -1.27154458         -1.27154458         -1.27154458
  13.604         -0.00483323         -0.00483323         -1.21550620         -1.21550620         -1.21550620
  13.658          0.05765931          0.05765931         -1.15575743         -1.15575743         -1.15575743
  13.711          0.10017218          0.10017218         -1.09191763         -1.09191763         -1.09191763
  13.765          0.12492707          0.12492707         -1.02372587         -1.02372587         -1.02372587
  13.819          0.13420570          0.13420570         -0.95105672         -0.95105672         -0.95105672
  13.873          0.13031138          0.13031138         -0.87394273         -0.87394273         -0.87394273
  13.926          0.11562485          0.11562485         -0.79259288         -0.79259288         -0.79259288
  13.980          0.09271025          0.09271025         -0.70740229         -0.70740229         -0.70740229
  14.034          0.06440379          0.06440379         -0.61894715         -0.61894715         -0.61894715
  14.088          0.03381593          0.03381593         -0.52796543         -0.52796543         -0.52796543
  14.141          0.00421867          0.00421867         -0.43532509         -0.43532509         -0.43532509
  14.195         -0.02115501         -0.02115501         -0.34198570         -0.34198570         -0.34198570
  14.249         -0.03934337         -0.03934337         -0.24895693         -0.24895693         -0.24895693
  14.303         -0.04785816         -0.04785816         -0.15725580         -0.15725580         -0.15725580
  14.357         -0.04481404         -0.04481404         -0.06786359         -0.06786359         -0.06786359
  14.410         -0.02899079         -0.02899079          0.01831650          0.01831650          0.01831650
  14.464          0.00015361          0.00015361          0.10049850          0.10049850          0.10049850
  14.518          0.04248336          0.04248336          0.17804420          0.17804420          0.17804420
  14.572          0.09720293          0.09720293          0.25047979          0.25047979          0.25047979
  14.625          0.16290700          0.16290700          0.31749514          0.31749514          0.31749514
  14.679          0.23769490          0.23769490          0.37892687          0.37892687          0.37892687
  14.733          0.31936446          0.31936446          0.43473044          0.43473044          0.43473044
  14.787          0.40565646          0.40565646          0.48494986          0.48494986          0.48494986
  14.841          0.49449968          0.49449968          0.52969331          0.52969331          0.52969331
  14.894          0.58418971          0.58418971          0.56911945          0.56911945          0.56911945
  14.948          0.67344570          0.67344570          0.60343522          0.60343522          0.60343522
  15.002          0.76135820          0.76135820          0.63290179          0.63290179          0.63290179
  15.056          0.84725785          0.84725785          0.65784311          0.65784311          0.65784311
  15.109          0.93056816          0.93056816          0.67865187          0.67865187          0.67865187
  15.163          1.01068985          1.01068985          0.69578844          0.69578844          0.69578844
  15.217          1.08696008          1.08696008          0.70977187          0.70977187          0.70977187
  15.271          1.15865409          1.15865409          0.72116339          0.72116339          0.72116339
  15.324          1.22504461          1.22504461          0.73054641          0.73054641          0.73054641
  15.378          1.28546500          1.28546500          0.73850471          0.73850471          0.73850471
  15.432          1.33936441          1.33936441          0.74560285          0.74560285          0.74560285
  15.486          1.38634384          1.38634384          0.75236934          0.75236934          0.75236934
  15.540          1.42615473          1.42615473          0.75928378          0.75928378          0.75928378
  15.593          1.45867932          1.45867932          0.76676649          0.76676649          0.76676649
  15.647          1.48388433          1.48388433          0.77517122          0.77517122          0.77517122
  15.701          1.50178182          1.50178182          0.78477907          0.78477907          0.78477907
  15.755          1.51238799          1.51238799          0.79579520          0.79579520          0.79579520
  15.808          1.51570427          1.51570427          0.80834746          0.80834746          0.80834746
  15.862          1.51171994          1.51171994          0.82248837          0.82248837          0.82248837
  15.916          1.50043797          1.50043797          0.83819950          0.83819950          0.83819950
  15.970          1.48191690          1.48191690          0.85539883          0.85539883          0.85539883
  16.023          1.45630932          1.45630932          0.87394923          0.87394923          0.87394923
  16.077          1.42390382          1.42390382          0.89366817          0.89366817          0.89366817
  16.131          1.38513947          1.38513947          0.91433662          0.91433662          0.91433662
  16.185          1.34059548          1.34059548          0.93570864          0.93570864          0.93570864
  16.239          1.29095006          1.29095006          0.95752037          0.95752037          0.95752037
  16.292          1.23691523          1.23691523          0.97950029          0.97950029          0.97950029
  16.346          1.17917144          1.17917144          1.00137973          1.00137973          1.00137973
  16.400          1.11831808          1.11831808          1.02290416          1.02290416          1.02290416
  16.454          1.05486822          1.05486822          1.04384387          1.04384387          1.04384387
  16.507          0.98931575          0.98931575          1.06400096          1.06400096          1.06400096
  16.561          0.92226136          0.92226136          1.08321452          1.08321452          1.08321452
  16.615          0.85457081          0.85457081          1.10136032          1.10136032          1.10136032
  16.669          0.78751135          0.78751135          1.11834800          1.11834800          1.11834800
  16.722          0.72280616          0.72280616          1.13411677          1.13411677          1.13411677
  16.776          0.66256845          0.66256845          1.14863038          1.14863038          1.14863038
  16.830          0.60913044          0.60913044          1.16187418          1.16187418          1.16187418
  16.884          0.56480050          0.56480050          1.17385375          1.17385375          1.17385375
  16.938          0.53162277          0.53162277          1.18459392          1.18459392          1.18459392
  16.991          0.51118523          0.51118523          1.19413900          1.19413900          1.19413900
  17.045          0.50449944          0.50449944          1.20255220          1.20255220          1.20255220
  17.099          0.51193959          0.51193959          1.20991385          1.20991385          1.20991385
  17.153          0.53322816          0.53322816          1.21631873          1.21631873          1.21631873
  17.206          0.56744915          0.56744915          1.22187269          1.22187269          1.22187269
  17.260          0.61310136          0.61310136          1.22668922          1.22668922          1.22668922
  17.314          0.66821313          0.66821313          1.23088515          1.23088515          1.23088515
  17.368          0.73052764          0.73052764          1.23457825          1.23457825          1.23457825
  17.421          0.79774183          0.79774183          1.23788559          1.23788559          1.23788559
  17.475          0.86775070          0.86775070          1.24092221          1.24092221          1.24092221
  17.529          0.93883330          0.93883330          1.24380136          1.24380136          1.24380136
  17.583          1.00973082          1.00973082          1.24663556          1.24663556          1.24663556
  17.637          1.07960045          1.07960045          1.24953616          1.24953616          1.24953616
  17.690          1.14788413          1.14788413          1.25261426          1.25261426          1.25261426
  17.744          1.21415126          1.21415126          1.25598013          1.25598013          1.25598013
  17.798          1.27796769          1.27796769          1.25974131          1.25974131          1.25974131
  17.852          1.33881855          1.33881855          1.26400161          1.26400161          1.26400161
  17.905          1.39610624          1.39610624          1.26885867          1.26885867          1.26885867
  17.959          1.44919646          1.44919646          1.27440202          1.27440202          1.27440202
  18.013          1.49748540          1.49748540          1.28071249          1.28071249          1.28071249
  18.067          1.54047477          1.54047477          1.28786087          1.28786087          1.28786087
  18.120          1.57783103          1.57783103          1.29590905          1.29590905          1.29590905
  18.174          1.60941994          1.60941994          1.30491042          1.30491042          1.30491042
  18.228          1.63532460          1.63532460          1.31491089          1.31491089          1.31491089
  18.282          1.65583110          1.65583110          1.32594728          1.32594728          1.32594728
  18.336          1.67140615          1.67140615          1.33804464          1.33804464          1.33804464
  18.389          1.68264365          1.68264365          1.35121083          1.35121083          1.35121083
  18.443          1.69022644          1.69022644          1.36542749          1.36542749          1.36542749
  18.497          1.69486392          1.69486392          1.38064265          1.38064265          1.38064265
  18.551          1.69725800          1.69725800          1.39676178          1.39676178          1.39676178
  18.604          1.69806159          1.69806159          1.41364408          1.41364408          1.41364408
  18.658          1.69784856          1.69784856          1.43110180          1.43110180          1.43110180
  18.712          1.69710004          1.69710004          1.44890392          1.44890392          1.44890392
  18.766          1.69618714          1.69618714          1.46678400          1.46678400          1.46678400
  18.819          1.69537461          1.69537461          1.48445046          1.48445046          1.48445046
  18.873          1.69482219          1.69482219          1.50159836          1.50159836          1.50159836
  18.927          1.69459772          1.69459772          1.51792276          1.51792276          1.51792276
  18.981          1.69469309          1.69469309          1.53313124          1.53313124          1.53313124
  19.035          1.69504225          1.69504225          1.54695737          1.54695737          1.54695737
  19.088          1.69555295          1.69555295          1.55916989          1.55916989          1.55916989
  19.142          1.69612253          1.69612253          1.56958127          1.56958127          1.56958127
  19.196          1.69665873          1.69665873          1.57804871          1.57804871          1.57804871
  19.250          1.69708776          1.69708776          1.58447278          1.58447278          1.58447278
  19.303          1.69735873          1.69735873          1.58878994          1.58878994          1.58878994
  19.357          1.69744205          1.69744205          1.59096456          1.59096456          1.59096456
  19.411          1.69732785          1.69732785          1.59098089          1.59098089          1.59098089
  19.465          1.69702566          1.69702566          1.58883882          1.58883882          1.58883882
  19.518          1.69656312          1.69656312          1.58455336          1.58455336          1.58455336
  19.572          1.69598889          1.69598889          1.57815945          1.57815945          1.57815945
  19.626          1.69537604          1.69537604          1.56971920          1.56971920          1.56971920
  19.680          1.69481599          1.69481599          1.55933130          1.55933130          1.55933130
  19.734          1.69441104          1.69441104          1.54713643          1.54713643          1.54713643
  19.787          1.69425333          1.69425333          1.53332114          1.53332114          1.53332114
  19.841          1.69441175          1.69441175          1.51811492          1.51811492          1.51811492
  19.895          1.69489598          1.69489598          1.50178337          1.50178337          1.50178337
  19.949          1.69564307          1.69564307          1.48461819          1.48461819          1.48461819
  20.002          1.69649744          1.69649744          1.46692419          1.46692419          1.46692419
  20.056          1.69719994          1.69719994          1.44900656          1.44900656          1.44900656
  20.110          1.69738281          1.69738281          1.43115747          1.43115747          1.43115747
  20.164          1.69657159          1.69657159          1.41364455          1.41364455          1.41364455
  20.218          1.69419467          1.69419467          1.39670014          1.39670014          1.39670014
  20.271          1.68960142          1.68960142          1.38051367          1.38051367          1.38051367
  20.325          1.68209326          1.68209326          1.36522770          1.36522770          1.36522770
  20.379          1.67095661          1.67095661          1.35093796          1.35093796          1.35093796
  20.433          1.65550959          1.65550959          1.33769822          1.33769822          1.33769822
  20.486          1.63515031          1.63515031          1.32552767          1.32552767          1.32552767
  20.540          1.60940826          1.60940826          1.31441915          1.31441915          1.31441915
  20.594          1.57798743          1.57798743          1.30434823          1.30434823          1.30434823
  20.648          1.54079843          1.54079843          1.29527819          1.29527819          1.29527819
  20.701          1.49796677          1.49796677          1.28716373          1.28716373          1.28716373
  20.755          1.44981945          1.44981945          1.27995133          1.27995133          1.27995133
  20.809          1.39685130          1.39685130          1.27357960          1.27357960          1.27357960
  20.863          1.33966255          1.33966255          1.26797771          1.26797771          1.26797771
  20.917          1.27888942          1.27888942          1.26306534          1.26306534          1.26306534
  20.970          1.21513188          1.21513188          1.25875330          1.25875330          1.25875330
  21.024          1.14890516          1.14890516          1.25494397          1.25494397          1.25494397
  21.078          1.08064890          1.08064890          1.25153387          1.25153387          1.25153387
  21.132          1.01079059          1.01079059          1.24841535          1.24841535          1.24841535
  21.185          0.93988162          0.93988162          1.24547839          1.24547839          1.24547839
  21.239          0.86875296          0.86875296          1.24261189          1.24261189          1.24261189
  21.293          0.79864895          0.79864895          1.23970449          1.23970449          1.23970449
  21.347          0.73127586          0.73127586          1.23664391          1.23664391          1.23664391
  21.400          0.66872805          0.66872805          1.23331690          1.23331690          1.23331690
  21.454          0.61330652          0.61330652          1.22960842          1.22960842          1.22960842
  21.508          0.56727397          0.56727397          1.22540176          1.22540176          1.22540176
  21.562          0.53261477          0.53261477          1.22057927          1.22057927          1.22057927
  21.616          0.51084799          0.51084799          1.21502364          1.21502364          1.21502364
  21.669          0.50290984          0.50290984          1.20862174          1.20862174          1.20862174
  21.723          0.50910062          0.50910062          1.20126712          1.20126712          1.20126712
  21.777          0.52906626          0.52906626          1.19286454          1.19286454          1.19286454
  21.831          0.56181723          0.56181723          1.18333316          1.18333316          1.18333316
  21.884          0.60578185          0.60578185          1.17260909          1.17260909          1.17260909
  21.938          0.65892869          0.65892869          1.16064727          1.16064727          1.16064727
  21.992          0.71895349          0.71895349          1.14742184          1.14742184          1.14742184
  22.046          0.78352195          0.78352195          1.13292682          1.13292682          1.13292682
  22.099          0.85050893          0.85050893          1.11717594          1.11717594          1.11717594
  22.153          0.91817749          0.91817749          1.10020423          1.10020423          1.10020423
  22.207          0.98524547          0.98524547          1.08207166          1.08207166          1.08207166
  22.261          1.05083597          1.05083597          1.06286740          1.06286740          1.06286740
  22.315          1.11434114          1.11434114          1.04271424          1.04271424          1.04271424
  22.368          1.17526710          1.17526710          1.02177179          1.02177179          1.02177179
  22.422          1.23310173          1.23310173          1.00023639          1.00023639          1.00023639
  22.476          1.28724921          1.28724921          0.97833693          0.97833693          0.97833693
  22.530          1.33703279          1.33703279          0.95632690          0.95632690          0.95632690
  22.583          1.38173711          1.38173711          0.93447459          0.93447459          0.93447459
  22.637          1.42068422          1.42068422          0.91305155          0.91305155          0.91305155
  22.691          1.45329022          1.45329022          0.89232194          0.89232194          0.89232194
  22.745          1.47911096          1.47911096          0.87253243          0.87253243          0.87253243
  22.798          1.49785554          1.49785554          0.85390288          0.85390288          0.85390288
  22.852          1.50936234          1.50936234          0.83661717          0.83661717          0.83661717
  22.906          1.51357460          1.51357460          0.82081389          0.82081389          0.82081389
  22.960          1.51048803          1.51048803          0.80657703          0.80657703          0.80657703
  23.014          1.50011194          1.50011194          0.79392695          0.79392695          0.79392695
  23.067          1.48244691          1.48244691          0.78281343          0.78281343          0.78281343
  23.121          1.45747554          1.45747554          0.77311069          0.77311069          0.77311069
  23.175          1.42518580          1.42518580          0.76461571          0.76461571          0.76461571
  23.229          1.38560808          1.38560808          0.75704932          0.75704932          0.75704932
  23.282          1.33885598          1.33885598          0.75005949          0.75005949          0.75005949
  23.336          1.28517163          1.28517163          0.74322724          0.74322724          0.74322724
  23.390          1.22494960          1.22494960          0.73607415          0.73607415          0.73607415
  23.444          1.15873468          1.15873468          0.72807246          0.72807246          0.72807246
  23.497          1.08718944          1.08718944          0.71865803          0.71865803          0.71865803
  23.551          1.01104105          1.01104105          0.70724708          0.70724708          0.70724708
  23.605          0.93101275          0.93101275          0.69325566          0.69325566          0.69325566
  23.659          0.84777296          0.84777296          0.67612153          0.67612153          0.67612153
  23.713          0.76192033          0.76192033          0.65532434          0.65532434          0.65532434
  23.766          0.67403030          0.67403030          0.63040203          0.63040203          0.63040203
  23.820          0.58476704          0.58476704          0.60096020          0.60096020          0.60096020
  23.874          0.49502811          0.49502811          0.56667322          0.56667322          0.56667322
  23.928          0.40607783          0.40607783          0.52727848          0.52727848          0.52727848
  23.981          0.31960624          0.31960624          0.48256782          0.48256782          0.48256782
  24.035          0.23767292          0.23767292          0.43238157          0.43238157          0.43238157
  24.089          0.16253370          0.16253370          0.37661052          0.37661052          0.37661052
  24.143          0.09639709          0.09639709          0.31520939          0.31520939          0.31520939
  24.196          0.04117911          0.04117911          0.24822125          0.24822125          0.24822125
  24.250         -0.00169662         -0.00169662          0.17580764          0.17580764          0.17580764
  24.304         -0.03141160         -0.03141160          0.09827649          0.09827649          0.09827649
  24.358         -0.04780565         -0.04780565          0.01609943          0.01609943          0.01609943
  24.412         -0.05139823         -0.05139823         -0.07008749         -0.07008749         -0.07008749
  24.465         -0.04338741         -0.04338741         -0.15950008         -0.15950008         -0.15950008
  24.519         -0.02563629         -0.02563629         -0.25123665         -0.25123665         -0.25123665
  24.573         -0.00061652         -0.00061652         -0.34431684         -0.34431684         -0.34431684
  24.627          0.02872229          0.02872229         -0.43772420         -0.43772420         -0.43772420
  24.680          0.05914757          0.05914757         -0.53044909         -0.53044909         -0.53044909
  24.734          0.08738151          0.08738151         -0.62153155         -0.62153155         -0.62153155
  24.788          0.11030018          0.11030018         -0.71010280         -0.71010280         -0.71010280
  24.842          0.12505169          0.12505169         -0.79542387         -0.79542387         -0.79542387
  24.895          0.12905641          0.12905641         -0.87691694         -0.87691694         -0.87691694
  24.949          0.11992537          0.11992537         -0.95418549         -0.95418549         -0.95418549
  25.003          0.09535142          0.09535142         -1.02701914         -1.02701914         -1.02701914
  25.057          0.05305063          0.05305063         -1.09538424         -1.09538424         -1.09538424
  25.111         -0.00919915         -0.00919915         -1.15940475         -1.15940475         -1.15940475
  25.164         -0.09342200         -0.09342200         -1.21934152         -1.21934152         -1.21934152
  25.218         -0.20123613         -0.20123613         -1.27557409         -1.27557409         -1.27557409
  25.272         -0.33363122         -0.33363122         -1.32859218         -1.32859218         -1.32859218
  25.326         -0.49080235         -0.49080235         -1.37899351         -1.37899351         -1.37899351
  25.379         -0.67209309         -0.67209309         -1.42748439         -1.42748439         -1.42748439
  25.433         -0.87607461         -0.87607461         -1.47487903         -1.47487903         -1.47487903
  25.487         -1.10075462         -1.10075462         -1.52209103         -1.52209103         -1.52209103
  25.541         -1.34385908         -1.34385908         -1.57011700         -1.57011700         -1.57011700
  25.594         -1.60308683         -1.60308683         -1.62001061         -1.62001061         -1.62001061
  25.648         -1.87623608         -1.87623608         -1.67285299         -1.67285299         -1.67285299
  25.702         -2.16108346         -2.16108346         -1.72972214         -1.72972214         -1.72972214
  25.756         -2.45500612         -2.45500612         -1.79166520         -1.79166520         -1.79166520
  25.810         -2.75440502         -2.75440502         -1.85968006         -1.85968006         -1.85968006
  25.863         -3.05413961         -3.05413961         -1.93470359         -1.93470359         -1.93470359
  25.917         -3.34722161         -3.34722161         -2.01760769         -2.01760769         -2.01760769
  25.971         -3.62496042         -3.62496042         -2.10919762         -2.10919762         -2.10919762
  26.025         -3.87759495         -3.87759495         -2.21020412         -2.21020412         -2.21020412
  26.078         -4.09527826         -4.09527826         -2.32126307         -2.32126307         -2.32126307
  26.132         -4.26911545         -4.26911545         -2.44287229         -2.44287229         -2.44287229
  26.186         -4.39202929         -4.39202929         -2.57532930         -2.57532930         -2.57532930
  26.240         -4.45927763         -4.45927763         -2.71865535         -2.71865535         -2.71865535
  26.294         -4.46870756         -4.46870756         -2.87252140         -2.87252140         -2.87252140
  26.347         -4.42081785         -4.42081785         -3.03619766         -3.03619766         -3.03619766
  26.401         -4.31879044         -4.31879044         -3.20853496         -3.20853496         -3.20853496
  26.455         -4.16844893         -4.16844893         -3.38798952         -3.38798952         -3.38798952
  26.509         -3.97809911         -3.97809911         -3.57268214         -3.57268214         -3.57268214
  26.562         -3.75808263         -3.75808263         -3.76048183         -3.76048183         -3.76048183
  26.616         -3.52000284         -3.52000284         -3.94910264         -3.94910264         -3.94910264
  26.670         -3.27574420         -3.27574420         -4.13620329         -4.13620329         -4.13620329
  26.724         -3.03650689         -3.03650689         -4.31948709         -4.31948709         -4.31948709
  26.777         -2.81214595         -2.81214595         -4.49679708         -4.49679708         -4.49679708
  26.831         -2.61099863         -2.61099863         -4.66620398         -4.66620398         -4.66620398
  26.885         -2.44014978         -2.44014978         -4.82607698         -4.82607698         -4.82607698
  26.939         -2.30597377         -2.30597377         -4.97512913         -4.97512913         -4.97512913
  26.993         -2.21464300         -2.21464300         -5.11242867         -5.11242867         -5.11242867
  27.046         -2.17240405         -2.17240405         -5.23738003         -5.23738003         -5.23738003
  27.100         -2.18548107         -2.18548107         -5.34968042         -5.34968042         -5.34968042
  27.154         -2.25965118         -2.25965118         -5.44926882         -5.44926882         -5.44926882
  27.208         -2.39962769         -2.39962769         -5.53628397         -5.53628397         -5.53628397
  27.261         -2.60842443         -2.60842443         -5.61103535         -5.61103535         -5.61103535
  27.315         -2.88688970         -2.88688970         -5.67399406         -5.67399406         -5.67399406
  27.369         -3.23354149         -3.23354149         -5.72579575         -5.72579575         -5.72579575
  27.423         -3.64475250         -3.64475250         -5.76724672         -5.76724672         -5.76724672
  27.476         -4.11527777         -4.11527777         -5.79932928         -5.79932928         -5.79932928
  27.530         -4.63897181         -4.63897181         -5.82319880         -5.82319880         -5.82319880
  27.584         -5.20946693         -5.20946693         -5.84017944         -5.84017944         -5.84017944
  27.638         -5.82057285         -5.82057285         -5.85175085         -5.85175085         -5.85175085
  27.692         -6.46612263         -6.46612263         -5.85953093         -5.85953093         -5.85953093
  27.745         -7.13918447         -7.13918447         -5.86525059         -5.86525059         -5.86525059
  27.799         -7.83079481         -7.83079481         -5.87072468         -5.87072468         -5.87072468
  27.853         -8.52864552         -8.52864552         -5.87781191         -5.87781191         -5.87781191
  27.907         -9.21624279         -9.21624279         -5.88837719         -5.88837719         -5.88837719
  27.960         -9.87307072         -9.87307072         -5.90425158         -5.90425158         -5.90425158
  28.014        -10.47589111        -10.47589111         -5.92719936         -5.92719936         -5.92719936
  28.068        -11.00086308        -11.00086308         -5.95888376         -5.95888376         -5.95888376
  28.122        -11.42594719        -11.42594719         -6.00083447         -6.00083447         -6.00083447
  28.175        -11.73294830        -11.73294830         -6.05439281         -6.05439281         -6.05439281
  28.229        -11.90888214        -11.90888214         -6.12064219         -6.12064219         -6.12064219
  28.283        -11.94667912        -11.94667912         -6.20031929         -6.20031929         -6.20031929
  28.337        -11.84538841        -11.84538841         -6.29372072         -6.29372072         -6.29372072
  28.391        -11.61023426        -11.61023426         -6.40062666         -6.40062666         -6.40062666
  28.444        -11.25249100        -11.25249100         -6.52026176         -6.52026176         -6.52026176
  28.498        -10.78899384        -10.78899384         -6.65130663         -6.65130663         -6.65130663
  28.552        -10.24107933        -10.24107933         -6.79195356         -6.79195356         -6.79195356
  28.606         -9.63275337         -9.63275337         -6.93999481         -6.93999481         -6.93999481
  28.659         -8.98840714         -8.98840714         -7.09292507         -7.09292507         -7.09292507
  28.713         -8.33051682         -8.33051682         -7.24804449         -7.24804449         -7.24804449
  28.767         -7.67801952         -7.67801952         -7.40255213         -7.40255213         -7.40255213
  28.821         -7.04576302         -7.04576302         -7.55364037         -7.55364037         -7.55364037
  28.874         -6.44503689         -6.44503689         -7.69858360         -7.69858360         -7.69858360
  28.928         -5.88482904         -5.88482904         -7.83483219         -7.83483219         -7.83483219
  28.982         -5.37321901         -5.37321901         -7.96009302         -7.96009302         -7.96009302
  29.036         -4.91840410         -4.91840410         -8.07239437         -8.07239437         -8.07239437
  29.090         -4.52911139         -4.52911139         -8.17012691         -8.17012691         -8.17012691
  29.143         -4.21434546         -4.21434546         -8.25204086         -8.25204086         -8.25204086
  29.197         -3.98265505         -3.98265505         -8.31723118         -8.31723118         -8.31723118
  29.251         -3.84117270         -3.84117270         -8.36509800         -8.36509800         -8.36509800
  29.305         -3.79471993         -3.79471993         -8.39530659         -8.39530659         -8.39530659
  29.358         -3.84513736         -3.84513736         -8.40776253         -8.40776253         -8.40776253
  29.412         -3.99102592         -3.99102592         -8.40259552         -8.40259552         -8.40259552
  29.466         -4.22792196         -4.22792196         -8.38016415         -8.38016415         -8.38016415
  29.520         -4.54886770         -4.54886770         -8.34107399         -8.34107399         -8.34107399
  29.573         -4.94530106         -4.94530106         -8.28621387         -8.28621387         -8.28621387
  29.627         -5.40799713         -5.40799713         -8.21679974         -8.21679974         -8.21679974
  29.681         -5.92791128         -5.92791128         -8.13441563         -8.13441563         -8.13441563
  29.735         -6.49653101         -6.49653101         -8.04103565         -8.04103565         -8.04103565
  29.789         -7.10566092         -7.10566092         -7.93902349         -7.93902349         -7.93902349
  29.842         -7.74651670         -7.74651670         -7.83108807         -7.83108807         -7.83108807
  29.896         -8.40840816         -8.40840816         -7.72020912         -7.72020912         -7.72020912
  29.950         -9.07743931         -9.07743931         -7.60953903         -7.60953903         -7.60953903
  30.004         -9.73577023         -9.73577023         -7.50229836         -7.50229836         -7.50229836
  30.057        -10.36197186        -10.36197186         -7.40167570         -7.40167570         -7.40167570
  30.111        -10.93240261        -10.93240261         -7.31073380         -7.31073380         -7.31073380
  30.165        -11.42338562        -11.42338562         -7.23232317         -7.23232317         -7.23232317
  30.219        -11.81354237        -11.81354237         -7.16899014         -7.16899014         -7.16899014
  30.272        -12.08563519        -12.08563519         -7.12287712         -7.12287712         -7.12287712
  30.326        -12.22769833        -12.22769833         -7.09562111         -7.09562111         -7.09562111
  30.380        -12.23360443        -12.23360443         -7.08825731         -7.08825731         -7.08825731
  30.434        -12.10313511        -12.10313511         -7.10115099         -7.10115099         -7.10115099
  30.488        -11.84204102        -11.84204102         -7.13397503         -7.13397503         -7.13397503
  30.541        -11.46187019        -11.46187019         -7.18573189         -7.18573189         -7.18573189
  30.595        -10.97955799        -10.97955799         -7.25482416         -7.25482416         -7.25482416
  30.649        -10.41629791        -10.41629791         -7.33914995         -7.33914995         -7.33914995
  30.703         -9.79574490         -9.79574490         -7.43620491         -7.43620491         -7.43620491
  30.756         -9.14173317         -9.14173317         -7.54318380         -7.54318380         -7.54318380
  30.810         -8.47604656         -8.47604656         -7.65706825         -7.65706825         -7.65706825
  30.864         -7.81694841         -7.81694841         -7.77471161         -7.77471161         -7.77471161
  30.918         -7.17872190         -7.17872190         -7.89292812         -7.89292812         -7.89292812
  30.971         -6.57232380         -6.57232380         -8.00859070         -8.00859070         -8.00859070
  31.025         -6.00665712         -6.00665712         -8.11873531         -8.11873531         -8.11873531
  31.079         -5.48990536         -5.48990536         -8.22066212         -8.22066212         -8.22066212
  31.133         -5.03049994         -5.03049994         -8.31201172         -8.31201172         -8.31201172
  31.187         -4.63739777         -4.63739777         -8.39081955         -8.39081955         -8.39081955
  31.240         -4.31975698         -4.31975698         -8.45552254         -8.45552254         -8.45552254
  31.294         -4.08615685         -4.08615685         -8.50494576         -8.50494576         -8.50494576
  31.348         -3.94362378         -3.94362378         -8.53826046         -8.53826046         -8.53826046
  31.402         -3.89676166         -3.89676166         -8.55495071         -8.55495071         -8.55495071
  31.455         -3.94712234         -3.94712234         -8.55477524         -8.55477524         -8.55477524
  31.509         -4.09300709         -4.09300709         -8.53775692         -8.53775692         -8.53775692
  31.563         -4.32969427         -4.32969427         -8.50417519         -8.50417519         -8.50417519
  31.617         -4.65006256         -4.65006256         -8.45459175         -8.45459175         -8.45459175
  31.671         -5.04549170         -5.04549170         -8.38987637         -8.38987637         -8.38987637
  31.724         -5.50681973         -5.50681973         -8.31124687         -8.31124687         -8.31124687
  31.778         -6.02510738         -6.02510738         -8.22030544         -8.22030544         -8.22030544
  31.832         -6.59195662         -6.59195662         -8.11905575         -8.11905575         -8.11905575
  31.886         -7.19916821         -7.19916821         -8.00988770         -8.00988770         -8.00988770
  31.939         -7.83777666         -7.83777666         -7.89552784         -7.89552784         -7.89552784
  31.993         -8.49669552         -8.49669552         -7.77895689         -7.77895689         -7.77895689
  32.047         -9.16145134         -9.16145134         -7.66331005         -7.66331005         -7.66331005
  32.101         -9.81361198         -9.81361198         -7.55177212         -7.55177212         -7.55177212
  32.154        -10.43124485        -10.43124485         -7.44748068         -7.44748068         -7.44748068
  32.208        -10.99046040        -10.99046040         -7.35343885         -7.35343885         -7.35343885
  32.262        -11.46768379        -11.46768379         -7.27242899         -7.27242899         -7.27242899
  32.316        -11.84187698        -11.84187698         -7.20692396         -7.20692396         -7.20692396
  32.370        -12.09635735        -12.09635735         -7.15898895         -7.15898895         -7.15898895
  32.423        -12.21987152        -12.21987152         -7.13017893         -7.13017893         -7.13017893
  32.477        -12.20699596        -12.20699596         -7.12144518         -7.12144518         -7.12144518
  32.531        -12.05827522        -12.05827522         -7.13306904         -7.13306904         -7.13306904
  32.585        -11.78020096        -11.78020096         -7.16464424         -7.16464424         -7.16464424
  32.638        -11.38506985        -11.38506985         -7.21510315         -7.21510315         -7.21510315
  32.692        -10.89045715        -10.89045715         -7.28279114         -7.28279114         -7.28279114
  32.746        -10.31799603        -10.31799603         -7.36556101         -7.36556101         -7.36556101
  32.800         -9.69152546         -9.69152546         -7.46087646         -7.46087646         -7.46087646
  32.853         -9.03471088         -9.03471088         -7.56590939         -7.56590939         -7.56590939
  32.907         -8.36893845         -8.36893845         -7.67762899         -7.67762899         -7.67762899
  32.961         -7.71193361         -7.71193361         -7.79288530         -7.79288530         -7.79288530
  33.015         -7.07746935         -7.07746935         -7.90849781         -7.90849781         -7.90849781
  33.069         -6.47615147         -6.47615147         -8.02135849         -8.02135849         -8.02135849
  33.122         -5.91670370         -5.91670370         -8.12853241         -8.12853241         -8.12853241
  33.176         -5.40731239         -5.40731239         -8.22735786         -8.22735786         -8.22735786
  33.230         -4.95646763         -4.95646763         -8.31552315         -8.31552315         -8.31552315
  33.284         -4.57318878         -4.57318878         -8.39111042         -8.39111042         -8.39111042
  33.337         -4.26660538         -4.26660538         -8.45260143         -8.45260143         -8.45260143
  33.391         -4.04513741         -4.04513741         -8.49885941         -8.49885941         -8.49885941
  33.445         -3.91553330         -3.91553330         -8.52908802         -8.52908802         -8.52908802
  33.499         -3.88199830         -3.88199830         -8.54279613         -8.54279613         -8.54279613
  33.552         -3.94564772         -3.94564772         -8.53976536         -8.53976536         -8.53976536
  33.606         -4.10434580         -4.10434580         -8.52003670         -8.52003670         -8.52003670
  33.660         -4.35299826         -4.35299826         -8.48391247         -8.48391247         -8.48391247
  33.714         -4.68422461         -4.68422461         -8.43197727         -8.43197727         -8.43197727
  33.768         -5.08927155         -5.08927155         -8.36513233         -8.36513233         -8.36513233
  33.821         -5.55897474         -5.55897474         -8.28463173         -8.28463173         -8.28463173
  33.875         -6.08445978         -6.08445978         -8.19211864         -8.19211864         -8.19211864
  33.929         -6.65739346         -6.65739346         -8.08964062         -8.08964062         -8.08964062
  33.983         -7.26953745         -7.26953745         -7.97962570         -7.97962570         -7.97962570
  34.036         -7.91172266         -7.91172266         -7.86483288         -7.86483288         -7.86483288
  34.090         -8.57247066         -8.57247066         -7.74826336         -7.74826336         -7.74826336
  34.144         -9.23677635         -9.23677635         -7.63305998         -7.63305998         -7.63305998
  34.198         -9.88566971         -9.88566971         -7.52240324         -7.52240324         -7.52240324
  34.251        -10.49685097        -10.49685097         -7.41941452         -7.41941452         -7.41941452
  34.305        -11.04633522        -11.04633522         -7.32707071         -7.32707071         -7.32707071
  34.359        -11.51075363        -11.51075363         -7.24811649         -7.24811649         -7.24811649
  34.413        -11.86958313        -11.86958313         -7.18497562         -7.18497562         -7.18497562
  34.467        -12.10684109        -12.10684109         -7.13964939         -7.13964939         -7.13964939
  34.520        -12.21202946        -12.21202946         -7.11361647         -7.11361647         -7.11361647
  34.574        -12.18055439        -12.18055439         -7.10773945         -7.10773945         -7.10773945
  34.628        -12.01377392        -12.01377392         -7.12220621         -7.12220621         -7.12220621
  34.682        -11.71897411        -11.71897411         -7.15651798         -7.15651798         -7.15651798
  34.735        -11.30922890        -11.30922890         -7.20952177         -7.20952177         -7.20952177
  34.789        -10.80274487        -10.80274487         -7.27948999         -7.27948999         -7.27948999
  34.843        -10.22159290        -10.22159290         -7.36421585         -7.36421585         -7.36421585
  34.897         -9.58970451         -9.58970451         -7.46111774         -7.46111774         -7.46111774
  34.950         -8.93058014         -8.93058014         -7.56733465         -7.56733465         -7.56733465
  35.004         -8.26513767         -8.26513767         -7.67981386         -7.67981386         -7.67981386
  35.058         -7.61056709         -7.61056709         -7.79539585         -7.79539585         -7.79539585
  35.112         -6.98014736         -6.98014736         -7.91090488         -7.91090488         -7.91090488
  35.166         -6.38413858         -6.38413858         -8.02324867         -8.02324867         -8.02324867
  35.219         -5.83112907         -5.83112907         -8.12952518         -8.12952518         -8.12952518
  35.273         -5.32929754         -5.32929754         -8.22711563         -8.22711563         -8.22711563
  35.327         -4.88721704         -4.88721704         -8.31376076         -8.31376076         -8.31376076
  35.381         -4.51395655         -4.51395655         -8.38759804         -8.38759804         -8.38759804
  35.434         -4.21860456         -4.21860456         -8.44716167         -8.44716167         -8.44716167
  35.488         -4.00940609         -4.00940609         -8.49136543         -8.49136543         -8.49136543
  35.542         -3.89280891         -3.89280891         -8.51945496         -8.51945496         -8.51945496
  35.596         -3.87262487         -3.87262487         -8.53097820         -8.53097820         -8.53097820
  35.649         -3.94952321         -3.94952321         -8.52575397         -8.52575397         -8.52575397
  35.703         -4.12093925         -4.12093925         -8.50385571         -8.50385571         -8.50385571
  35.757         -4.38142014         -4.38142014         -8.46562576         -8.46562576         -8.46562576
  35.811         -4.72333479         -4.72333479         -8.41168880         -8.41168880         -8.41168880
  35.865         -5.13782883         -5.13782883         -8.34298992         -8.34298992         -8.34298992
  35.918         -5.61573792         -5.61573792         -8.26083660         -8.26083660         -8.26083660
  35.972         -6.14826584         -6.14826584         -8.16692638         -8.16692638         -8.16692638
  36.026         -6.72713184         -6.72713184         -8.06336021         -8.06336021         -8.06336021
  36.080         -7.34403896         -7.34403896         -7.95261669         -7.95261669         -7.95261669
  36.133         -7.98959398         -7.98959398         -7.83749151         -7.83749151         -7.83749151
  36.187         -8.65188503         -8.65188503         -7.72101212         -7.72101212         -7.72101212
  36.241         -9.31538391         -9.31538391         -7.60633278         -7.60633278         -7.60633278
  36.295         -9.96060371         -9.96060371         -7.49663115         -7.49663115         -7.49663115
  36.348        -10.56488037        -10.56488037         -7.39501429         -7.39501429         -7.39501429
  36.402        -11.10419559        -11.10419559         -7.30443144         -7.30443144         -7.30443144
  36.456        -11.55542755        -11.55542755         -7.22759008         -7.22759008         -7.22759008
  36.510        -11.89859295        -11.89859295         -7.16686201         -7.16686201         -7.16686201
  36.564        -12.11841869        -12.11841869         -7.12418365         -7.12418365         -7.12418365
  36.617        -12.20519829        -12.20519829         -7.10095406         -7.10095406         -7.10095406
  36.671        -12.15515423        -12.15515423         -7.09794617         -7.09794617         -7.09794617
  36.725        -11.97044468        -11.97044468         -7.11525488         -7.11525488         -7.11525488
  36.779        -11.65917587        -11.65917587         -7.15228796         -7.15228796         -7.15228796
  36.832        -11.23514938        -11.23514938         -7.20780945         -7.20780945         -7.20780945
  36.886        -10.71720886        -10.71720886         -7.28002024         -7.28002024         -7.28002024
  36.940        -10.12780285        -10.12780285         -7.36665630         -7.36665630         -7.36665630
  36.994         -9.49095154         -9.49095154         -7.46509266         -7.46509266         -7.46509266
  37.047         -8.82989216         -8.82989216         -7.57243776         -7.57243776         -7.57243776
  37.101         -8.16510868         -8.16510868         -7.68561840         -7.68561840         -7.68561840
  37.155         -7.51321602         -7.51321602         -7.80146742         -7.80146742         -7.80146742
  37.209         -6.88702679         -6.88702679         -7.91681433         -7.91681433         -7.91681433
  37.263         -6.29648781         -6.29648781         -8.02858734         -8.02858734         -8.02858734
  37.316         -5.75006151         -5.75006151         -8.13391685         -8.13391685         -8.13391685
  37.370         -5.25595379         -5.25595379         -8.23023033         -8.23023033         -8.23023033
  37.424         -4.82280731         -4.82280731         -8.31532001         -8.31532001         -8.31532001
  37.478         -4.45973301         -4.45973301         -8.38737869         -8.38737869         -8.38737869
  37.531         -4.17576313         -4.17576313         -8.44499588         -8.44499588         -8.44499588
  37.585         -3.97895551         -3.97895551         -8.48712921         -8.48712921         -8.48712921
  37.639         -3.87543797         -3.87543797         -8.51307106         -8.51307106         -8.51307106
  37.693         -3.86861801         -3.86861801         -8.52240753         -8.52240753         -8.52240753
  37.747         -3.95871639         -3.95871639         -8.51498890         -8.51498890         -8.51498890
  37.800         -4.14274549         -4.14274549         -8.49092960         -8.49092960         -8.49092960
  37.854         -4.41490841         -4.41490841         -8.45060444         -8.45060444         -8.45060444
  37.908         -4.76735067         -4.76735067         -8.39468193         -8.39468193         -8.39468193
  37.962         -5.19111872         -5.19111872         -8.32415390         -8.32415390         -8.32415390
  38.015         -5.67707491         -5.67707491         -8.24037933         -8.24037933         -8.24037933
  38.069         -6.21649122         -6.21649122         -8.14511108         -8.14511108         -8.14511108
  38.123         -6.80112982         -6.80112982         -8.04050255         -8.04050255         -8.04050255
  38.177         -7.42263222         -7.42263222         -7.92908144         -7.92908144         -7.92908144
  38.230         -8.07133102         -8.07133102         -7.81368017         -7.81368017         -7.81368017
  38.284         -8.73488140         -8.73488140         -7.69735003         -7.69735003         -7.69735003
  38.338         -9.39721012         -9.39721012         -7.58325386         -7.58325386         -7.58325386
  38.392        -10.03832340        -10.03832340         -7.47456503         -7.47456503         -7.47456503
  38.446        -10.63525486        -10.63525486         -7.37437439         -7.37437439         -7.37437439
  38.499        -11.16395664        -11.16395664         -7.28560400         -7.28560400         -7.28560400
  38.553        -11.60162735        -11.60162735         -7.21091938         -7.21091938         -7.21091938
  38.607        -11.92884827        -11.92884827         -7.15264034         -7.15264034         -7.15264034
  38.661        -12.13106728        -12.13106728         -7.11263609         -7.11263609         -7.11263609
