     1    1.27624321
     2    1.26910019
     3    1.24809790
     4    1.21425331
     5    1.16927147
     6    1.11530375
     7    1.05476224
     8    0.99009496
     9    0.92362744
    10    0.85744172
    11    0.79323864
    12    0.73239940
    13    0.67594439
    14    0.62451875
    15    0.57858980
    16    0.53842962
    17    0.50419706
    18    0.47596365
    19    0.45375913
    20    0.43730894
    21    0.42644411
    22    0.42096397
    23    0.42089722
    24    0.42575935
    25    0.43523249
    26    0.44897410
    27    0.46659833
    28    0.48763964
    29    0.51159865
    30    0.53782535
    31    0.56559134
    32    0.59407532
    33    0.62239075
    34    0.64964044
    35    0.67479295
    36    0.69682705
    37    0.71483600
    38    0.72804338
    39    0.73585856
    40    0.73797429
    41    0.73428613
    42    0.72495347
    43    0.71037155
    44    0.69118065
    45    0.66820168
    46    0.64237034
    47    0.61473078
    48    0.58628637
    49    0.55791163
    50    0.53048825
    51    0.50480956
    52    0.48159173
    53    0.46143186
    54    0.44482312
    55    0.43220913
    56    0.42396221
    57    0.42041135
    58    0.42193460
    59    0.42886430
    60    0.44123369
    61    0.45923743
    62    0.48305264
    63    0.51293623
    64    0.54880017
    65    0.59055233
    66    0.63801533
    67    0.69086748
    68    0.74858284
    69    0.81046832
    70    0.87536007
    71    0.94181150
    72    1.00800657
    73    1.07178402
    74    1.13077843
    75    1.18252754
    76    1.22466958
    77    1.25515676
    78    1.27244711
    79    1.27570939
    80    1.26472044
    81    1.24008131
    82    1.20300555
    83    1.15534747
    84    1.09933877
    85    1.03743386
    86    0.97205818
    87    0.90546697
    88    0.83967137
    89    0.77625877
    90    0.71653795
    91    0.66139811
    92    0.61143458
    93    0.56705648
    94    0.52850056
    95    0.49589869
    96    0.46932921
    97    0.44870842
    98    0.43380007
    99    0.42442292
   100    0.42042920
   101    0.42174533
   102    0.42789313
   103    0.43856204
   104    0.45339957
   105    0.47199798
   106    0.49388039
   107    0.51851976
   108    0.54523706
   109    0.57327372
   110    0.60179168
   111    0.62989974
   112    0.65666127
   113    0.68103665
   114    0.70203382
   115    0.71877664
   116    0.73053604
   117    0.73678237
   118    0.73728579
   119    0.73200762
   120    0.72115445
   121    0.70520967
   122    0.68486500
   123    0.66098082
   124    0.63452208
   125    0.60654128
   126    0.57799637
   127    0.54977196
   128    0.52272958
   129    0.49763891
   130    0.47519475
   131    0.45595118
   132    0.44039771
   133    0.42895305
   134    0.42198238
   135    0.41980526
   136    0.42286226
   137    0.43133700
   138    0.44532663
   139    0.46502662
   140    0.49064037
   141    0.52231932
   142    0.55999672
   143    0.60355067
   144    0.65276814
   145    0.70726496
   146    0.76646543
   147    0.82956409
   148    0.89527249
   149    0.96204710
   150    1.02794456
   151    1.09073210
   152    1.14799774
   153    1.19728589
   154    1.23631001
   155    1.26315832
   156    1.27648950
   157    1.27561855
   158    1.26059735
   159    1.23217404
   160    1.19175625
   161    1.14132249
   162    1.08319974
   163    1.01984394
   164    0.95365256
   165    0.88683611
   166    0.82131368
   167    0.75858778
   168    0.69990885
   169    0.64604169
   170    0.59754425
   171    0.55477458
   172    0.51792413
   173    0.48709771
   174    0.46236709
   175    0.44352907
   176    0.43037027
   177    0.42268953
   178    0.42029327
   179    0.42293665
   180    0.43027198
   181    0.44197249
   182    0.45766500
   183    0.47692546
   184    0.49924403
   185    0.52403611
   186    0.55062443
   187    0.57836127
   188    0.60634947
   189    0.63361907
   190    0.65922230
   191    0.68211132
   192    0.70130491
   193    0.71591586
   194    0.72521663
   195    0.72880393
   196    0.72626650
   197    0.71751213
   198    0.70275354
   199    0.68243319
   200    0.65719038
   201    0.62780869
   202    0.59515738
   203    0.56016076
   204    0.52366871
   205    0.48648190
   206    0.44932991
   207    0.41284576
   208    0.37761757
   209    0.34397623
   210    0.31221625
   211    0.28253308
   212    0.25503948
   213    0.22978920
   214    0.20693938
   215    0.18623254
   216    0.16756110
   217    0.15080969
   218    0.13584709
   219    0.12255801
   220    0.11079411
   221    0.10038107
   222    0.09117973
   223    0.08305740
   224    0.07588630
   225    0.06955229
   226    0.06394780
   227    0.05897499
   228    0.05454545
   229    0.05057994
   230    0.04703538
   231    0.04391323
   232    0.04105282
   233    0.03840994
   234    0.03594769
   235    0.03363638
   236    0.03151790
   237    0.02949134
   238    0.02754325
   239    0.02566601
   240    0.02385152
   241    0.02209798
   242    0.02040584
   243    0.01884951
   244    0.01740788
   245    0.01602816
   246    0.01475047
   247    0.01350519
   248    0.01230117
   249    0.01114282
   250    0.01003625
   251    0.00898670
   252    0.00810303
   253    0.00726364
   254    0.00647088
   255    0.00572737
   256    0.00503481
   257    0.00439401
   258    0.00380506
   259    0.00326737
   260    0.00277986
   261    0.00234102
   262    0.00194900
   263    0.00160175
   264    0.00129705
   265    0.00103261
   266    0.00080609
   267    0.00061524
   268    0.00045785
   269    0.00033183
   270    0.00023524
   271    0.00016666
   272    0.00012217
   273    0.00008565
   274    0.00005638
   275    0.00003393
   276    0.00001744
   277    0.00000655
   278    0.00000095
   279    0.00000000
   280    0.00000000
   281    0.00000000
   282    0.00000000
   283    0.00000000
   284    0.00000000
   285    0.00000000
   286    0.00000000
   287    0.00000000
   288    0.00000000
   289    0.00000000
   290    0.00000000
   291    0.00000000
   292    0.00000000
   293    0.00000000
   294    0.00000000
   295    0.00000000
   296    0.00000000
   297    0.00000000
   298    0.00000000
   299    0.00000000
   300    0.00000000
   301    0.00000000
   302    0.00000000
   303    0.00000000
   304    0.00000000
   305    0.00000000
   306    0.00000000
   307    0.00000000
   308    0.00000000
   309    0.00000000
   310    0.00000000
   311    0.00000000
   312    0.00000000
   313    0.00000000
   314    0.00000000
   315    0.00000000
   316    0.00000000
   317    0.00000000
   318    0.00000000
   319    0.00000000
   320    0.00000000
   321    0.00000000
   322    0.00000000
   323    0.00000000
   324    0.00000000
   325    0.00000000
   326    0.00000000
   327    0.00000000
   328    0.00000000
   329    0.00000000
   330    0.00000000
   331    0.00000000
   332    0.00000000
   333    0.00000000
   334    0.00000000
   335    0.00000000
   336    0.00000000
   337    0.00000000
   338    0.00000000
   339    0.00000000
   340    0.00000000
   341    0.00000000
   342    0.00000000
   343    0.00000000
   344    0.00000000
   345    0.00000000
   346    0.00000000
   347    0.00000000
   348    0.00000000
   349    0.00000000
   350    0.00000000
   351    0.00000000
   352    0.00000000
   353    0.00000000
   354    0.00000000
   355    0.00000000
   356    0.00000000
   357    0.00000000
   358    0.00000000
   359    0.00000000
   360    0.00000000
   361    0.00000000
   362    0.00000000
   363    0.00000000
   364    0.00000000
   365    0.00000000
   366    0.00000000
   367    0.00000000
   368    0.00000000
   369    0.00000000
   370    0.00000000
   371    0.00000000
   372    0.00000000
   373    0.00000000
   374    0.00000000
   375    0.00000000
   376    0.00000000
   377    0.00000000
   378    0.00000000
   379    0.00000000
   380    0.00000000
   381    0.00000000
   382    0.00000000
   383    0.00000000
   384    0.00000000
   385    0.00000000
   386    0.00000000
   387    0.00000000
   388    0.00000000
   389    0.00000000
   390    0.00000000
   391    0.00000000
   392    0.00000000
   393    0.00000000
   394    0.00000000
   395    0.00000000
   396    0.00000000
   397    0.00000000
   398    0.00000000
   399    0.00000000
   400    0.00000000
   401    0.00000000
   402    0.00000000
   403    0.00000000
   404    0.00000000
   405    0.00000000
   406    0.00000000
   407    0.00000000
   408    0.00000000
   409    0.00000000
   410    0.00000000
   411    0.00000000
   412    0.00000000
   413    0.00000000
   414    0.00000000
   415    0.00000000
   416    0.00000000
   417    0.00000000
   418    0.00000000
   419    0.00000000
   420    0.00000000
   421    0.00000000
   422    0.00000000
   423    0.00000000
   424    0.00000000
   425    0.00000000
   426    0.00000000
   427    0.00000000
   428    0.00000000
   429    0.00000000
   430    0.00000000
   431    0.00000000
   432    0.00000000
   433    0.00000000
   434    0.00000000
   435    0.00000000
   436    0.00000000
   437    0.00000000
   438    0.00000000
   439    0.00000000
   440    0.00000000
   441    0.00000000
   442    0.00000000
   443    0.00000000
   444    0.00000094
   445    0.00000653
   446    0.00001742
   447    0.00003393
   448    0.00005640
   449    0.00008571
   450    0.00012228
   451    0.00016684
   452    0.00023550
   453    0.00033221
   454    0.00045841
   455    0.00061604
   456    0.00080719
   457    0.00103408
   458    0.00129898
   459    0.00160423
   460    0.00195215
   461    0.00234495
   462    0.00278472
   463    0.00327331
   464    0.00381225
   465    0.00440265
   466    0.00504510
   467    0.00573953
   468    0.00648515
   469    0.00728028
   470    0.00812230
   471    0.00900888
   472    0.01006236
   473    0.01117328
   474    0.01233641
   475    0.01354562
   476    0.01479643
   477    0.01608000
   478    0.01746533
   479    0.01891266
   480    0.02047546
   481    0.02217506
   482    0.02393624
   483    0.02575848
   484    0.02764351
   485    0.02959926
   486    0.03163331
   487    0.03375894
   488    0.03607653
   489    0.03854457
   490    0.04119272
   491    0.04405776
   492    0.04718392
   493    0.05073275
   494    0.05470201
   495    0.05913456
   496    0.06410964
   497    0.06971567
   498    0.07605053
   499    0.08322169
   500    0.09134337
   501    0.10054345
   502    0.11095425
   503    0.12271561
   504    0.13600135
   505    0.15095966
   506    0.16770625
   507    0.18637225
   508    0.20707308
   509    0.22991680
   510    0.25516665
   511    0.28266174
   512    0.31234828
   513    0.34411332
   514    0.37776196
   515    0.41299799
   516    0.44948146
   517    0.48663464
   518    0.52382165
   519    0.56031281
   520    0.59530753
   521    0.62795752
   522    0.65733635
   523    0.68257475
   524    0.70288771
   525    0.71763647
   526    0.72637743
   527    0.72889775
   528    0.72528434
   529    0.71594834
   530    0.70130157
   531    0.68206972
   532    0.65913922
   533    0.63349169
   534    0.60617340
   535    0.57814074
   536    0.55035776
   537    0.52373600
   538    0.49892056
   539    0.47658327
   540    0.45731410
   541    0.44162190
   542    0.42993170
   543    0.42261466
   544    0.41999581
   545    0.42241749
   546    0.43012288
   547    0.44330567
   548    0.46216467
   549    0.48690414
   550    0.51772082
   551    0.55454886
   552    0.59728229
   553    0.64572883
   554    0.69953680
   555    0.75814867
   556    0.82080305
   557    0.88626003
   558    0.95301378
   559    1.01915526
   560    1.08247662
   561    1.14056587
   562    1.19096971
   563    1.23134100
   564    1.25969529
   565    1.27460670
   566    1.27533674
   567    1.26183701
   568    1.23481047
   569    1.19561672
   570    1.14619470
   571    1.08884478
   572    1.02604210
   573    0.96019703
   574    0.89354068
   575    0.82800567
   576    0.76511776
   577    0.70614994
   578    0.65189087
   579    0.60290998
   580    0.55957705
   581    0.52210391
   582    0.49060652
   583    0.46514836
   584    0.44557682
   585    0.43168911
   586    0.42329600
   587    0.42029679
   588    0.42251563
   589    0.42951325
   590    0.44097170
   591    0.45653075
   592    0.47577044
   593    0.49820554
   594    0.52327985
   595    0.55030257
   596    0.57850081
   597    0.60701936
   598    0.63497269
   599    0.66139871
   600    0.68525141
   601    0.70556325
   602    0.72147352
   603    0.73229164
   604    0.73753774
   605    0.73700452
   606    0.73072904
   607    0.71894205
   608    0.70217431
   609    0.68115175
   610    0.65675485
   611    0.62997341
   612    0.60185152
   613    0.57332432
   614    0.54527926
   615    0.51855463
   616    0.49390918
   617    0.47201949
   618    0.45341447
   619    0.43857169
   620    0.42789879
   621    0.42174751
   622    0.42042971
   623    0.42442298
   624    0.43380022
   625    0.44870850
   626    0.46932927
   627    0.49589857
   628    0.52850050
   629    0.56705642
   630    0.61143500
   631    0.66139811
   632    0.71653807
   633    0.77625871
   634    0.83967143
   635    0.90546632
   636    0.97205770
   637    1.03743351
   638    1.09933937
   639    1.15534770
   640    1.20300591
   641    1.24008119
   642    1.26472056
   643    1.27570951
   644    1.27244639
   645    1.25515723
   646    1.22466993
   647    1.18252766
   648    1.13077807
   649    1.07178438
   650    1.00800598
   651    0.94181222
   652    0.87536031
   653    0.81046849
   654    0.74858272
   655    0.69086754
   656    0.63801545
   657    0.59055221
   658    0.54880029
   659    0.51293623
   660    0.48305270
   661    0.45923737
   662    0.44123369
   663    0.42886430
   664    0.42193460
   665    0.42041126
   666    0.42396227
   667    0.43220919
   668    0.44482315
   669    0.46143186
   670    0.48159209
   671    0.50480968
   672    0.53048801
   673    0.55791163
   674    0.58628660
   675    0.61473060
   676    0.64237052
   677    0.66820180
   678    0.69118059
   679    0.71037173
   680    0.72495311
   681    0.73428649
   682    0.73797393
   683    0.73585838
   684    0.72804326
   685    0.71483606
   686    0.69682699
   687    0.67479241
   688    0.64964062
   689    0.62239045
   690    0.59407556
   691    0.56559068
   692    0.53782523
   693    0.51159823
   694    0.48763958
   695    0.46659842
   696    0.44897389
   697    0.43523228
   698    0.42575896
   699    0.42089701
   700    0.42096382
   701    0.42644408
   702    0.43730927
   703    0.45375937
   704    0.47596380
   705    0.50419652
   706    0.53842992
   707    0.57859004
   708    0.62451851
   709    0.67594439
   710    0.73239952
   711    0.79323876
   712    0.85744184
   713    0.92362791
   714    0.99009508
   715    1.05476224
   716    1.11530375
   717    1.16927147
   718    1.21425319
   719    1.24809790
   720    1.26910007
