   0.000        -11.24937344        -11.24937344         -7.09222794         -7.09222794         -7.09222794
   0.054        -11.18072033        -11.18072033         -7.06232882         -7.06232882         -7.06232882
   0.108        -10.97815323        -10.97815323         -7.05270576         -7.05270576         -7.05270576
   0.161        -10.65058899        -10.65058899         -7.06267452         -7.06267452         -7.06267452
   0.215        -10.21256542        -10.21256542         -7.09091759         -7.09091759         -7.09091759
   0.269         -9.68351555         -9.68351555         -7.13556576         -7.13556576         -7.13556576
   0.323         -9.08623409         -9.08623409         -7.19430017         -7.19430017         -7.19430017
   0.376         -8.44476891         -8.44476891         -7.26445436         -7.26445436         -7.26445436
   0.430         -7.78209209         -7.78209209         -7.34310675         -7.34310675         -7.34310675
   0.484         -7.11819553         -7.11819553         -7.42716646         -7.42716646         -7.42716646
   0.538         -6.46914196         -6.46914196         -7.51346016         -7.51346016         -7.51346016
   0.591         -5.84729242         -5.84729242         -7.59882402         -7.59882402         -7.59882402
   0.645         -5.26230145         -5.26230145         -7.68020868         -7.68020868         -7.68020868
   0.699         -4.72253418         -4.72253418         -7.75477934         -7.75477934         -7.75477934
   0.753         -4.23622942         -4.23622942         -7.82001019         -7.82001019         -7.82001019
   0.807         -3.81211138         -3.81211138         -7.87374735         -7.87374735         -7.87374735
   0.860         -3.45931816         -3.45931816         -7.91423750         -7.91423750         -7.91423750
   0.914         -3.18680501         -3.18680501         -7.94012260         -7.94012260         -7.94012260
   0.968         -3.00242519         -3.00242519         -7.95040941         -7.95040941         -7.95040941
   1.022         -2.91197491         -2.91197491         -7.94443130         -7.94443130         -7.94443130
   1.075         -2.91844392         -2.91844392         -7.92181110         -7.92181110         -7.92181110
   1.129         -3.02161050         -3.02161050         -7.88243723         -7.88243723         -7.88243723
   1.183         -3.21806693         -3.21806693         -7.82645655         -7.82645655         -7.82645655
   1.237         -3.50168490         -3.50168490         -7.75428391         -7.75428391         -7.75428391
   1.290         -3.86440611         -3.86440611         -7.66662884         -7.66662884         -7.66662884
   1.344         -4.29720116         -4.29720116         -7.56453133         -7.56453133         -7.56453133
   1.398         -4.79095840         -4.79095840         -7.44940186         -7.44940186         -7.44940186
   1.452         -5.33703184         -5.33703184         -7.32304955         -7.32304955         -7.32304955
   1.506         -5.92721653         -5.92721653         -7.18768072         -7.18768072         -7.18768072
   1.559         -6.55305338         -6.55305338         -7.04586840         -7.04586840         -7.04586840
   1.613         -7.20458984         -7.20458984         -6.90048170         -6.90048170         -6.90048170
   1.667         -7.86902571         -7.86902571         -6.75459290         -6.75459290         -6.75459290
   1.721         -8.52972984         -8.52972984         -6.61137247         -6.61137247         -6.61137247
   1.774         -9.16623116         -9.16623116         -6.50367498         -6.50367498         -6.50367498
   1.828         -9.75528526         -9.75528526         -6.40488529         -6.40488529         -6.40488529
   1.882        -10.27287006        -10.27287006         -6.31789637         -6.31789637         -6.31789637
   1.936        -10.69653988        -10.69653988         -6.24533224         -6.24533224         -6.24533224
   1.989        -11.00745869        -11.00745869         -6.18945742         -6.18945742         -6.18945742
   2.043        -11.19181633        -11.19181633         -6.15207052         -6.15207052         -6.15207052
   2.097        -11.24150944        -11.24150944         -6.13440847         -6.13440847         -6.13440847
   2.151        -11.15437126        -11.15437126         -6.13706255         -6.13706255         -6.13706255
   2.205        -10.93418980        -10.93418980         -6.15993881         -6.15993881         -6.15993881
   2.258        -10.59067440        -10.59067440         -6.20226288         -6.20226288         -6.20226288
   2.312        -10.13908100        -10.13908100         -6.26263666         -6.26263666         -6.26263666
   2.366         -9.59942150         -9.59942150         -6.33912373         -6.33912373         -6.33912373
   2.420         -8.99478340         -8.99478340         -6.42935181         -6.42935181         -6.42935181
   2.473         -8.34921169         -8.34921169         -6.53061438         -6.53061438         -6.53061438
   2.527         -7.68535805         -7.68535805         -6.63996124         -6.63996124         -6.63996124
   2.581         -7.02271128         -7.02271128         -6.75428629         -6.75428629         -6.75428629
   2.635         -6.37680387         -6.37680387         -6.87041044         -6.87041044         -6.87041044
   2.688         -5.75954056         -5.75954056         -6.98518038         -6.98518038         -6.98518038
   2.742         -5.18032122         -5.18032122         -7.09556961         -7.09556961         -7.09556961
   2.796         -4.64743757         -4.64743757         -7.19878006         -7.19878006         -7.19878006
   2.850         -4.16917086         -4.16917086         -7.29233456         -7.29233456         -7.29233456
   2.904         -3.75432372         -3.75432372         -7.37413216         -7.37413216         -7.37413216
   2.957         -3.41204953         -3.41204953         -7.44247484         -7.44247484         -7.44247484
   3.011         -3.15121436         -3.15121436         -7.49605656         -7.49605656         -7.49605656
   3.065         -2.97944427         -2.97944427         -7.53393030         -7.53393030         -7.53393030
   3.119         -2.90218925         -2.90218925         -7.55547190         -7.55547190         -7.55547190
   3.172         -2.92201614         -2.92201614         -7.56034040         -7.56034040         -7.56034040
   3.226         -3.03825545         -3.03825545         -7.54846001         -7.54846001         -7.54846001
   3.280         -3.24709773         -3.24709773         -7.52001381         -7.52001381         -7.52001381
   3.334         -3.54209661         -3.54209661         -7.47545385         -7.47545385         -7.47545385
   3.388         -3.91499901         -3.91499901         -7.41553307         -7.41553307         -7.41553307
   3.441         -4.35672331         -4.35672331         -7.34133911         -7.34133911         -7.34133911
   3.495         -4.85819483         -4.85819483         -7.25433683         -7.25433683         -7.25433683
   3.549         -5.41084862         -5.41084862         -7.15638876         -7.15638876         -7.15638876
   3.603         -6.00649738         -6.00649738         -7.04975510         -7.04975510         -7.04975510
   3.656         -6.63656282         -6.63656282         -6.93705320         -6.93705320         -6.93705320
   3.710         -7.29077625         -7.29077625         -6.82118702         -6.82118702         -6.82118702
   3.764         -7.95585680         -7.95585680         -6.70524693         -6.70524693         -6.70524693
   3.818         -8.61463070         -8.61463070         -6.59241009         -6.59241009         -6.59241009
   3.871         -9.24615669         -9.24615669         -6.48583555         -6.48583555         -6.48583555
   3.925         -9.82694721         -9.82694721         -6.38857651         -6.38857651         -6.38857651
   3.979        -10.33307266        -10.33307266         -6.30349398         -6.30349398         -6.30349398
   4.033        -10.74246597        -10.74246597         -6.23316956         -6.23316956         -6.23316956
   4.087        -11.03690052        -11.03690052         -6.17980957         -6.17980957         -6.17980957
   4.140        -11.20333099        -11.20333099         -6.14514303         -6.14514303         -6.14514303
   4.194        -11.23444176        -11.23444176         -6.13032198         -6.13032198         -6.13032198
   4.248        -11.12889099        -11.12889099         -6.13584614         -6.13584614         -6.13584614
   4.302        -10.89128017        -10.89128017         -6.16152716         -6.16152716         -6.16152716
   4.355        -10.53208828        -10.53208828         -6.20650148         -6.20650148         -6.20650148
   4.409        -10.06731129        -10.06731129         -6.26929235         -6.26929235         -6.26929235
   4.463         -9.51746273         -9.51746273         -6.34789705         -6.34789705         -6.34789705
   4.517         -8.90592575         -8.90592575         -6.43989277         -6.43989277         -6.43989277
   4.570         -8.25666523         -8.25666523         -6.54253340         -6.54253340         -6.54253340
   4.624         -7.59199810         -7.59199810         -6.65284348         -6.65284348         -6.65284348
   4.678         -6.93089533         -6.93089533         -6.76770163         -6.76770163         -6.76770163
   4.732         -6.28834629         -6.28834629         -6.88392687         -6.88392687         -6.88392687
   4.786         -5.67584229         -5.67584229         -6.99837780         -6.99837780         -6.99837780
   4.839         -5.10254860         -5.10254860         -7.10805368         -7.10805368         -7.10805368
   4.893         -4.57670069         -4.57670069         -7.21019697         -7.21019697         -7.21019697
   4.947         -4.10663891         -4.10663891         -7.30237913         -7.30237913         -7.30237913
   5.001         -3.70123053         -3.70123053         -7.38255644         -7.38255644         -7.38255644
   5.054         -3.36964250         -3.36964250         -7.44908667         -7.44908667         -7.44908667
   5.108         -3.12062979         -3.12062979         -7.50071621         -7.50071621         -7.50071621
   5.162         -2.96156788         -2.96156788         -7.53654766         -7.53654766         -7.53654766
   5.216         -2.89755654         -2.89755654         -7.55599785         -7.55599785         -7.55599785
   5.269         -2.93072867         -2.93072867         -7.55876637         -7.55876637         -7.55876637
   5.323         -3.05997324         -3.05997324         -7.54481316         -7.54481316         -7.54481316
   5.377         -3.28108239         -3.28108239         -7.51435947         -7.51435947         -7.51435947
   5.431         -3.58731103         -3.58731103         -7.46789742         -7.46789742         -7.46789742
   5.485         -3.97023964         -3.97023964         -7.40622520         -7.40622520         -7.40622520
   5.538         -4.42073965         -4.42073965         -7.33048058         -7.33048058         -7.33048058
   5.592         -4.92979527         -4.92979527         -7.24218178         -7.24218178         -7.24218178
   5.646         -5.48890972         -5.48890972         -7.14324760         -7.14324760         -7.14324760
   5.700         -6.08990860         -6.08990860         -7.03599024         -7.03599024         -7.03599024
   5.753         -6.72405720         -6.72405720         -6.92307043         -6.92307043         -6.92307043
   5.807         -7.38076210         -7.38076210         -6.80742168         -6.80742168         -6.80742168
   5.861         -8.04623413         -8.04623413         -6.69215202         -6.69215202         -6.69215202
   5.915         -8.70275116         -8.70275116         -6.58043861         -6.58043861         -6.58043861
   5.968         -9.32893181         -9.32893181         -6.47543001         -6.47543001         -6.47543001
   6.022         -9.90109253         -9.90109253         -6.38015509         -6.38015509         -6.38015509
   6.076        -10.39541435        -10.39541435         -6.29743910         -6.29743910         -6.29743910
   6.130        -10.79024696        -10.79024696         -6.22981596         -6.22981596         -6.22981596
   6.184        -11.06802177        -11.06802177         -6.17943048         -6.17943048         -6.17943048
   6.237        -11.21644306        -11.21644306         -6.14793634         -6.14793634         -6.14793634
   6.291        -11.22902870        -11.22902870         -6.13639975         -6.13639975         -6.13639975
   6.345        -11.10523129        -11.10523129         -6.14522791         -6.14522791         -6.14522791
   6.399        -10.85048676        -10.85048676         -6.17413950         -6.17413950         -6.17413950
   6.452        -10.47607136        -10.47607136         -6.22218657         -6.22218657         -6.22218657
   6.506         -9.99868298         -9.99868298         -6.28781700         -6.28781700         -6.28781700
   6.560         -9.43935394         -9.43935394         -6.36896849         -6.36896849         -6.36896849
   6.614         -8.82169819         -8.82169819         -6.46317291         -6.46317291         -6.46317291
   6.667         -8.16960621         -8.16960621         -6.56765270         -6.56765270         -6.56765270
   6.721         -7.50502300         -7.50502300         -6.67940950         -6.67940950         -6.67940950
   6.775         -6.84639740         -6.84639740         -6.79531193         -6.79531193         -6.79531193
   6.829         -6.20820761         -6.20820761         -6.91218042         -6.91218042         -6.91218042
   6.883         -5.60154009         -5.60154009         -7.02688551         -7.02688551         -7.02688551
   6.936         -5.03536129         -5.03536129         -7.13645267         -7.13645267         -7.13645267
   6.990         -4.51786137         -4.51786137         -7.23816109         -7.23816109         -7.23816109
   7.044         -4.05743694         -4.05743694         -7.32962704         -7.32962704         -7.32962704
   7.098         -3.66301179         -3.66301179         -7.40885162         -7.40885162         -7.40885162
   7.151         -3.34373283         -3.34373283         -7.47423649         -7.47423649         -7.47423649
   7.205         -3.10820055         -3.10820055         -7.52456760         -7.52456760         -7.52456760
   7.259         -2.96351886         -2.96351886         -7.55897713         -7.55897713         -7.55897713
   7.313         -2.91438532         -2.91438532         -7.57690763         -7.57690763         -7.57690763
   7.366         -2.96247268         -2.96247268         -7.57807875         -7.57807875         -7.57807875
   7.420         -3.10620070         -3.10620070         -7.56247091         -7.56247091         -7.56247091
   7.474         -3.34093928         -3.34093928         -7.53032541         -7.53032541         -7.53032541
   7.528         -3.65963340         -3.65963340         -7.48215961         -7.48215961         -7.48215961
   7.582         -4.05367661         -4.05367661         -7.41880274         -7.41880274         -7.41880274
   7.635         -4.51389122         -4.51389122         -7.34143209         -7.34143209         -7.34143209
   7.689         -5.03129768         -5.03129768         -7.25160980         -7.25160980         -7.25160980
   7.743         -5.59746361         -5.59746361         -7.15130377         -7.15130377         -7.15130377
   7.797         -6.20420504         -6.20420504         -7.04287195         -7.04287195         -7.04287195
   7.850         -6.84264040         -6.84264040         -6.92901707         -6.92901707         -6.92901707
   7.904         -7.50184250         -7.50184250         -6.81270361         -6.81270361         -6.81270361
   7.958         -8.16758442         -8.16758442         -6.69706011         -6.69706011         -6.69706011
   8.012         -8.82166100         -8.82166100         -6.58527184         -6.58527184         -6.58527184
   8.065         -9.44235420         -9.44235420         -6.48048639         -6.48048639         -6.48048639
   8.119        -10.00589275        -10.00589275         -6.38572168         -6.38572168         -6.38572168
   8.173        -10.48868084        -10.48868084         -6.30378342         -6.30378342         -6.30378342
   8.227        -10.86955738        -10.86955738         -6.23717308         -6.23717308         -6.23717308
   8.281        -11.13163757        -11.13163757         -6.18799162         -6.18799162         -6.18799162
   8.334        -11.26338959        -11.26338959         -6.15783310         -6.15783310         -6.15783310
   8.388        -11.25909519        -11.25909519         -6.14769125         -6.14769125         -6.14769125
   8.442        -11.11898041        -11.11898041         -6.15788841         -6.15788841         -6.15788841
   8.496        -10.84921741        -10.84921741         -6.18805122         -6.18805122         -6.18805122
   8.549        -10.46175766        -10.46175766         -6.23713732         -6.23713732         -6.23713732
   8.603         -9.97386551         -9.97386551         -6.30350018         -6.30350018         -6.30350018
   8.657         -9.40690613         -9.40690613         -6.38498545         -6.38498545         -6.38498545
   8.711         -8.78453636         -8.78453636         -6.47903490         -6.47903490         -6.47903490
   8.765         -8.13034534         -8.13034534         -6.58278513         -6.58278513         -6.58278513
   8.818         -7.46572876         -7.46572876         -6.69315958         -6.69315958         -6.69315958
   8.872         -6.80848169         -6.80848169         -6.80695868         -6.80695868         -6.80695868
   8.926         -6.17245054         -6.17245054         -6.92094994         -6.92094994         -6.92094994
   8.980         -5.56829309         -5.56829309         -7.03197193         -7.03197193         -7.03197193
   9.033         -5.00475407         -5.00475407         -7.13703728         -7.13703728         -7.13703728
   9.087         -4.49001598         -4.49001598         -7.23343277         -7.23343277         -7.23343277
   9.141         -4.03257132         -4.03257132         -7.31879282         -7.31879282         -7.31879282
   9.195         -3.64146876         -3.64146876         -7.39114141         -7.39114141         -7.39114141
   9.248         -3.32592154         -3.32592154         -7.44889593         -7.44889593         -7.44889593
   9.302         -3.09449506         -3.09449506         -7.49084377         -7.49084377         -7.49084377
   9.356         -2.95414352         -2.95414352         -7.51609945         -7.51609945         -7.51609945
   9.410         -2.90933418         -2.90933418         -7.52406120         -7.52406120         -7.52406120
   9.464         -2.96146631         -2.96146631         -7.51437712         -7.51437712         -7.51437712
   9.517         -3.10869241         -3.10869241         -7.48692131         -7.48692131         -7.48692131
   9.571         -3.34619379         -3.34619379         -7.44179440         -7.44179440         -7.44179440
   9.625         -3.66681814         -3.66681814         -7.37933493         -7.37933493         -7.37933493
   9.679         -4.06201363         -4.06201363         -7.30014658         -7.30014658         -7.30014658
   9.732         -4.52275467         -4.52275467         -7.20513868         -7.20513868         -7.20513868
   9.786         -5.04029894         -5.04029894         -7.09556007         -7.09556007         -7.09556007
   9.840         -5.60642004         -5.60642004         -6.97302389         -6.97302389         -6.97302389
   9.894         -6.21301651         -6.21301651         -6.83949852         -6.83949852         -6.83949852
   9.947         -6.85106373         -6.85106373         -6.69727612         -6.69727612         -6.69727612
  10.001         -7.50922585         -7.50922585         -6.54890347         -6.54890347         -6.54890347
  10.055         -8.17261219         -8.17261219         -6.39710093         -6.39710093         -6.39710093
  10.109         -8.82220936         -8.82220936         -6.24467230         -6.24467230         -6.24467230
  10.163         -9.43546677         -9.43546677         -6.09441185         -6.09441185         -6.09441185
  10.216         -9.98790455         -9.98790455         -5.94901371         -5.94901371         -5.94901371
  10.270        -10.45542526        -10.45542526         -5.81097603         -5.81097603         -5.81097603
  10.324        -10.81659794        -10.81659794         -5.68250084         -5.68250084         -5.68250084
  10.378        -11.05451679        -11.05451679         -5.56538963         -5.56538963         -5.56538963
  10.431        -11.15787220        -11.15787220         -5.46095800         -5.46095800         -5.46095800
  10.485        -11.12142277        -11.12142277         -5.36997795         -5.36997795         -5.36997795
  10.539        -10.94614029        -10.94614029         -5.29266834         -5.29266834         -5.29266834
  10.593        -10.63917446        -10.63917446         -5.22873306         -5.22873306         -5.22873306
  10.646        -10.21359825        -10.21359825         -5.17743683         -5.17743683         -5.17743683
  10.700         -9.68771839         -9.68771839         -5.13769960         -5.13769960         -5.13769960
  10.754         -9.08370399         -9.08370399         -5.10818291         -5.10818291         -5.10818291
  10.808         -8.42551231         -8.42551231         -5.08736181         -5.08736181         -5.08736181
  10.862         -7.73648739         -7.73648739         -5.07357693         -5.07357693         -5.07357693
  10.915         -7.03723001         -7.03723001         -5.06506777         -5.06506777         -5.06506777
  10.969         -6.34429646         -6.34429646         -5.06000757         -5.06000757         -5.06000757
  11.023         -5.67004490         -5.67004490         -5.05653572         -5.05653572         -5.05653572
  11.077         -5.02346039         -5.02346039         -5.05279589         -5.05279589         -5.05279589
  11.130         -4.41149044         -4.41149044         -5.04697704         -5.04697704         -5.04697704
  11.184         -3.84030819         -3.84030819         -5.03735065         -5.03735065         -5.03735065
  11.238         -3.31609607         -3.31609607         -5.02230167         -5.02230167         -5.02230167
  11.292         -2.84521151         -2.84521151         -5.00035477         -5.00035477         -5.00035477
  11.345         -2.43379235         -2.43379235         -4.97018862         -4.97018862         -4.97018862
  11.399         -2.08707047         -2.08707047         -4.93065262         -4.93065262         -4.93065262
  11.453         -1.80865657         -1.80865657         -4.88076925         -4.88076925         -4.88076925
  11.507         -1.60001874         -1.60001874         -4.81973839         -4.81973839         -4.81973839
  11.561         -1.46028817         -1.46028817         -4.74693060         -4.74693060         -4.74693060
  11.614         -1.38642812         -1.38642812         -4.66188192         -4.66188192         -4.66188192
  11.668         -1.37369895         -1.37369895         -4.56428862         -4.56428862         -4.56428862
  11.722         -1.41629255         -1.41629255         -4.45402193         -4.45402193         -4.45402193
  11.776         -1.50795579         -1.50795579         -4.33115005         -4.33115005         -4.33115005
  11.829         -1.64241874         -1.64241874         -4.19598532         -4.19598532         -4.19598532
  11.883         -1.81349552         -1.81349552         -4.04913330         -4.04913330         -4.04913330
  11.937         -2.01481915         -2.01481915         -3.89153624         -3.89153624         -3.89153624
  11.991         -2.23933244         -2.23933244         -3.72449231         -3.72449231         -3.72449231
  12.044         -2.47874999         -2.47874999         -3.54964542         -3.54964542         -3.54964542
  12.098         -2.72328663         -2.72328663         -3.36893773         -3.36893773         -3.36893773
  12.152         -2.96181536         -2.96181536         -3.18454075         -3.18454075         -3.18454075
  12.206         -3.18252373         -3.18252373         -2.99876523         -2.99876523         -2.99876523
  12.260         -3.37386537         -3.37386537         -2.81396723         -2.81396723         -2.81396723
  12.313         -3.52553916         -3.52553916         -2.63244724         -2.63244724         -2.63244724
  12.367         -3.62926269         -3.62926269         -2.45634913         -2.45634913         -2.45634913
  12.421         -3.67921615         -3.67921615         -2.28756380         -2.28756380         -2.28756380
  12.475         -3.67221999         -3.67221999         -2.12764406         -2.12764406         -2.12764406
  12.528         -3.60776615         -3.60776615         -1.97774529         -1.97774529         -1.97774529
  12.582         -3.48799515         -3.48799515         -1.83860052         -1.83860052         -1.83860052
  12.636         -3.31762743         -3.31762743         -1.71053827         -1.71053827         -1.71053827
  12.690         -3.10372305         -3.10372305         -1.59353507         -1.59353507         -1.59353507
  12.743         -2.85514903         -2.85514903         -1.48728883         -1.48728883         -1.48728883
  12.797         -2.58173609         -2.58173609         -1.39129627         -1.39129627         -1.39129627
  12.851         -2.29323459         -2.29323459         -1.30491638         -1.30491638         -1.30491638
  12.905         -1.99834454         -1.99834454         -1.22741354         -1.22741354         -1.22741354
  12.959         -1.70407081         -1.70407081         -1.15797889         -1.15797889         -1.15797889
  13.012         -1.41558039         -1.41558039         -1.09573829         -1.09573829         -1.09573829
  13.066         -1.13650000         -1.13650000         -1.03975368         -1.03975368         -1.03975368
  13.120         -0.86948532         -0.86948532         -0.98902708         -0.98902708         -0.98902708
  13.174         -0.61678004         -0.61678004         -0.94251144         -0.94251144         -0.94251144
  13.227         -0.38060638         -0.38060638         -0.89912969         -0.89912969         -0.89912969
  13.281         -0.16327617         -0.16327617         -0.85780132         -0.85780132         -0.85780132
  13.335          0.03292885          0.03292885         -0.81747288         -0.81747288         -0.81747288
  13.389          0.20601657          0.20601657         -0.77714825         -0.77714825         -0.77714825
  13.442          0.35456422          0.35456422         -0.73591357         -0.73591357         -0.73591357
  13.496          0.47792745          0.47792745         -0.69295430         -0.69295430         -0.69295430
  13.550          0.57632130          0.57632130         -0.64756340         -0.64756340         -0.64756340
  13.604          0.65076131          0.65076131         -0.59914255         -0.59914255         -0.59914255
  13.658          0.70289725          0.70289725         -0.54720098         -0.54720098         -0.54720098
  13.711          0.73478705          0.73478705         -0.49135733         -0.49135733         -0.49135733
  13.765          0.74868482          0.74868482         -0.43134883         -0.43134883         -0.43134883
  13.819          0.74689966          0.74689966         -0.36704826         -0.36704826         -0.36704826
  13.873          0.73175472          0.73175472         -0.29848489         -0.29848489         -0.29848489
  13.926          0.70564413          0.70564413         -0.22586371         -0.22586371         -0.22586371
  13.980          0.67114252          0.67114252         -0.14957470         -0.14957470         -0.14957470
  14.034          0.63110369          0.63110369         -0.07018816         -0.07018816         -0.07018816
  14.088          0.58866453          0.58866453          0.01156484          0.01156484          0.01156484
  14.141          0.54713970          0.54713970          0.09482369          0.09482369          0.09482369
  14.195          0.50982469          0.50982469          0.17863654          0.17863654          0.17863654
  14.249          0.47975421          0.47975421          0.26200166          0.26200166          0.26200166
  14.303          0.45949015          0.45949015          0.34391013          0.34391013          0.34391013
  14.357          0.45097619          0.45097619          0.42338860          0.42338860          0.42338860
  14.410          0.45546359          0.45546359          0.49954173          0.49954173          0.49954173
  14.464          0.47348335          0.47348335          0.57159120          0.57159120          0.57159120
  14.518          0.50485140          0.50485140          0.63890618          0.63890618          0.63890618
  14.572          0.54869223          0.54869223          0.70101982          0.70101982          0.70101982
  14.625          0.60350651          0.60350651          0.75762868          0.75762868          0.75762868
  14.679          0.66730237          0.66730237          0.80857617          0.80857617          0.80857617
  14.733          0.73780417          0.73780417          0.85382438          0.85382438          0.85382438
  14.787          0.81270802          0.81270802          0.89342427          0.89342427          0.89342427
  14.841          0.88993031          0.88993031          0.92749166          0.92749166          0.92749166
  14.894          0.96777701          0.96777701          0.95619309          0.95619309          0.95619309
  14.948          1.04499912          1.04499912          0.97974426          0.97974426          0.97974426
  15.002          1.12073004          1.12073004          0.99841547          0.99841547          0.99841547
  15.056          1.19434762          1.19434762          1.01254094          1.01254094          1.01254094
  15.109          1.26532161          1.26532161          1.02252400          1.02252400          1.02252400
  15.163          1.33310115          1.33310115          1.02883732          1.02883732          1.02883732
  15.217          1.39706099          1.39706099          1.03201282          1.03201282          1.03201282
  15.271          1.45651472          1.45651472          1.03262651          1.03262651          1.03262651
  15.324          1.51076591          1.51076591          1.03127694          1.03127694          1.03127694
  15.378          1.55917490          1.55917490          1.02856386          1.02856386          1.02856386
  15.432          1.60121012          1.60121012          1.02506697          1.02506697          1.02506697
  15.486          1.63648784          1.63648784          1.02132916          1.02132916          1.02132916
  15.540          1.66476917          1.66476917          1.01784241          1.01784241          1.01784241
  15.593          1.68593991          1.68593991          1.01503718          1.01503718          1.01503718
  15.647          1.69997287          1.69997287          1.01327479          1.01327479          1.01327479
  15.701          1.70687318          1.70687318          1.01284206          1.01284206          1.01284206
  15.755          1.70665264          1.70665264          1.01394773          1.01394773          1.01394773
  15.808          1.69930363          1.69930363          1.01672220          1.01672220          1.01672220
  15.862          1.68480563          1.68480563          1.02121854          1.02121854          1.02121854
  15.916          1.66314828          1.66314828          1.02741814          1.02741814          1.02741814
  15.970          1.63437629          1.63437629          1.03523672          1.03523672          1.03523672
  16.023          1.59862578          1.59862578          1.04453385          1.04453385          1.04453385
  16.077          1.55617380          1.55617380          1.05512178          1.05512178          1.05512178
  16.131          1.50744474          1.50744474          1.06677532          1.06677532          1.06677532
  16.185          1.45300853          1.45300853          1.07924128          1.07924128          1.07924128
  16.239          1.39353478          1.39353478          1.09224892          1.09224892          1.09224892
  16.292          1.32973564          1.32973564          1.10552049          1.10552049          1.10552049
  16.346          1.26229393          1.26229393          1.11878252          1.11878252          1.11878252
  16.400          1.19181216          1.19181216          1.13177741          1.13177741          1.13177741
  16.454          1.11881614          1.11881614          1.14427364          1.14427364          1.14427364
  16.507          1.04381013          1.04381013          1.15607357          1.15607357          1.15607357
  16.561          0.96740830          0.96740830          1.16701722          1.16701722          1.16701722
  16.615          0.89049262          0.89049262          1.17698193          1.17698193          1.17698193
  16.669          0.81435335          0.81435335          1.18587923          1.18587923          1.18587923
  16.722          0.74074906          0.74074906          1.19364977          1.19364977          1.19364977
  16.776          0.67184955          0.67184955          1.20025885          1.20025885          1.20025885
  16.830          0.61006469          0.61006469          1.20569301          1.20569301          1.20569301
  16.884          0.55779964          0.55779964          1.20995831          1.20995831          1.20995831
  16.938          0.51720190          0.51720190          1.21307993          1.21307993          1.21307993
  16.991          0.48995134          0.48995134          1.21510196          1.21510196          1.21510196
  17.045          0.47712082          0.47712082          1.21608746          1.21608746          1.21608746
  17.099          0.47909915          0.47909915          1.21611583          1.21611583          1.21611583
  17.153          0.49557024          0.49557024          1.21528125          1.21528125          1.21528125
  17.206          0.52553087          0.52553087          1.21368861          1.21368861          1.21368861
  17.260          0.56736213          0.56736213          1.21144998          1.21144998          1.21144998
  17.314          0.61896199          0.61896199          1.20868111          1.20868111          1.20868111
  17.368          0.67794693          0.67794693          1.20549834          1.20549834          1.20549834
  17.421          0.74191070          0.74191070          1.20201707          1.20201707          1.20201707
  17.475          0.80866575          0.80866575          1.19835067          1.19835067          1.19835067
  17.529          0.87643337          0.87643337          1.19461095          1.19461095          1.19461095
  17.583          0.94391000          0.94391000          1.19090819          1.19090819          1.19090819
  17.637          1.01021791          1.01021791          1.18735206          1.18735206          1.18735206
  17.690          1.07477224          1.07477224          1.18405163          1.18405163          1.18405163
  17.744          1.13711774          1.13711774          1.18111479          1.18111479          1.18111479
  17.798          1.19679785          1.19679785          1.17864704          1.17864704          1.17864704
  17.852          1.25328505          1.25328505          1.17674959          1.17674959          1.17674959
  17.905          1.30597556          1.30597556          1.17551744          1.17551744          1.17551744
  17.959          1.35423374          1.35423374          1.17503762          1.17503762          1.17503762
  18.013          1.39746261          1.39746261          1.17538774          1.17538774          1.17538774
  18.067          1.43517864          1.43517864          1.17663527          1.17663527          1.17663527
  18.120          1.46706104          1.46706104          1.17883885          1.17883885          1.17883885
  18.174          1.49300015          1.49300015          1.18204796          1.18204796          1.18204796
  18.228          1.51309931          1.51309931          1.18630433          1.18630433          1.18630433
  18.282          1.52767062          1.52767062          1.19164085          1.19164085          1.19164085
  18.336          1.53720212          1.53720212          1.19807804          1.19807804          1.19807804
  18.389          1.54231560          1.54231560          1.20561910          1.20561910          1.20561910
  18.443          1.54371452          1.54371452          1.21424139          1.21424139          1.21424139
  18.497          1.54213405          1.54213405          1.22388744          1.22388744          1.22388744
  18.551          1.53829849          1.53829849          1.23445737          1.23445737          1.23445737
  18.604          1.53288102          1.53288102          1.24580395          1.24580395          1.24580395
  18.658          1.52647638          1.52647638          1.25773120          1.25773120          1.25773120
  18.712          1.51958179          1.51958179          1.26999938          1.26999938          1.26999938
  18.766          1.51258564          1.51258564          1.28233171          1.28233171          1.28233171
  18.819          1.50576127          1.50576127          1.29442549          1.29442549          1.29442549
  18.873          1.49928081          1.49928081          1.30596519          1.30596519          1.30596519
  18.927          1.49321663          1.49321663          1.31663549          1.31663549          1.31663549
  18.981          1.48755956          1.48755956          1.32613575          1.32613575          1.32613575
  19.035          1.48224390          1.48224390          1.33419263          1.33419263          1.33419263
  19.088          1.47716963          1.47716963          1.34057128          1.34057128          1.34057128
  19.142          1.47222638          1.47222638          1.34508169          1.34508169          1.34508169
  19.196          1.46730852          1.46730852          1.34758115          1.34758115          1.34758115
  19.250          1.46232784          1.46232784          1.34797144          1.34797144          1.34797144
  19.303          1.45721483          1.45721483          1.34619164          1.34619164          1.34619164
  19.357          1.45192170          1.45192170          1.34220946          1.34220946          1.34220946
  19.411          1.44641650          1.44641650          1.33601356          1.33601356          1.33601356
  19.465          1.44068801          1.44068801          1.32760870          1.32760870          1.32760870
  19.518          1.43473625          1.43473625          1.31701577          1.31701577          1.31701577
  19.572          1.42859054          1.42859054          1.30427623          1.30427623          1.30427623
  19.626          1.42229998          1.42229998          1.28945935          1.28945935          1.28945935
  19.680          1.41593707          1.41593707          1.27267122          1.27267122          1.27267122
  19.734          1.40958285          1.40958285          1.25406063          1.25406063          1.25406063
  19.787          1.40331805          1.40331805          1.23382211          1.23382211          1.23382211
  19.841          1.39719713          1.39719713          1.21219313          1.21219313          1.21219313
  19.895          1.39122725          1.39122725          1.18944764          1.18944764          1.18944764
  19.949          1.38534260          1.38534260          1.16588473          1.16588473          1.16588473
  20.002          1.37939060          1.37939060          1.14181697          1.14181697          1.14181697
  20.056          1.37312067          1.37312067          1.11755669          1.11755669          1.11755669
  20.110          1.36617625          1.36617625          1.09340286          1.09340286          1.09340286
  20.164          1.35809755          1.35809755          1.06962943          1.06962943          1.06962943
  20.218          1.34832978          1.34832978          1.04647458          1.04647458          1.04647458
  20.271          1.33624077          1.33624077          1.02413309          1.02413309          1.02413309
  20.325          1.32115018          1.32115018          1.00275207          1.00275207          1.00275207
  20.379          1.30236411          1.30236411          0.98243076          0.98243076          0.98243076
  20.433          1.27921772          1.27921772          0.96322566          0.96322566          0.96322566
  20.486          1.25112689          1.25112689          0.94515765          0.94515765          0.94515765
  20.540          1.21763754          1.21763754          0.92822075          0.92822075          0.92822075
  20.594          1.17846882          1.17846882          0.91239023          0.91239023          0.91239023
  20.648          1.13354504          1.13354504          0.89762878          0.89762878          0.89762878
  20.701          1.08300602          1.08300602          0.88388962          0.88388962          0.88388962
  20.755          1.02719259          1.02719259          0.87111765          0.87111765          0.87111765
  20.809          0.96661240          0.96661240          0.85924917          0.85924917          0.85924917
  20.863          0.90187979          0.90187979          0.84821105          0.84821105          0.84821105
  20.917          0.83364576          0.83364576          0.83792067          0.83792067          0.83792067
  20.970          0.76252419          0.76252419          0.82828605          0.82828605          0.82828605
  21.024          0.68904912          0.68904912          0.81920749          0.81920749          0.81920749
  21.078          0.61367851          0.61367851          0.81057906          0.81057906          0.81057906
  21.132          0.53686142          0.53686142          0.80229104          0.80229104          0.80229104
  21.185          0.45917216          0.45917216          0.79423153          0.79423153          0.79423153
  21.239          0.38146469          0.38146469          0.78628784          0.78628784          0.78628784
  21.293          0.30500934          0.30500934          0.77834702          0.77834702          0.77834702
  21.347          0.23153469          0.23153469          0.77029574          0.77029574          0.77029574
  21.400          0.16315725          0.16315725          0.76201975          0.76201975          0.76201975
  21.454          0.10219532          0.10219532          0.75340337          0.75340337          0.75340337
  21.508          0.05092609          0.05092609          0.74432945          0.74432945          0.74432945
  21.562          0.01134468          0.01134468          0.73467970          0.73467970          0.73467970
  21.616         -0.01502337         -0.01502337          0.72433710          0.72433710          0.72433710
  21.669         -0.02723629         -0.02723629          0.71318799          0.71318799          0.71318799
  21.723         -0.02499162         -0.02499162          0.70112604          0.70112604          0.70112604
  21.777         -0.00864237         -0.00864237          0.68805605          0.68805605          0.68805605
  21.831          0.02081720          0.02081720          0.67389715          0.67389715          0.67389715
  21.884          0.06180720          0.06180720          0.65858567          0.65858567          0.65858567
  21.938          0.11227992          0.11227992          0.64207679          0.64207679          0.64207679
  21.992          0.16990636          0.16990636          0.62434542          0.62434542          0.62434542
  22.046          0.23231870          0.23231870          0.60538596          0.60538596          0.60538596
  22.099          0.29735312          0.29735312          0.58521312          0.58521312          0.58521312
  22.153          0.36322960          0.36322960          0.56386364          0.56386364          0.56386364
  22.207          0.42862138          0.42862138          0.54139888          0.54139888          0.54139888
  22.261          0.49260956          0.49260956          0.51790977          0.51790977          0.51790977
  22.315          0.55454856          0.55454856          0.49352112          0.49352112          0.49352112
  22.368          0.61390972          0.61390972          0.46839413          0.46839413          0.46839413
  22.422          0.67015308          0.67015308          0.44272646          0.44272646          0.44272646
  22.476          0.72265983          0.72265983          0.41674751          0.41674751          0.41674751
  22.530          0.77073181          0.77073181          0.39071077          0.39071077          0.39071077
  22.583          0.81364173          0.81364173          0.36488342          0.36488342          0.36488342
  22.637          0.85069454          0.85069454          0.33953527          0.33953527          0.33953527
  22.691          0.88129795          0.88129795          0.31492811          0.31492811          0.31492811
  22.745          0.90499616          0.90499616          0.29130602          0.29130602          0.29130602
  22.798          0.92148864          0.92148864          0.26888618          0.26888618          0.26888618
  22.852          0.93060887          0.93060887          0.24784997          0.24784997          0.24784997
  22.906          0.93229085          0.93229085          0.22833352          0.22833352          0.22833352
  22.960          0.92652237          0.92652237          0.21041840          0.21041840          0.21041840
  23.014          0.91330731          0.91330731          0.19412266          0.19412266          0.19412266
  23.067          0.89263755          0.89263755          0.17939335          0.17939335          0.17939335
  23.121          0.86449093          0.86449093          0.16610169          0.16610169          0.16610169
  23.175          0.82884896          0.82884896          0.15404105          0.15404105          0.15404105
  23.229          0.78573728          0.78573728          0.14292803          0.14292803          0.14292803
  23.282          0.73526829          0.73526829          0.13240604          0.13240604          0.13240604
  23.336          0.67768353          0.67768353          0.12205104          0.12205104          0.12205104
  23.390          0.61338043          0.61338043          0.11137937          0.11137937          0.11137937
  23.444          0.54291070          0.54291070          0.09985790          0.09985790          0.09985790
  23.497          0.46694964          0.46694964          0.08691725          0.08691725          0.08691725
  23.551          0.38624123          0.38624123          0.07196842          0.07196842          0.07196842
  23.605          0.30153224          0.30153224          0.05442277          0.05442277          0.05442277
  23.659          0.21351922          0.21351922          0.03371357          0.03371357          0.03371357
  23.713          0.12283470          0.12283470          0.00931673          0.00931673          0.00931673
  23.766          0.03009214          0.03009214         -0.01923282         -0.01923282         -0.01923282
  23.820         -0.06400655         -0.06400655         -0.05233162         -0.05233162         -0.05233162
  23.874         -0.15852655         -0.15852655         -0.09030654         -0.09030654         -0.09030654
  23.928         -0.25217336         -0.25217336         -0.13342036         -0.13342036         -0.13342036
  23.981         -0.34323806         -0.34323806         -0.18188047         -0.18188047         -0.18188047
  24.035         -0.42965704         -0.42965704         -0.23584488         -0.23584488         -0.23584488
  24.089         -0.50918680         -0.50918680         -0.29542029         -0.29542029         -0.29542029
  24.143         -0.57964635         -0.57964635         -0.36064872         -0.36064872         -0.36064872
  24.196         -0.63915825         -0.63915825         -0.43148327         -0.43148327         -0.43148327
  24.250         -0.68633866         -0.68633866         -0.50775802         -0.50775802         -0.50775802
  24.304         -0.72040254         -0.72040254         -0.58916020         -0.58916020         -0.58916020
  24.358         -0.74121237         -0.74121237         -0.67521298         -0.67521298         -0.67521298
  24.412         -0.74928963         -0.74928963         -0.76527488         -0.76527488         -0.76527488
  24.465         -0.74581939         -0.74581939         -0.85855603         -0.85855603         -0.85855603
  24.519         -0.73263997         -0.73263997         -0.95414913         -0.95414913         -0.95414913
  24.573         -0.71219099         -0.71219099         -1.05106807         -1.05106807         -1.05106807
  24.627         -0.68739498         -0.68739498         -1.14829087         -1.14829087         -1.14829087
  24.680         -0.66146332         -0.66146332         -1.24480247         -1.24480247         -1.24480247
  24.734         -0.63766611         -0.63766611         -1.33963788         -1.33963788         -1.33963788
  24.788         -0.61913168         -0.61913168         -1.43192375         -1.43192375         -1.43192375
  24.842         -0.60872352         -0.60872352         -1.52091694         -1.52091694         -1.52091694
  24.895         -0.60903805         -0.60903805         -1.60603607         -1.60603607         -1.60603607
  24.949         -0.62248158         -0.62248158         -1.68688178         -1.68688178         -1.68688178
  25.003         -0.65137541         -0.65137541         -1.76324105         -1.76324105         -1.76324105
  25.057         -0.69801009         -0.69801009         -1.83507836         -1.83507836         -1.83507836
  25.111         -0.76460999         -0.76460999         -1.90251672         -1.90251672         -1.90251672
  25.164         -0.85319364         -0.85319364         -1.96581590         -1.96581590         -1.96581590
  25.218         -0.96536720         -0.96536720         -2.02535534         -2.02535534         -2.02535534
  25.272         -1.10210502         -1.10210502         -2.08162522         -2.08162522         -2.08162522
  25.326         -1.26358116         -1.26358116         -2.13522363         -2.13522363         -2.13522363
  25.379         -1.44911814         -1.44911814         -2.18685794         -2.18685794         -2.18685794
  25.433         -1.65726459         -1.65726459         -2.23734474         -2.23734474         -2.23734474
  25.487         -1.88600445         -1.88600445         -2.28759933         -2.28759933         -2.28759933
  25.541         -2.13304162         -2.13304162         -2.33862138         -2.33862138         -2.33862138
  25.594         -2.39605570         -2.39605570         -2.39146757         -2.39146757         -2.39146757
  25.648         -2.67282557         -2.67282557         -2.44722319         -2.44722319         -2.44722319
  25.702         -2.96111202         -2.96111202         -2.50696921         -2.50696921         -2.50696921
  25.756         -3.25827694         -3.25827694         -2.57175732         -2.57175732         -2.57175732
  25.810         -3.56071067         -3.56071067         -2.64258838         -2.64258838         -2.64258838
  25.863         -3.86325836         -3.86325836         -2.72040224         -2.72040224         -2.72040224
  25.917         -4.15892506         -4.15892506         -2.80607247         -2.80607247         -2.80607247
  25.971         -4.43900537         -4.43900537         -2.90040541         -2.90040541         -2.90040541
  26.025         -4.69373703         -4.69373703         -3.00413156         -3.00413156         -3.00413156
  26.078         -4.91326618         -4.91326618         -3.11788535         -3.11788535         -3.11788535
  26.132         -5.08869839         -5.08869839         -3.24216294         -3.24216294         -3.24216294
  26.186         -5.21296167         -5.21296167         -3.37725902         -3.37725902         -3.37725902
  26.240         -5.28132486         -5.28132486         -3.52319264         -3.52319264         -3.52319264
  26.294         -5.29164696         -5.29164696         -3.67963338         -3.67963338         -3.67963338
  26.347         -5.24445009         -5.24445009         -3.84584951         -3.84584951         -3.84584951
  26.401         -5.14294481         -5.14294481         -4.02069139         -4.02069139         -4.02069139
  26.455         -4.99298859         -4.99298859         -4.20261478         -4.20261478         -4.20261478
  26.509         -4.80292511         -4.80292511         -4.38974142         -4.38974142         -4.38974142
  26.562         -4.58313704         -4.58313704         -4.57994032         -4.57994032         -4.57994032
  26.616         -4.34527302         -4.34527302         -4.77092695         -4.77092695         -4.77092695
  26.670         -4.10125589         -4.10125589         -4.96036005         -4.96036005         -4.96036005
  26.724         -3.86232376         -3.86232376         -5.14594364         -5.14594364         -5.14594364
  26.777         -3.63837218         -3.63837218         -5.32552052         -5.32552052         -5.32552052
  26.831         -3.43776774         -3.43776774         -5.49716091         -5.49716091         -5.49716091
  26.885         -3.26761675         -3.26761675         -5.65923405         -5.65923405         -5.65923405
  26.939         -3.13431597         -3.13431597         -5.81045246         -5.81045246         -5.81045246
  26.993         -3.04405141         -3.04405141         -5.94988394         -5.94988394         -5.94988394
  27.046         -3.00307679         -3.00307679         -6.07693434         -6.07693434         -6.07693434
  27.100         -3.01762271         -3.01762271         -6.19130039         -6.19130039         -6.19130039
  27.154         -3.09346485         -3.09346485         -6.29292393         -6.29292393         -6.29292393
  27.208         -3.23531389         -3.23531389         -6.38194561         -6.38194561         -6.38194561
  27.261         -3.44617152         -3.44617152         -6.45867729         -6.45867729         -6.45867729
  27.315         -3.72687650         -3.72687650         -6.52359343         -6.52359343         -6.52359343
  27.369         -4.07592630         -4.07592630         -6.57733345         -6.57733345         -6.57733345
  27.423         -4.48967266         -4.48967266         -6.62070656         -6.62070656         -6.62070656
  27.476         -4.96284437         -4.96284437         -6.65469885         -6.65469885         -6.65469885
  27.530         -5.48927164         -5.48927164         -6.68046951         -6.68046951         -6.68046951
  27.584         -6.06254768         -6.06254768         -6.69934607         -6.69934607         -6.69934607
  27.638         -6.67646551         -6.67646551         -6.71281147         -6.71281147         -6.71281147
  27.692         -7.32481766         -7.32481766         -6.72248602         -6.72248602         -6.72248602
  27.745         -8.00064564         -8.00064564         -6.73010445         -6.73010445         -6.73010445
  27.799         -8.69496727         -8.69496727         -6.73748255         -6.73748255         -6.73748255
  27.853         -9.39544392         -9.39544392         -6.74648237         -6.74648237         -6.74648237
  27.907        -10.08557510        -10.08557510         -6.75897074         -6.75897074         -6.75897074
  27.960        -10.74484730        -10.74484730         -6.77677965         -6.77677965         -6.77677965
  28.014        -11.35002041        -11.35002041         -6.80167389         -6.80167389         -6.80167389
  28.068        -11.87726879        -11.87726879         -6.83531904         -6.83531904         -6.83531904
  28.122        -12.30456734        -12.30456734         -6.87924385         -6.87924385         -6.87924385
  28.175        -12.61375904        -12.61375904         -6.93478966         -6.93478966         -6.93478966
  28.229        -12.79187489        -12.79187489         -7.00303984         -7.00303984         -7.00303984
  28.283        -12.83185482        -12.83185482         -7.08472919         -7.08472919         -7.08472919
  28.337        -12.73276806        -12.73276806         -7.18015289         -7.18015289         -7.18015289
  28.391        -12.49982262        -12.49982262         -7.28908920         -7.28908920         -7.28908920
  28.444        -12.14429665        -12.14429665         -7.41076040         -7.41076040         -7.41076040
  28.498        -11.68301105        -11.68301105         -7.54384470         -7.54384470         -7.54384470
  28.552        -11.13729191        -11.13729191         -7.68653107         -7.68653107         -7.68653107
  28.606        -10.53115654        -10.53115654         -7.83660889         -7.83660889         -7.83660889
  28.659         -9.88899899         -9.88899899         -7.99156952         -7.99156952         -7.99156952
  28.713         -9.23330307         -9.23330307         -8.14870930         -8.14870930         -8.14870930
  28.767         -8.58302784         -8.58302784         -8.30522537         -8.30522537         -8.30522537
  28.821         -7.95303297         -7.95303297         -8.45830441         -8.45830441         -8.45830441
  28.874         -7.35463476         -7.35463476         -8.60521889         -8.60521889         -8.60521889
  28.928         -6.79682350         -6.79682350         -8.74341488         -8.74341488         -8.74341488
  28.982         -6.28768206         -6.28768206         -8.87059593         -8.87059593         -8.87059593
  29.036         -5.83540821         -5.83540821         -8.98478794         -8.98478794         -8.98478794
  29.090         -5.44872332         -5.44872332         -9.08437634         -9.08437634         -9.08437634
  29.143         -5.13661146         -5.13661146         -9.16811180         -9.16811180         -9.16811180
  29.197         -4.90760374         -4.90760374         -9.23508358         -9.23508358         -9.23508358
  29.251         -4.76881504         -4.76881504         -9.28469181         -9.28469181         -9.28469181
  29.305         -4.72504187         -4.72504187         -9.31659889         -9.31659889         -9.31659889
  29.358         -4.77810049         -4.77810049         -9.33071041         -9.33071041         -9.33071041
  29.412         -4.92656326         -4.92656326         -9.32715511         -9.32715511         -9.32715511
  29.466         -5.16594458         -5.16594458         -9.30629063         -9.30629063         -9.30629063
  29.520         -5.48926735         -5.48926735         -9.26872444         -9.26872444         -9.26872444
  29.573         -5.88793898         -5.88793898         -9.21534443         -9.21534443         -9.21534443
  29.627         -6.35273170         -6.35273170         -9.14736938         -9.14736938         -9.14736938
  29.681         -6.87457085         -6.87457085         -9.06638336         -9.06638336         -9.06638336
  29.735         -7.44494009         -7.44494009         -8.97436333         -8.97436333         -8.97436333
  29.789         -8.05563831         -8.05563831         -8.87367249         -8.87367249         -8.87367249
  29.842         -8.69787693         -8.69787693         -8.76702309         -8.76702309         -8.76702309
  29.896         -9.36097813         -9.36097813         -8.65739346         -8.65739346         -8.65739346
  29.950        -10.03104305        -10.03104305         -8.54793835         -8.54793835         -8.54793835
  30.004        -10.69025707        -10.69025707         -8.44187832         -8.44187832         -8.44187832
  30.057        -11.31719017        -11.31719017         -8.34240055         -8.34240055         -8.34240055
  30.111        -11.88822556        -11.88822556         -8.25256824         -8.25256824         -8.25256824
  30.165        -12.37971973        -12.37971973         -8.17523193         -8.17523193         -8.17523193
  30.219        -12.77030087        -12.77030087         -8.11293697         -8.11293697         -8.11293697
  30.272        -13.04274559        -13.04274559         -8.06782722         -8.06782722         -8.06782722
  30.326        -13.18510628        -13.18510628         -8.04154015         -8.04154015         -8.04154015
  30.380        -13.19127941        -13.19127941         -8.03510857         -8.03510857         -8.03510857
  30.434        -13.06103992        -13.06103992         -8.04890060         -8.04890060         -8.04890060
  30.488        -12.80014420        -12.80014420         -8.08258724         -8.08258724         -8.08258724
  30.541        -12.42016125        -12.42016125         -8.13517094         -8.13517094         -8.13517094
  30.595        -11.93801212        -11.93801212         -8.20505428         -8.20505428         -8.20505428
  30.649        -11.37489223        -11.37489223         -8.29013443         -8.29013443         -8.29013443
  30.703        -10.75446320        -10.75446320         -8.38790417         -8.38790417         -8.38790417
  30.756        -10.10055447        -10.10055447         -8.49555969         -8.49555969         -8.49555969
  30.810         -9.43494987         -9.43494987         -8.61007881         -8.61007881         -8.61007881
  30.864         -8.77591133         -8.77591133         -8.72831631         -8.72831631         -8.72831631
  30.918         -8.13772869         -8.13772869         -8.84708405         -8.84708405         -8.84708405
  30.971         -7.53135395         -7.53135395         -8.96325493         -8.96325493         -8.96325493
  31.025         -6.96568823         -6.96568823         -9.07386494         -9.07386494         -9.07386494
  31.079         -6.44893074         -6.44893074         -9.17621422         -9.17621422         -9.17621422
  31.133         -5.98950338         -5.98950338         -9.26794434         -9.26794434         -9.26794434
  31.187         -5.59636688         -5.59636688         -9.34709167         -9.34709167         -9.34709167
  31.240         -5.27868605         -5.27868605         -9.41209507         -9.41209507         -9.41209507
  31.294         -5.04503775         -5.04503775         -9.46177959         -9.46177959         -9.46177959
  31.348         -4.90245533         -4.90245533         -9.49532032         -9.49532032         -9.49532032
  31.402         -4.85553789         -4.85553789         -9.51220226         -9.51220226         -9.51220226
  31.455         -4.90584421         -4.90584421         -9.51218796         -9.51218796         -9.51218796
  31.509         -5.05167675         -5.05167675         -9.49530220         -9.49530220         -9.49530220
  31.563         -5.28830862         -5.28830862         -9.46182823         -9.46182823         -9.46182823
  31.617         -5.60862207         -5.60862207         -9.41232967         -9.41232967         -9.41232967
  31.671         -6.00399828         -6.00399828         -9.34767914         -9.34767914         -9.34767914
  31.724         -6.46527004         -6.46527004         -9.26909733         -9.26909733         -9.26909733
  31.778         -6.98350239         -6.98350239         -9.17818928         -9.17818928         -9.17818928
  31.832         -7.55029583         -7.55029583         -9.07695961         -9.07695961         -9.07695961
  31.886         -8.15745258         -8.15745258         -8.96780205         -8.96780205         -8.96780205
  31.939         -8.79600430         -8.79600430         -8.85344410         -8.85344410         -8.85344410
  31.993         -9.45486736         -9.45486736         -8.73686695         -8.73686695         -8.73686695
  32.047        -10.11956882        -10.11956882         -8.62120724         -8.62120724         -8.62120724
  32.101        -10.77167606        -10.77167606         -8.50965118         -8.50965118         -8.50965118
  32.154        -11.38924599        -11.38924599         -8.40533638         -8.40533638         -8.40533638
  32.208        -11.94840908        -11.94840908         -8.31126690         -8.31126690         -8.31126690
  32.262        -12.42557716        -12.42557716         -8.23022461         -8.23022461         -8.23022461
  32.316        -12.79971409        -12.79971409         -8.16468430         -8.16468430         -8.16468430
  32.370        -13.05413818        -13.05413818         -8.11670971         -8.11670971         -8.11670971
  32.423        -13.17759418        -13.17759418         -8.08785725         -8.08785725         -8.08785725
  32.477        -13.16466618        -13.16466618         -8.07907772         -8.07907772         -8.07907772
  32.531        -13.01588154        -13.01588154         -8.09065437         -8.09065437         -8.09065437
  32.585        -12.73774910        -12.73774910         -8.12217903         -8.12217903         -8.12217903
  32.638        -12.34255886        -12.34255886         -8.17258644         -8.17258644         -8.17258644
  32.692        -11.84788513        -11.84788513         -8.24022007         -8.24022007         -8.24022007
  32.746        -11.27537632        -11.27537632         -8.32293510         -8.32293510         -8.32293510
  32.800        -10.64884377        -10.64884377         -8.41819382         -8.41819382         -8.41819382
  32.853         -9.99196815         -9.99196815         -8.52317047         -8.52317047         -8.52317047
  32.907         -9.32614517         -9.32614517         -8.63483238         -8.63483238         -8.63483238
  32.961         -8.66907406         -8.66907406         -8.75002956         -8.75002956         -8.75002956
  33.015         -8.03455353         -8.03455353         -8.86558437         -8.86558437         -8.86558437
  33.069         -7.43317413         -7.43317413         -8.97838593         -8.97838593         -8.97838593
  33.122         -6.87367010         -6.87367010         -9.08550072         -9.08550072         -9.08550072
  33.176         -6.36422014         -6.36422014         -9.18426704         -9.18426704         -9.18426704
  33.230         -5.91331387         -5.91331387         -9.27237320         -9.27237320         -9.27237320
  33.284         -5.52997541         -5.52997541         -9.34790039         -9.34790039         -9.34790039
  33.337         -5.22333288         -5.22333288         -9.40933228         -9.40933228         -9.40933228
  33.391         -5.00180531         -5.00180531         -9.45553112         -9.45553112         -9.45553112
  33.445         -4.87213945         -4.87213945         -9.48569965         -9.48569965         -9.48569965
  33.499         -4.83854723         -4.83854723         -9.49934769         -9.49934769         -9.49934769
  33.552         -4.90213680         -4.90213680         -9.49625683         -9.49625683         -9.49625683
  33.606         -5.06077385         -5.06077385         -9.47646713         -9.47646713         -9.47646713
  33.660         -5.30936670         -5.30936670         -9.44028282         -9.44028282         -9.44028282
  33.714         -5.64052868         -5.64052868         -9.38828754         -9.38828754         -9.38828754
  33.768         -6.04551840         -6.04551840         -9.32138157         -9.32138157         -9.32138157
  33.821         -6.51515770         -6.51515770         -9.24081993         -9.24081993         -9.24081993
  33.875         -7.04058361         -7.04058361         -9.14824581         -9.14824581         -9.14824581
  33.929         -7.61345291         -7.61345291         -9.04570675         -9.04570675         -9.04570675
  33.983         -8.22553539         -8.22553539         -8.93563080         -8.93563080         -8.93563080
  34.036         -8.86766338         -8.86766338         -8.82077599         -8.82077599         -8.82077599
  34.090         -9.52834511         -9.52834511         -8.70414448         -8.70414448         -8.70414448
  34.144        -10.19258976        -10.19258976         -8.58887959         -8.58887959         -8.58887959
  34.198        -10.84141922        -10.84141922         -8.47815990         -8.47815990         -8.47815990
  34.251        -11.45253944        -11.45253944         -8.37510967         -8.37510967         -8.37510967
  34.305        -12.00196362        -12.00196362         -8.28270340         -8.28270340         -8.28270340
  34.359        -12.46632195        -12.46632195         -8.20368671         -8.20368671         -8.20368671
  34.413        -12.82508278        -12.82508278         -8.14048290         -8.14048290         -8.14048290
  34.467        -13.06227493        -13.06227493         -8.09509373         -8.09509373         -8.09509373
  34.520        -13.16740894        -13.16740894         -8.06899834         -8.06899834         -8.06899834
  34.574        -13.13586521        -13.13586521         -8.06305790         -8.06305790         -8.06305790
  34.628        -12.96901894        -12.96901894         -8.07746124         -8.07746124         -8.07746124
  34.682        -12.67416191        -12.67416191         -8.11170959         -8.11170959         -8.11170959
  34.735        -12.26435184        -12.26435184         -8.16464996         -8.16464996         -8.16464996
  34.789        -11.75780296        -11.75780296         -8.23455429         -8.23455429         -8.23455429
  34.843        -11.17658615        -11.17658615         -8.31921577         -8.31921577         -8.31921577
  34.897        -10.54463577        -10.54463577         -8.41605377         -8.41605377         -8.41605377
  34.950         -9.88544369         -9.88544369         -8.52220726         -8.52220726         -8.52220726
  35.004         -9.21994114         -9.21994114         -8.63462162         -8.63462162         -8.63462162
  35.058         -8.56530571         -8.56530571         -8.75013924         -8.75013924         -8.75013924
  35.112         -7.93482208         -7.93482208         -8.86558342         -8.86558342         -8.86558342
  35.166         -7.33874846         -7.33874846         -8.97786236         -8.97786236         -8.97786236
  35.219         -6.78567219         -6.78567219         -9.08407402         -9.08407402         -9.08407402
  35.273         -6.28377533         -6.28377533         -9.18159962         -9.18159962         -9.18159962
  35.327         -5.84163141         -5.84163141         -9.26817989         -9.26817989         -9.26817989
  35.381         -5.46830320         -5.46830320         -9.34195042         -9.34195042         -9.34195042
  35.434         -5.17288542         -5.17288542         -9.40144920         -9.40144920         -9.40144920
  35.488         -4.96361971         -4.96361971         -9.44558620         -9.44558620         -9.44558620
  35.542         -4.84695768         -4.84695768         -9.47361088         -9.47361088         -9.47361088
  35.596         -4.82670879         -4.82670879         -9.48506832         -9.48506832         -9.48506832
  35.649         -4.90354109         -4.90354109         -9.47977734         -9.47977734         -9.47977734
  35.703         -5.07488966         -5.07488966         -9.45781326         -9.45781326         -9.45781326
  35.757         -5.33530426         -5.33530426         -9.41951656         -9.41951656         -9.41951656
  35.811         -5.67715406         -5.67715406         -9.36551285         -9.36551285         -9.36551285
  35.865         -6.09157848         -6.09157848         -9.29674721         -9.29674721         -9.29674721
  35.918         -6.56942225         -6.56942225         -9.21452713         -9.21452713         -9.21452713
  35.972         -7.10188389         -7.10188389         -9.12055016         -9.12055016         -9.12055016
  36.026         -7.68067837         -7.68067837         -9.01691628         -9.01691628         -9.01691628
  36.080         -8.29752064         -8.29752064         -8.90610504         -8.90610504         -8.90610504
  36.133         -8.94300556         -8.94300556         -8.79091263         -8.79091263         -8.79091263
  36.187         -9.60523129         -9.60523129         -8.67436504         -8.67436504         -8.67436504
  36.241        -10.26866245        -10.26866245         -8.55961800         -8.55961800         -8.55961800
  36.295        -10.91380978        -10.91380978         -8.44984818         -8.44984818         -8.44984818
  36.348        -11.51802826        -11.51802826         -8.34816265         -8.34816265         -8.34816265
  36.402        -12.05726814        -12.05726814         -8.25751209         -8.25751209         -8.25751209
  36.456        -12.50843048        -12.50843048         -8.18060207         -8.18060207         -8.18060207
  36.510        -12.85152340        -12.85152340         -8.11980534         -8.11980534         -8.11980534
  36.564        -13.07128716        -13.07128716         -8.07705879         -8.07705879         -8.07705879
  36.617        -13.15800381        -13.15800381         -8.05375957         -8.05375957         -8.05375957
  36.671        -13.10787868        -13.10787868         -8.05068302         -8.05068302         -8.05068302
  36.725        -12.92310143        -12.92310143         -8.06792164         -8.06792164         -8.06792164
  36.779        -12.61175728        -12.61175728         -8.10488605         -8.10488605         -8.10488605
  36.832        -12.18766975        -12.18766975         -8.16033745         -8.16033745         -8.16033745
  36.886        -11.66965580        -11.66965580         -8.23247814         -8.23247814         -8.23247814
  36.940        -11.08018494        -11.08018494         -8.31904507         -8.31904507         -8.31904507
  36.994        -10.44326210        -10.44326210         -8.41741085         -8.41741085         -8.41741085
  37.047         -9.78213120         -9.78213120         -8.49499893         -8.49499893         -8.49499893
  37.101         -9.11727428         -9.11727428         -8.57842159         -8.57842159         -8.57842159
  37.155         -8.46531391         -8.46531391         -8.66451359         -8.66451359         -8.66451359
  37.209         -7.83905554         -7.83905554         -8.75010204         -8.75010204         -8.75010204
  37.263         -7.24844694         -7.24844694         -8.83211708         -8.83211708         -8.83211708
  37.316         -6.70194864         -6.70194864         -8.90768814         -8.90768814         -8.90768814
  37.370         -6.20776749         -6.20776749         -8.97424316         -8.97424316         -8.97424316
  37.424         -5.77454996         -5.77454996         -9.02957535         -9.02957535         -9.02957535
  37.478         -5.41140556         -5.41140556         -9.07187557         -9.07187557         -9.07187557
  37.531         -5.12736273         -5.12736273         -9.09973240         -9.09973240         -9.09973240
  37.585         -4.93048239         -4.93048239         -9.11210728         -9.11210728         -9.11210728
  37.639         -4.82689667         -4.82689667         -9.10829067         -9.10829067         -9.10829067
  37.693         -4.82000303         -4.82000303         -9.08786678         -9.08786678         -9.08786678
  37.747         -4.91002703         -4.91002703         -9.05068970         -9.05068970         -9.05068970
  37.800         -5.09398651         -5.09398651         -8.99687004         -8.99687004         -8.99687004
  37.854         -5.36607599         -5.36607599         -8.92678547         -8.92678547         -8.92678547
  37.908         -5.71844196         -5.71844196         -8.84110260         -8.84110260         -8.84110260
  37.962         -6.14213991         -6.14213991         -8.74081516         -8.74081516         -8.74081516
  38.015         -6.62802124         -6.62802124         -8.62728024         -8.62728024         -8.62728024
  38.069         -7.16736603         -7.16736603         -8.50225163         -8.50225163         -8.50225163
  38.123         -7.75193262         -7.75193262         -8.36788273         -8.36788273         -8.36788273
  38.177         -8.37335682         -8.37335682         -8.22670078         -8.22670078         -8.22670078
  38.230         -9.02198601         -9.02198601         -8.08153915         -8.08153915         -8.08153915
  38.284         -9.68546009         -9.68546009         -7.93544769         -7.93544769         -7.93544769
  38.338        -10.34771633        -10.34771633         -7.79159021         -7.79159021         -7.79159021
  38.392        -10.98875332        -10.98875332         -7.65314007         -7.65314007         -7.65314007
  38.446        -11.58561230        -11.58561230         -7.52318811         -7.52318811         -7.52318811
  38.499        -12.11424160        -12.11424160         -7.40465593         -7.40465593         -7.40465593
  38.553        -12.55183697        -12.55183697         -7.30021000         -7.30021000         -7.30021000
  38.607        -12.87898159        -12.87898159         -7.21216917         -7.21216917         -7.21216917
  38.661        -13.08112335        -13.08112335         -7.14240217         -7.14240217         -7.14240217
