  -3.4015070392E+001   1.7580870368E-001
  -3.3860456436E+001   1.7601050568E-001
  -3.3705842479E+001   1.7660872106E-001
  -3.3551228523E+001   1.7756707952E-001
  -3.3396614567E+001   1.7884690326E-001
  -3.3242000610E+001   1.8044454633E-001
  -3.3087386654E+001   1.8245114288E-001
  -3.2932772698E+001   1.8514930749E-001
  -3.2778158741E+001   1.8918467694E-001
  -3.2623544785E+001   1.9590638758E-001
  -3.2468930829E+001   2.0807479062E-001
  -3.2314316872E+001   2.3121292676E-001
  -3.2159702916E+001   2.7573281099E-001
  -3.2005088960E+001   3.5981417895E-001
  -3.1850475003E+001   5.1527631057E-001
  -3.1695861047E+001   8.0335905183E-001
  -3.1541247091E+001   1.3204607193E+000
  -3.1386633134E+001   2.0632352633E+000
  -3.1232019178E+001   2.6363448625E+000
  -3.1077405222E+001   2.5044267801E+000
  -3.0922791265E+001   1.8050419614E+000
  -3.0768177309E+001   1.1175347500E+000
  -3.0613563353E+001   6.8703005268E-001
  -3.0458949396E+001   4.5269171033E-001
  -3.0304335440E+001   3.2592680218E-001
  -3.0149721484E+001   2.5771600254E-001
  -2.9995107527E+001   2.2190686837E-001
  -2.9840493571E+001   2.0330678673E-001
  -2.9685879615E+001   1.9341178609E-001
  -2.9531265658E+001   1.8781890233E-001
  -2.9376651702E+001   1.8435097005E-001
  -2.9222037746E+001   1.8194841275E-001
  -2.9067423789E+001   1.8011314551E-001
  -2.8912809833E+001   1.7864052843E-001
  -2.8758195877E+001   1.7747942893E-001
  -2.8603581920E+001   1.7665051392E-001
  -2.8448967964E+001   1.7619485829E-001
  -2.8294354008E+001   1.7614271320E-001
  -2.8139740052E+001   1.7649879470E-001
  -2.7985126095E+001   1.7724038266E-001
  -2.7830512139E+001   1.7832736930E-001
  -2.7675898183E+001   1.7972761772E-001
  -2.7521284226E+001   1.8146104229E-001
  -2.7366670270E+001   1.8366925662E-001
  -2.7212056314E+001   1.8673121591E-001
  -2.7057442357E+001   1.9147632332E-001
  -2.6902828401E+001   1.9961940093E-001
  -2.6748214445E+001   2.1465268461E-001
  -2.6593600488E+001   2.4345773202E-001
  -2.6438986532E+001   2.9866352387E-001
  -2.6284372576E+001   4.0201324080E-001
  -2.6129758619E+001   5.9277863825E-001
  -2.5975144663E+001   9.4618621712E-001
  -2.5820530707E+001   1.5528709819E+000
  -2.5665916750E+001   2.3055681859E+000
  -2.5511302794E+001   2.6831028614E+000
  -2.5356688838E+001   2.3055976187E+000
  -2.5202074881E+001   1.5529298198E+000
  -2.5047460925E+001   9.4627439999E-001
  -2.4892846969E+001   5.9289606608E-001
  -2.4738233012E+001   4.0215976711E-001
  -2.4583619056E+001   2.9883895184E-001
  -2.4429005100E+001   2.4366181353E-001
  -2.4274391143E+001   2.1488512086E-001
  -2.4119777187E+001   1.9987984336E-001
  -2.3965163231E+001   1.9176437362E-001
  -2.3810549274E+001   1.8704642523E-001
  -2.3655935318E+001   1.8401112430E-001
  -2.3501321362E+001   1.8182901446E-001
  -2.3346707405E+001   1.8012108564E-001
  -2.3192093449E+001   1.7874566771E-001
  -2.3037479493E+001   1.7768278799E-001
  -2.2882865536E+001   1.7696452285E-001
  -2.2728251580E+001   1.7663091709E-001
  -2.2573637624E+001   1.7670462520E-001
  -2.2419023667E+001   1.7718086288E-001
  -2.2264409711E+001   1.7802930806E-001
  -2.2109795755E+001   1.7920881275E-001
  -2.1955181798E+001   1.8069863552E-001
  -2.1800567842E+001   1.8254983372E-001
  -2.1645953886E+001   1.8496697225E-001
  -2.1491339929E+001   1.8844806276E-001
  -2.1336725973E+001   1.9405261208E-001
  -2.1182112017E+001   2.0395772248E-001
  -2.1027498060E+001   2.2256630516E-001
  -2.0872884104E+001   2.5838229063E-001
  -2.0718270148E+001   3.2659825682E-001
  -2.0563656191E+001   4.5336660263E-001
  -2.0409042235E+001   6.8770658222E-001
  -2.0254428279E+001   1.1182109727E+000
  -2.0099814323E+001   1.8057155465E+000
  -1.9945200366E+001   2.5050944941E+000
  -1.9790586410E+001   2.6370021322E+000
  -1.9635972454E+001   2.0638764592E+000
  -1.9481358497E+001   1.3210799939E+000
  -1.9326744541E+001   8.0395080845E-001
  -1.9172130585E+001   5.1583503761E-001
  -1.9017516628E+001   3.6033415667E-001
  -1.8862902672E+001   2.7620796569E-001
  -1.8708288716E+001   2.3163672760E-001
  -1.8553674759E+001   2.0844011403E-001
  -1.8399060803E+001   1.9620537748E-001
  -1.8244446847E+001   1.8940862574E-001
  -1.8089832890E+001   1.8528855035E-001
  -1.7935218934E+001   1.8249494933E-001
  -1.7780604978E+001   1.8038100337E-001
  -1.7625991021E+001   1.7866279378E-001
  -1.7471377065E+001   1.7724776566E-001
  -1.7316763109E+001   1.7613804544E-001
  -1.7162149152E+001   1.7537072469E-001
  -1.7007535196E+001   1.7498046718E-001
  -1.6852921240E+001   1.7497974077E-001
  -1.6698307283E+001   1.7535308178E-001
  -1.6543693327E+001   1.7606301483E-001
  -1.6389079371E+001   1.7707000112E-001
  -1.6234465414E+001   1.7837000706E-001
  -1.6079851458E+001   1.8005439027E-001
  -1.5925237502E+001   1.8240675304E-001
  -1.5770623545E+001   1.8607468612E-001
  -1.5616009589E+001   1.9241055442E-001
  -1.5461395633E+001   2.0417964799E-001
  -1.5306781676E+001   2.2691207300E-001
  -1.5152167720E+001   2.7102900071E-001
  -1.4997553764E+001   3.5472045234E-001
  -1.4842939807E+001   5.0981558166E-001
  -1.4688325851E+001   7.9756206955E-001
  -1.4533711895E+001   1.3143569108E+000
  -1.4379097938E+001   2.0568209198E+000
  -1.4224483982E+001   2.6295318281E+000
  -1.4069870026E+001   2.4970289239E+000
  -1.3915256069E+001   1.7968435830E+000
  -1.3760642113E+001   1.1083780078E+000
  -1.3606028157E+001   6.7683759381E-001
  -1.3451414200E+001   4.4144065108E-001
  -1.3296800244E+001   3.1362868252E-001
  -1.3142186288E+001   2.4441180089E-001
  -1.2987572331E+001   2.0766351249E-001
  -1.2832958375E+001   1.8821204904E-001
  -1.2678344419E+001   1.7757068602E-001
  -1.2523730462E+001   1.7135238885E-001
  -1.2369116506E+001   1.6739543377E-001
  -1.2214502550E+001   1.6465463412E-001
  -1.2059888594E+001   1.6264420853E-001
  -1.1905274637E+001   1.6116892271E-001
  -1.1750660681E+001   1.6018376293E-001
  -1.1596046725E+001   1.5971213587E-001
  -1.1441432768E+001   1.5979447171E-001
  -1.1286818812E+001   1.6045691409E-001
  -1.1132204856E+001   1.6169637559E-001
  -1.0977590899E+001   1.6347825510E-001
  -1.0822976943E+001   1.6574605438E-001
  -1.0668362987E+001   1.6844641538E-001
  -1.0513749030E+001   1.7157318399E-001
  -1.0359135074E+001   1.7523754397E-001
  -1.0204521118E+001   1.7978476754E-001
  -1.0049907161E+001   1.8600901161E-001
  -9.8952932049E+000   1.9559044957E-001
  -9.7406792486E+000   2.1199000525E-001
  -9.5860652923E+000   2.4206509171E-001
  -9.4314513359E+000   2.9843298103E-001
  -9.2768373796E+000   4.0284274852E-001
  -9.1222234233E+000   5.9459040503E-001
  -8.9676094670E+000   9.4893576517E-001
  -8.8129955106E+000   1.5565261925E+000
  -8.6583815543E+000   2.3100350361E+000
  -8.5037675980E+000   2.6881528874E+000
  -8.3491536417E+000   2.3109375882E+000
  -8.1945396853E+000   1.5583719396E+000
  -8.0399257290E+000   9.5178073239E-001
  -7.8853117727E+000   5.9848386939E-001
  -7.7306978164E+000   4.0781919009E-001
  -7.5760838600E+000   3.0450988449E-001
  -7.4214699037E+000   2.4924239679E-001
  -7.2668559474E+000   2.2025163885E-001
  -7.1122419910E+000   2.0490691605E-001
  -6.9576280347E+000   1.9633951962E-001
  -6.8030140784E+000   1.9107856243E-001
  -6.6484001221E+000   1.8743490401E-001
  -6.4937861657E+000   1.8460650347E-001
  -6.3391722094E+000   1.8224145172E-001
  -6.1845582531E+000   1.8022316645E-001
  -6.0299442968E+000   1.7855340565E-001
  -5.8753303404E+000   1.7728174368E-001
  -5.7207163841E+000   1.7646107100E-001
  -5.5661024278E+000   1.7612216737E-001
  -5.4114884714E+000   1.7626381214E-001
  -5.2568745151E+000   1.7685496031E-001
  -5.1022605588E+000   1.7784978381E-001
  -4.9476466025E+000   1.7921929639E-001
  -4.7930326461E+000   1.8100325493E-001
  -4.6384186898E+000   1.8339255225E-001
  -4.4838047335E+000   1.8687005658E-001
  -4.3291907772E+000   1.9247974449E-001
  -4.1745768208E+000   2.0238387242E-001
  -4.0199628645E+000   2.2097183332E-001
  -3.8653489082E+000   2.5673504965E-001
  -3.7107349518E+000   3.2485299343E-001
  -3.5561209955E+000   4.5146063637E-001
  -3.4015070392E+000   6.8554380944E-001
  -3.2468930829E+000   1.1156223325E+000
  -3.0922791265E+000   1.8024533232E+000
  -2.9376651702E+000   2.5010477802E+000
  -2.7830512139E+000   2.6324640417E+000
  -2.6284372576E+000   2.0592065070E+000
  -2.4738233012E+000   1.3162072733E+000
  -2.3192093449E+000   7.9854416021E-001
  -2.1645953886E+000   5.0962228362E-001
  -2.0099814323E+000   3.5315208809E-001
  -1.8553674759E+000   2.6795929073E-001
  -1.7007535196E+000   2.2226583208E-001
  -1.5461395633E+000   1.9792290877E-001
  -1.3915256069E+000   1.8454381239E-001
  -1.2369116506E+000   1.7662863855E-001
  -1.0822976943E+000   1.7144009086E-001
  -9.2768373796E-001   1.6765211981E-001
  -7.7306978164E-001   1.6464114168E-001
  -6.1845582531E-001   1.6214434012E-001
  -4.6384186898E-001   1.6008732563E-001
  -3.0922791265E-001   1.5848717610E-001
  -1.5461395633E-001   1.5739283490E-001
   0.0000000000E+000   1.5684801772E-001
   1.5461395633E-001   1.5687175056E-001
   3.0922791265E-001   1.5745282329E-001
   4.6384186898E-001   1.5855570820E-001
   6.1845582531E-001   1.6014029024E-001
   7.7306978164E-001   1.6219904144E-001
   9.2768373796E-001   1.6481645846E-001
   1.0822976943E+000   1.6826560295E-001
   1.2369116506E+000   1.7317983478E-001
   1.3915256069E+000   1.8089377744E-001
   1.5461395633E+000   1.9415108857E-001
   1.7007535196E+000   2.1845402497E-001
   1.8553674759E+000   2.6418455149E-001
   2.0099814323E+000   3.4947596885E-001
   2.1645953886E+000   5.0607868957E-001
   2.3192093449E+000   7.9513137752E-001
   2.4738233012E+000   1.3128943707E+000
   2.6284372576E+000   2.0559727839E+000
   2.7830512139E+000   2.6293635334E+000
   2.9376651702E+000   2.4982193707E+000
   3.0922791265E+000   1.8000361251E+000
   3.2468930829E+000   1.1136800545E+000
   3.4015070392E+000   6.8408131547E-001
   3.5561209955E+000   4.5047638992E-001
   3.7107349518E+000   3.2436400198E-001
   3.8653489082E+000   2.5677628506E-001
   4.0199628645E+000   2.2158681402E-001
   4.1745768208E+000   2.0361448956E-001
   4.3291907772E+000   1.9435861836E-001
   4.4838047335E+000   1.8941593540E-001
   4.6384186898E+000   1.8660796675E-001
   4.7930326461E+000   1.8487368960E-001
   4.9476466025E+000   1.8371350511E-001
   5.1022605588E+000   1.8292102294E-001
   5.2568745151E+000   1.8244287221E-001
   5.4114884714E+000   1.8229664827E-001
   5.5661024278E+000   1.8251907987E-001
   5.7207163841E+000   1.8313430062E-001
   5.8753303404E+000   1.8413864285E-001
   6.0299442968E+000   1.8549832794E-001
   6.1845582531E+000   1.8715930717E-001
   6.3391722094E+000   1.8907272858E-001
   6.4937861657E+000   1.9123952973E-001
   6.6484001221E+000   1.9378103586E-001
   6.8030140784E+000   1.9705591917E-001
   6.9576280347E+000   2.0187482344E-001
   7.1122419910E+000   2.0993698215E-001
   7.2668559474E+000   2.2472425579E-001
   7.4214699037E+000   2.5311598845E-001
   7.5760838600E+000   3.0775073669E-001
   7.7306978164E+000   4.1039411754E-001
   7.8853117727E+000   6.0034243371E-001
   8.0399257290E+000   9.5281506907E-001
   8.1945396853E+000   1.5583852157E+000
   8.3491536417E+000   2.3098113428E+000
   8.5037675980E+000   2.6862277557E+000
   8.6583815543E+000   2.3079283137E+000
   8.8129955106E+000   1.5543769286E+000
   8.9676094670E+000   9.4637062112E-001
   9.1222234233E+000   5.9121497482E-001
   9.2768373796E+000   3.9842390548E-001
   9.4314513359E+000   2.9285754274E-001
   9.5860652923E+000   2.3529577961E-001
   9.7406792486E+000   2.0403990156E-001
   9.8952932049E+000   1.8650365573E-001
   1.0049907161E+001   1.7584831276E-001
   1.0204521118E+001   1.6862610607E-001
   1.0359135074E+001   1.6316793657E-001
   1.0513749030E+001   1.5868918388E-001
   1.0668362987E+001   1.5485203573E-001
   1.0822976943E+001   1.5155031145E-001
   1.0977590899E+001   1.4879284569E-001
   1.1132204856E+001   1.4663385567E-001
   1.1286818812E+001   1.4512948069E-001
   1.1441432768E+001   1.4431324526E-001
   1.1596046725E+001   1.4418673084E-001
   1.1750660681E+001   1.4472190756E-001
   1.1905274637E+001   1.4587591378E-001
   1.2059888594E+001   1.4762204735E-001
   1.2214502550E+001   1.5000080081E-001
   1.2369116506E+001   1.5320142856E-001
   1.2523730462E+001   1.5770236384E-001
   1.2678344419E+001   1.6454058633E-001
   1.2832958375E+001   1.7586947727E-001
   1.2987572331E+001   1.9606786425E-001
   1.3142186288E+001   2.3361334502E-001
   1.3296800244E+001   3.0366529388E-001
   1.3451414200E+001   4.3233326466E-001
   1.3606028157E+001   6.6858761360E-001
   1.3760642113E+001   1.1009622224E+000
   1.3915256069E+001   1.7901900251E+000
   1.4069870026E+001   2.4909833233E+000
   1.4224483982E+001   2.6238773540E+000
   1.4379097938E+001   2.0513716257E+000
   1.4533711895E+001   1.3090317970E+000
   1.4688325851E+001   7.9236903399E-001
   1.4842939807E+001   5.0479477930E-001
   1.4997553764E+001   3.4991089528E-001
   1.5152167720E+001   2.6646072606E-001
   1.5306781676E+001   2.2260545406E-001
   1.5461395633E+001   2.0014552212E-001
   1.5616009589E+001   1.8865140574E-001
   1.5770623545E+001   1.8258661506E-001
   1.5925237502E+001   1.7918143053E-001
   1.6079851458E+001   1.7708058370E-001
   1.6234465414E+001   1.7563467472E-001
   1.6389079371E+001   1.7455909081E-001
   1.6543693327E+001   1.7376207854E-001
   1.6698307283E+001   1.7324776161E-001
   1.6852921240E+001   1.7305614483E-001
   1.7007535196E+001   1.7322544278E-001
   1.7162149152E+001   1.7377203709E-001
   1.7316763109E+001   1.7468447430E-001
   1.7471377065E+001   1.7592913268E-001
   1.7625991021E+001   1.7746993513E-001
   1.7780604978E+001   1.7930570004E-001
   1.7935218934E+001   1.8152982879E-001
   1.8089832890E+001   1.8442697554E-001
   1.8244446847E+001   1.8864458945E-001
   1.8399060803E+001   1.9553341715E-001
   1.8553674759E+001   2.0785524784E-001
   1.8708288716E+001   2.3113438667E-001
   1.8862902672E+001   2.7578387809E-001
   1.9017516628E+001   3.5998416834E-001
   1.9172130585E+001   5.1555494864E-001
   1.9326744541E+001   8.0373629078E-001
   1.9481358497E+001   1.3209262913E+000
   1.9635972454E+001   2.0637774784E+000
   1.9790586410E+001   2.6369498474E+000
   1.9945200366E+001   2.5050804388E+000
   2.0099814323E+001   1.8057335810E+000
   2.0254428279E+001   1.1182582768E+000
   2.0409042235E+001   6.8778232938E-001
   2.0563656191E+001   4.5347042606E-001
   2.0718270148E+001   3.2672964031E-001
   2.0872884104E+001   2.5854048812E-001
   2.1027498060E+001   2.2275035294E-001
   2.1182112017E+001   2.0416646645E-001
   2.1336725973E+001   1.9428475689E-001
   2.1491339929E+001   1.8870222745E-001
   2.1645953886E+001   1.8524173603E-001
   2.1800567842E+001   1.8284376800E-001
   2.1955181798E+001   1.8101032518E-001
   2.2109795755E+001   1.7953687038E-001
   2.2264409711E+001   1.7837238363E-001
   2.2419023667E+001   1.7753765013E-001
   2.2573637624E+001   1.7707386530E-001
   2.2728251580E+001   1.7701140015E-001
   2.2882865536E+001   1.7735508775E-001
   2.3037479493E+001   1.7808232107E-001
   2.3192093449E+001   1.7915310081E-001
   2.3346707405E+001   1.8053539364E-001
   2.3501321362E+001   1.8224921284E-001
   2.3655935318E+001   1.8443626686E-001
   2.3810549274E+001   1.8747560206E-001
   2.3965163231E+001   1.9219670964E-001
   2.4119777187E+001   2.0031449732E-001
   2.4274391143E+001   2.1532128470E-001
   2.4429005100E+001   2.4409871174E-001
   2.4583619056E+001   2.9927584049E-001
   2.4738233012E+001   4.0259593242E-001
   2.4892846969E+001   5.9333082287E-001
   2.5047460925E+001   9.4670709099E-001
   2.5202074881E+001   1.5533598166E+000
   2.5356688838E+001   2.3060243242E+000
   2.5511302794E+001   2.6835257137E+000
   2.5665916750E+001   2.3059866605E+000
   2.5820530707E+001   1.5532845928E+000
   2.5975144663E+001   9.4659451483E-001
   2.6129758619E+001   5.9318120739E-001
   2.6284372576E+001   4.0240969672E-001
   2.6438986532E+001   2.9905351023E-001
   2.6593600488E+001   2.4384091931E-001
   2.6748214445E+001   2.1502876933E-001
   2.6902828401E+001   1.9998810527E-001
   2.7057442357E+001   1.9183739475E-001
   2.7212056314E+001   1.8708442674E-001
   2.7366670270E+001   1.8401440342E-001
   2.7521284226E+001   1.8179794524E-001
   2.7675898183E+001   1.8005611977E-001
   2.7830512139E+001   1.7864733537E-001
   2.7985126095E+001   1.7755169871E-001
   2.8139740052E+001   1.7680136685E-001
   2.8294354008E+001   1.7643646671E-001
   2.8448967964E+001   1.7647973655E-001
   2.8603581920E+001   1.7692647751E-001
   2.8758195877E+001   1.7774645451E-001
   2.8912809833E+001   1.7889860775E-001
   2.9067423789E+001   1.8036228434E-001
   2.9222037746E+001   1.8218862986E-001
   2.9376651702E+001   1.8458229615E-001
   2.9531265658E+001   1.8804137904E-001
   2.9685879615E+001   1.9362546492E-001
   2.9840493571E+001   2.0351172805E-001
   2.9995107527E+001   2.2210314038E-001
   3.0149721484E+001   2.5790368033E-001
   3.0304335440E+001   3.2610596670E-001
   3.0458949396E+001   4.5286244749E-001
   3.0613563353E+001   6.8719245236E-001
   3.0768177309E+001   1.1176889052E+000
   3.0922791265E+001   1.8051879673E+000
   3.1077405222E+001   2.5045647332E+000
   3.1232019178E+001   2.6364748600E+000
   3.1386633134E+001   2.0633574020E+000
   3.1541247091E+001   1.3205750950E+000
   3.1695861047E+001   8.0346575848E-001
   3.1850475003E+001   5.1537543984E-001
   3.2005088960E+001   3.5990581937E-001
   3.2159702916E+001   2.7581704737E-001
   3.2314316872E+001   2.3128983967E-001
   3.2468930829E+001   2.0814445580E-001
   3.2623544785E+001   1.9596887547E-001
   3.2778158741E+001   1.8924005223E-001
   3.2932772698E+001   1.8519762873E-001
   3.3087386654E+001   1.8249246209E-001
   3.3242000610E+001   1.8047890869E-001
   3.3396614567E+001   1.7887434686E-001
   3.3551228523E+001   1.7758763509E-001
   3.3705842479E+001   1.7662241180E-001
   3.3860456436E+001   1.7601734714E-001
