  -3.4015070392E+001   1.7635645154E-001
  -3.3860456436E+001   1.7656184338E-001
  -3.3705842479E+001   1.7716396134E-001
  -3.3551228523E+001   1.7812648041E-001
  -3.3396614567E+001   1.7941063283E-001
  -3.3242000610E+001   1.8101265273E-001
  -3.3087386654E+001   1.8302353082E-001
  -3.2932772698E+001   1.8572572176E-001
  -3.2778158741E+001   1.8976469282E-001
  -3.2623544785E+001   1.9648940759E-001
  -3.2468930829E+001   2.0866004675E-001
  -3.2314316872E+001   2.3179948707E-001
  -3.2159702916E+001   2.7631958840E-001
  -3.2005088960E+001   3.6039994030E-001
  -3.1850475003E+001   5.1585969419E-001
  -3.1695861047E+001   8.0393864016E-001
  -3.1541247091E+001   1.3210352315E+000
  -3.1386633134E+001   2.0638036485E+000
  -3.1232019178E+001   2.6369057361E+000
  -3.1077405222E+001   2.5049779907E+000
  -3.0922791265E+001   1.8055815895E+000
  -3.0768177309E+001   1.1180616760E+000
  -3.0613563353E+001   6.8754326255E-001
  -3.0458949396E+001   4.5318997520E-001
  -3.0304335440E+001   3.2640886598E-001
  -3.0149721484E+001   2.5818073434E-001
  -2.9995107527E+001   2.2235330795E-001
  -2.9840493571E+001   2.0373415674E-001
  -2.9685879615E+001   1.9381950095E-001
  -2.9531265658E+001   1.8820657644E-001
  -2.9376651702E+001   1.8471842302E-001
  -2.9222037746E+001   1.8229566984E-001
  -2.9067423789E+001   1.8044043212E-001
  -2.8912809833E+001   1.7894825810E-001
  -2.8758195877E+001   1.7776818428E-001
  -2.8603581920E+001   1.7692102068E-001
  -2.8448967964E+001   1.7644795303E-001
  -2.8294354008E+001   1.7637930644E-001
  -2.8139740052E+001   1.7671983116E-001
  -2.7985126095E+001   1.7744680120E-001
  -2.7830512139E+001   1.7852006474E-001
  -2.7675898183E+001   1.7990740665E-001
  -2.7521284226E+001   1.8162863466E-001
  -2.7366670270E+001   1.8382523408E-001
  -2.7212056314E+001   1.8687601708E-001
  -2.7057442357E+001   1.9161023576E-001
  -2.6902828401E+001   1.9974255923E-001
  -2.6748214445E+001   2.1476507350E-001
  -2.6593600488E+001   2.4355919327E-001
  -2.6438986532E+001   2.9875376434E-001
  -2.6284372576E+001   4.0209184145E-001
  -2.6129758619E+001   5.9284508109E-001
  -2.5975144663E+001   9.4623999341E-001
  -2.5820530707E+001   1.5529118035E+000
  -2.5665916750E+001   2.3055959021E+000
  -2.5511302794E+001   2.6831167370E+000
  -2.5356688838E+001   2.3055963632E+000
  -2.5202074881E+001   1.5529127488E+000
  -2.5047460925E+001   9.4624146407E-001
  -2.4892846969E+001   5.9284712857E-001
  -2.4738233012E+001   4.0209452028E-001
  -2.4583619056E+001   2.9875712744E-001
  -2.4429005100E+001   2.4356328990E-001
  -2.4274391143E+001   2.1476994868E-001
  -2.4119777187E+001   1.9974825314E-001
  -2.3965163231E+001   1.9161678219E-001
  -2.3810549274E+001   1.8688344075E-001
  -2.3655935318E+001   1.8383354742E-001
  -2.3501321362E+001   1.8163783420E-001
  -2.3346707405E+001   1.7991746905E-001
  -2.3192093449E+001   1.7853094272E-001
  -2.3037479493E+001   1.7745841905E-001
  -2.2882865536E+001   1.7673207986E-001
  -2.2728251580E+001   1.7639203833E-001
  -2.2573637624E+001   1.7646097626E-001
  -2.2419023667E+001   1.7693409355E-001
  -2.2264409711E+001   1.7778100956E-001
  -2.2109795755E+001   1.7896047772E-001
  -2.1955181798E+001   1.8045162264E-001
  -2.1800567842E+001   1.8230533863E-001
  -2.1645953886E+001   1.8472600544E-001
  -2.1491339929E+001   1.8821143450E-001
  -2.1336725973E+001   1.9382092409E-001
  -2.1182112017E+001   2.0373136550E-001
  -2.1027498060E+001   2.2234546156E-001
  -2.0872884104E+001   2.5816694023E-001
  -2.0718270148E+001   3.2638818355E-001
  -2.0563656191E+001   4.5316140491E-001
  -2.0409042235E+001   6.8750571693E-001
  -2.0254428279E+001   1.1180139064E+000
  -2.0099814323E+001   1.8055219432E+000
  -1.9945200366E+001   2.5049038954E+000
  -1.9790586410E+001   2.6368132640E+000
  -1.9635972454E+001   2.0636877981E+000
  -1.9481358497E+001   1.3208907615E+000
  -1.9326744541E+001   8.0376053725E-001
  -1.9172130585E+001   5.1564300772E-001
  -1.9017516628E+001   3.6013949190E-001
  -1.8862902672E+001   2.7600982840E-001
  -1.8708288716E+001   2.3143439391E-001
  -1.8553674759E+001   2.0823299466E-001
  -1.8399060803E+001   1.9599303063E-001
  -1.8244446847E+001   1.8919077006E-001
  -1.8089832890E+001   1.8506507601E-001
  -1.7935218934E+001   1.8226592514E-001
  -1.7780604978E+001   1.8014667856E-001
  -1.7625991021E+001   1.7842359375E-001
  -1.7471377065E+001   1.7700428081E-001
  -1.7316763109E+001   1.7589101296E-001
  -1.7162149152E+001   1.7512100361E-001
  -1.7007535196E+001   1.7472900775E-001
  -1.6852921240E+001   1.7472754987E-001
  -1.6698307283E+001   1.7510118646E-001
  -1.6543693327E+001   1.7581242611E-001
  -1.6389079371E+001   1.7682168027E-001
  -1.6234465414E+001   1.7812483611E-001
  -1.6079851458E+001   1.7981314816E-001
  -1.5925237502E+001   1.8217009786E-001
  -1.5770623545E+001   1.8584314333E-001
  -1.5616009589E+001   1.9218451024E-001
  -1.5461395633E+001   2.0395934689E-001
  -1.5306781676E+001   2.2669761890E-001
  -1.5152167720E+001   2.7082036290E-001
  -1.4997553764E+001   3.5451748024E-001
  -1.4842939807E+001   5.0961804102E-001
  -1.4688325851E+001   7.9736974738E-001
  -1.4533711895E+001   1.3141698799E+000
  -1.4379097938E+001   2.0566398135E+000
  -1.4224483982E+001   2.6293575333E+000
  -1.4069870026E+001   2.4968621767E+000
  -1.3915256069E+001   1.7966855424E+000
  -1.3760642113E+001   1.1082302842E+000
  -1.3606028157E+001   6.7670135341E-001
  -1.3451414200E+001   4.4131636816E-001
  -1.3296800244E+001   3.1351639723E-001
  -1.3142186288E+001   2.4431128418E-001
  -1.2987572331E+001   2.0757432719E-001
  -1.2832958375E+001   1.8813359198E-001
  -1.2678344419E+001   1.7750222291E-001
  -1.2523730462E+001   1.7129308010E-001
  -1.2369116506E+001   1.6734435655E-001
  -1.2214502550E+001   1.6461080653E-001
  -1.2059888594E+001   1.6260661732E-001
  -1.1905274637E+001   1.6113655228E-001
  -1.1750660681E+001   1.6015562221E-001
  -1.1596046725E+001   1.5968728088E-001
  -1.1441432768E+001   1.5977202346E-001
  -1.1286818812E+001   1.6043607328E-001
  -1.1132204856E+001   1.6167643643E-001
  -1.0977590899E+001   1.6345862093E-001
  -1.0822976943E+001   1.6572625686E-001
  -1.0668362987E+001   1.6842613771E-001
  -1.0513749030E+001   1.7155228655E-001
  -1.0359135074E+001   1.7521608858E-001
  -1.0204521118E+001   1.7976303524E-001
  -1.0049907161E+001   1.8598750870E-001
  -9.8952932049E+000   1.9556989749E-001
  -9.7406792486E+000   2.1197130808E-001
  -9.5860652923E+000   2.4204926945E-001
  -9.4314513359E+000   2.9842105131E-001
  -9.2768373796E+000   4.0283555265E-001
  -9.1222234233E+000   5.9458841521E-001
  -8.9676094670E+000   9.4893898056E-001
  -8.8129955106E+000   1.5565344173E+000
  -8.6583815543E+000   2.3100489304E+000
  -8.5037675980E+000   2.6881750134E+000
  -8.3491536417E+000   2.3109712870E+000
  -8.1945396853E+000   1.5584187260E+000
  -8.0399257290E+000   9.5183976805E-001
  -7.8853117727E+000   5.9855350274E-001
  -7.7306978164E+000   4.0789815150E-001
  -7.5760838600E+000   3.0459759375E-001
  -7.4214699037E+000   2.4933888111E-001
  -7.2668559474E+000   2.2035732635E-001
  -7.1122419910E+000   2.0502241942E-001
  -6.9576280347E+000   1.9646547736E-001
  -6.8030140784E+000   1.9121554361E-001
  -6.6484001221E+000   1.8758335290E-001
  -6.4937861657E+000   1.8476670495E-001
  -6.3391722094E+000   1.8241351070E-001
  -6.1845582531E+000   1.8040700063E-001
  -6.0299442968E+000   1.7874875182E-001
  -5.8753303404E+000   1.7748817695E-001
  -5.7207163841E+000   1.7667803614E-001
  -5.5661024278E+000   1.7634902105E-001
  -5.4114884714E+000   1.7649987572E-001
  -5.2568745151E+000   1.7709958179E-001
  -5.1022605588E+000   1.7810240524E-001
  -4.9476466025E+000   1.7947952001E-001
  -4.7930326461E+000   1.8127089881E-001
  -4.6384186898E+000   1.8366768520E-001
  -4.4838047335E+000   1.8715300486E-001
  -4.3291907772E+000   1.9277106559E-001
  -4.1745768208E+000   2.0268428190E-001
  -4.0199628645E+000   2.2128203410E-001
  -3.8653489082E+000   2.5705536112E-001
  -3.7107349518E+000   3.2518268287E-001
  -3.5561209955E+000   4.5179698527E-001
  -3.4015070392E+000   6.8588102042E-001
  -3.2468930829E+000   1.1159505138E+000
  -3.0922791265E+000   1.8027603088E+000
  -2.9376651702E+000   2.5013296093E+000
  -2.7830512139E+000   2.6327351635E+000
  -2.6284372576E+000   2.0594858697E+000
  -2.4738233012E+000   1.3164973432E+000
  -2.3192093449E+000   7.9883465760E-001
  -2.1645953886E+000   5.0990288102E-001
  -2.0099814323E+000   3.5341660554E-001
  -1.8553674759E+000   2.6820506519E-001
  -1.7007535196E+000   2.2249257678E-001
  -1.5461395633E+000   1.9813172370E-001
  -1.3915256069E+000   1.8473642607E-001
  -1.2369116506E+000   1.7680695275E-001
  -1.0822976943E+000   1.7160596024E-001
  -9.2768373796E-001   1.6780725584E-001
  -7.7306978164E-001   1.6478707385E-001
  -6.1845582531E-001   1.6228241089E-001
  -4.6384186898E-001   1.6021871181E-001
  -3.0922791265E-001   1.5861292824E-001
  -1.5461395633E-001   1.5751392298E-001
   0.0000000000E+000   1.5696537205E-001
   1.5461395633E-001   1.5698628942E-001
   3.0922791265E-001   1.5756546289E-001
   4.6384186898E-001   1.5866735465E-001
   6.1845582531E-001   1.6025181713E-001
   7.7306978164E-001   1.6231125830E-001
   9.2768373796E-001   1.6493007667E-001
   1.0822976943E+000   1.6838120516E-001
   1.2369116506E+000   1.7329785198E-001
   1.3915256069E+000   1.8101447691E-001
   1.5461395633E+000   1.9427458483E-001
   1.7007535196E+000   2.1858034799E-001
   1.8553674759E+000   2.6431383023E-001
   2.0099814323E+000   3.4960877377E-001
   2.1645953886E+000   5.0621653840E-001
   2.3192093449E+000   7.9527748620E-001
   2.4738233012E+000   1.3130544215E+000
   2.6284372576E+000   2.0561528913E+000
   2.7830512139E+000   2.6295622807E+000
   2.9376651702E+000   2.4984249481E+000
   3.0922791265E+000   1.8002395899E+000
   3.2468930829E+000   1.1138837370E+000
   3.4015070392E+000   6.8429171575E-001
   3.5561209955E+000   4.5069792049E-001
   3.7107349518E+000   3.2459854442E-001
   3.8653489082E+000   2.5702415305E-001
   4.0199628645E+000   2.2184746484E-001
   4.1745768208E+000   2.0388703640E-001
   4.3291907772E+000   1.9464217102E-001
   4.4838047335E+000   1.8970977216E-001
   4.6384186898E+000   1.8691159653E-001
   4.7930326461E+000   1.8518686359E-001
   4.9476466025E+000   1.8403620646E-001
   5.1022605588E+000   1.8325344157E-001
   5.2568745151E+000   1.8278536480E-001
   5.4114884714E+000   1.8264968440E-001
   5.5661024278E+000   1.8288317708E-001
   5.7207163841E+000   1.8350995153E-001
   5.8753303404E+000   1.8452623659E-001
   6.0299442968E+000   1.8589806794E-001
   6.1845582531E+000   1.8757112713E-001
   6.3391722094E+000   1.8949621074E-001
   6.4937861657E+000   1.9167383027E-001
   6.6484001221E+000   1.9422482321E-001
   6.8030140784E+000   1.9750732826E-001
   6.9576280347E+000   2.0233142629E-001
   7.1122419910E+000   2.1039578033E-001
   7.2668559474E+000   2.2518173189E-001
   7.4214699037E+000   2.5356831257E-001
   7.5760838600E+000   3.0819426279E-001
   7.7306978164E+000   4.1082623779E-001
   7.8853117727E+000   6.0076281501E-001
   8.0399257290E+000   9.5322749405E-001
   8.1945396853E+000   1.5587985971E+000
   8.3491536417E+000   2.3102322175E+000
   8.5037675980E+000   2.6866438205E+000
   8.6583815543E+000   2.3083132384E+000
   8.8129955106E+000   1.5547191084E+000
   8.9676094670E+000   9.4667785252E-001
   9.1222234233E+000   5.9149780959E-001
   9.2768373796E+000   3.9868798796E-001
   9.4314513359E+000   2.9310450632E-001
   9.5860652923E+000   2.3552500490E-001
   9.7406792486E+000   2.0424969923E-001
   9.8952932049E+000   1.8669208659E-001
   1.0049907161E+001   1.7601365990E-001
   1.0204521118E+001   1.6876706347E-001
   1.0359135074E+001   1.6328364842E-001
   1.0513749030E+001   1.5877923144E-001
   1.0668362987E+001   1.5491640801E-001
   1.0822976943E+001   1.5158936427E-001
   1.0977590899E+001   1.4880724778E-001
   1.1132204856E+001   1.4662452463E-001
   1.1286818812E+001   1.4509751470E-001
   1.1441432768E+001   1.4425985685E-001
   1.1596046725E+001   1.4411318796E-001
   1.1750660681E+001   1.4462948552E-001
   1.1905274637E+001   1.4576585973E-001
   1.2059888594E+001   1.4749555781E-001
   1.2214502550E+001   1.4985901179E-001
   1.2369116506E+001   1.5304541592E-001
   1.2523730462E+001   1.5753314974E-001
   1.2678344419E+001   1.6435914735E-001
   1.2832958375E+001   1.7567675104E-001
   1.2987572331E+001   1.9586475634E-001
   1.3142186288E+001   2.3340074305E-001
   1.3296800244E+001   3.0344409514E-001
   1.3451414200E+001   4.3210441195E-001
   1.3606028157E+001   6.6835214600E-001
   1.3760642113E+001   1.1007214404E+000
   1.3915256069E+001   1.7899458011E+000
   1.4069870026E+001   2.4907379438E+000
   1.4224483982E+001   2.6236326212E+000
   1.4379097938E+001   2.0511287367E+000
   1.4533711895E+001   1.3087918000E+000
   1.4688325851E+001   7.9213247105E-001
   1.4842939807E+001   5.0456148969E-001
   1.4997553764E+001   3.4968034274E-001
   1.5152167720E+001   2.6623226547E-001
   1.5306781676E+001   2.2237843139E-001
   1.5461395633E+001   1.9991931183E-001
   1.5616009589E+001   1.8842543020E-001
   1.5770623545E+001   1.8236035676E-001
   1.5925237502E+001   1.7895444094E-001
   1.6079851458E+001   1.7685248982E-001
   1.6234465414E+001   1.7540518249E-001
   1.6389079371E+001   1.7432798372E-001
   1.6543693327E+001   1.7352921051E-001
   1.6698307283E+001   1.7301304349E-001
   1.6852921240E+001   1.7281952507E-001
   1.7007535196E+001   1.7298688338E-001
   1.7162149152E+001   1.7353148669E-001
   1.7316763109E+001   1.7444184033E-001
   1.7471377065E+001   1.7568425489E-001
   1.7625991021E+001   1.7722256244E-001
   1.7780604978E+001   1.7905547237E-001
   1.7935218934E+001   1.8127626498E-001
   1.8089832890E+001   1.8416946772E-001
   1.8244446847E+001   1.8838240351E-001
   1.8399060803E+001   1.9526569880E-001
   1.8553674759E+001   2.0758103321E-001
   1.8708288716E+001   2.3085261639E-001
   1.8862902672E+001   2.7549341252E-001
   1.9017516628E+001   3.5968380198E-001
   1.9172130585E+001   5.1524343208E-001
   1.9326744541E+001   8.0341240638E-001
   1.9481358497E+001   1.3205890480E+000
   1.9635972454E+001   2.0634262062E+000
   1.9790586410E+001   2.6365836332E+000
   1.9945200366E+001   2.5046976919E+000
   2.0099814323E+001   1.8053330284E+000
   2.0254428279E+001   1.1178395281E+000
   2.0409042235E+001   6.8734517988E-001
   2.0563656191E+001   4.5301453342E-001
   2.0718270148E+001   3.2625470879E-001
   2.0872884104E+001   2.5804641685E-001
   2.1027498060E+001   2.2223727695E-001
   2.1182112017E+001   2.0363476380E-001
   2.1336725973E+001   1.9373505211E-001
   2.1491339929E+001   1.8813539398E-001
   2.1645953886E+001   1.8465889537E-001
   2.1800567842E+001   1.8224628379E-001
   2.1955181798E+001   1.8039979127E-001
   2.2109795755E+001   1.7891509227E-001
   2.2264409711E+001   1.7774135284E-001
   2.2419023667E+001   1.7689951156E-001
   2.2573637624E+001   1.7643087853E-001
   2.2728251580E+001   1.7636589603E-001
   2.2882865536E+001   1.7670942243E-001
   2.3037479493E+001   1.7743882976E-001
   2.3192093449E+001   1.7851405364E-001
   2.3346707405E+001   1.7990295582E-001
   2.3501321362E+001   1.8162541078E-001
   2.3655935318E+001   1.8382296126E-001
   2.3810549274E+001   1.8687446832E-001
   2.3965163231E+001   1.9160922525E-001
   2.4119777187E+001   1.9974193558E-001
   2.4274391143E+001   2.1476471397E-001
   2.4429005100E+001   2.4355899862E-001
   2.4583619056E+001   2.9875365471E-001
   2.4738233012E+001   4.0209175279E-001
   2.4892846969E+001   5.9284496177E-001
   2.5047460925E+001   9.4623980029E-001
   2.5202074881E+001   1.5529114972E+000
   2.5356688838E+001   2.3055954414E+000
   2.5511302794E+001   2.6831160740E+000
   2.5665916750E+001   2.3055954402E+000
   2.5820530707E+001   1.5529114987E+000
   2.5975144663E+001   9.4623981349E-001
   2.6129758619E+001   5.9284500250E-001
   2.6284372576E+001   4.0209184617E-001
   2.6438986532E+001   2.9875383745E-001
   2.6593600488E+001   2.4355932157E-001
   2.6748214445E+001   2.1476524497E-001
   2.6902828401E+001   1.9974276298E-001
   2.7057442357E+001   1.9161046210E-001
   2.7212056314E+001   1.8687625748E-001
   2.7366670270E+001   1.8382548123E-001
   2.7521284226E+001   1.8162888242E-001
   2.7675898183E+001   1.7990764988E-001
   2.7830512139E+001   1.7852029927E-001
   2.7985126095E+001   1.7744702370E-001
   2.8139740052E+001   1.7672003904E-001
   2.8294354008E+001   1.7637949776E-001
   2.8448967964E+001   1.7644812640E-001
   2.8603581920E+001   1.7692117519E-001
   2.8758195877E+001   1.7776831942E-001
   2.8912809833E+001   1.7894837369E-001
   2.9067423789E+001   1.8044052828E-001
   2.9222037746E+001   1.8229574693E-001
   2.9376651702E+001   1.8471848158E-001
   2.9531265658E+001   1.8820661717E-001
   2.9685879615E+001   1.9381952473E-001
   2.9840493571E+001   2.0373416453E-001
   2.9995107527E+001   2.2235330080E-001
   3.0149721484E+001   2.5818071338E-001
   3.0304335440E+001   3.2640883240E-001
   3.0458949396E+001   4.5318993025E-001
   3.0613563353E+001   6.8754320748E-001
   3.0768177309E+001   1.1180616121E+000
   3.0922791265E+001   1.8055815181E+000
   3.1077405222E+001   2.5049779131E+000
   3.1232019178E+001   2.6369056536E+000
   3.1386633134E+001   2.0638035624E+000
   3.1541247091E+001   1.3210351429E+000
   3.1695861047E+001   8.0393855046E-001
   3.1850475003E+001   5.1585960455E-001
   3.2005088960E+001   3.6039985184E-001
   3.2159702916E+001   2.7631950221E-001
   3.2314316872E+001   2.3179940419E-001
   3.2468930829E+001   2.0865996815E-001
   3.2623544785E+001   1.9648933417E-001
   3.2778158741E+001   1.8976462540E-001
   3.2932772698E+001   1.8572566109E-001
   3.3087386654E+001   1.8302347756E-001
   3.3242000610E+001   1.8101260746E-001
   3.3396614567E+001   1.7941059602E-001
   3.3551228523E+001   1.7812645246E-001
   3.3705842479E+001   1.7716394255E-001
   3.3860456436E+001   1.7656183393E-001
